
$orca_hessian_file

$act_atom
  0

$act_coord
  0

$act_energy
      -56.210397

$multiplicity
  1

$hessian
12
                    0                  1                  2                  3                  4        
    0      7.3294946921E-01   1.4610535004E-13  -1.5203575000E-05  -4.1588869290E-01   2.5059288292E-14
    1      1.4610535004E-13   7.3299522328E-01  -2.5038027207E-12  -3.1726466656E-13  -7.2724123042E-02
    2     -1.5203575000E-05  -2.5038027207E-12   2.4964968308E-01   1.3224417172E-01   4.9880984351E-12
    3     -4.1588869290E-01  -3.1726466656E-13   1.3224417172E-01   4.5312917948E-01   2.4610435218E-13
    4      2.5059288292E-14  -7.2724123042E-02   4.9880984351E-12   2.4610435218E-13   6.8488303868E-02
    5      1.9197138671E-01   1.9523515291E-14  -8.3225983497E-02  -1.5305387124E-01   8.4619003428E-13
    6     -1.5851764706E-01   1.4861309286E-01  -6.6123747661E-02  -1.8626416018E-02   3.8359035471E-02
    7      1.4860348870E-01  -3.3011577273E-01   1.1452314214E-01  -2.4687805890E-03   2.1060452117E-03
    8     -9.5978090410E-02   1.6624560545E-01  -8.3214999855E-02   1.0394114557E-02  -1.6459631884E-02
    9     -1.5854312925E-01  -1.4861309286E-01  -6.6105220486E-02  -1.8614070558E-02  -3.8359035471E-02
   10     -1.4860348870E-01  -3.3015532751E-01  -1.1452314215E-01   2.4687805888E-03   2.1297739621E-03
   11     -9.5978092723E-02  -1.6624560544E-01  -8.3208699723E-02   1.0415584954E-02   1.6459631879E-02
                    5                  6                  7                  8                  9        
    0      1.9197138671E-01  -1.5851764706E-01   1.4860348870E-01  -9.5978090410E-02  -1.5854312925E-01
    1      1.9523515291E-14   1.4861309286E-01  -3.3011577273E-01   1.6624560545E-01  -1.4861309286E-01
    2     -8.3225983497E-02  -6.6123747661E-02   1.1452314214E-01  -8.3214999855E-02  -6.6105220486E-02
    3     -1.5305387124E-01  -1.8626416018E-02  -2.4687805890E-03   1.0394114557E-02  -1.8614070558E-02
    4      8.4619003428E-13   3.8359035471E-02   2.1060452117E-03  -1.6459631884E-02  -3.8359035471E-02
    5      7.8003008195E-02  -1.9459588553E-02   7.6508784451E-04   2.6125360352E-03  -1.9457926908E-02
    6     -1.9459588553E-02   1.6467346421E-01  -1.6656257187E-01   7.6523816130E-02   1.2470598869E-02
    7      7.6508784451E-04  -1.6656257187E-01   3.5698981129E-01  -1.3254352048E-01   2.0427863767E-02
    8      2.6125360352E-03   7.6523816130E-02  -1.3254352048E-01   7.7994288356E-02   9.0601597236E-03
    9     -1.9457926908E-02   1.2470598869E-02   2.0427863767E-02   9.0601597236E-03   1.6468660094E-01
   10     -7.6508784621E-04  -2.0409556460E-02  -2.8980083771E-02  -1.7242453084E-02   1.6654426457E-01
   11      2.6104392666E-03   9.0595200829E-03   1.7255290488E-02   2.6081754638E-03   7.6502987678E-02
                   10                 11        
     0     -1.4860348870E-01  -9.5978092723E-02
     1     -3.3015532751E-01  -1.6624560544E-01
     2     -1.1452314215E-01  -8.3208699723E-02
     3      2.4687805888E-03   1.0415584954E-02
     4      2.1297739621E-03   1.6459631879E-02
     5     -7.6508784621E-04   2.6104392666E-03
     6     -2.0409556460E-02   9.0595200829E-03
     7     -2.8980083771E-02   1.7255290488E-02
     8     -1.7242453084E-02   2.6081754638E-03
     9      1.6654426457E-01   7.6502987678E-02
    10      3.5700563732E-01   1.3253068308E-01
    11      1.3253068308E-01   7.7990084993E-02

$vibrational_frequencies
12
    0        0.0000000000000000
    1        0.0000000000000000
    2        0.0000000000000000
    3        0.0000000000000000
    4        0.0000000000000000
    5        0.0000000000000000
    6     1147.4530094263641331
    7     1801.6554745029047808
    8     1801.9686691600547874
    9     3686.6045098612312358
   10     3807.6960926550918884
   11     3807.7852211917070235

$normal_modes
12 12
                    0                  1                  2                  3                  4        
    0      0.0000000000E+00   0.0000000000E+00   0.0000000000E+00   0.0000000000E+00   0.0000000000E+00
    1      0.0000000000E+00   0.0000000000E+00   0.0000000000E+00   0.0000000000E+00   0.0000000000E+00
    2      0.0000000000E+00   0.0000000000E+00   0.0000000000E+00   0.0000000000E+00   0.0000000000E+00
    3      0.0000000000E+00   0.0000000000E+00   0.0000000000E+00   0.0000000000E+00   0.0000000000E+00
    4      0.0000000000E+00   0.0000000000E+00   0.0000000000E+00   0.0000000000E+00   0.0000000000E+00
    5      0.0000000000E+00   0.0000000000E+00   0.0000000000E+00   0.0000000000E+00   0.0000000000E+00
    6      0.0000000000E+00   0.0000000000E+00   0.0000000000E+00   0.0000000000E+00   0.0000000000E+00
    7      0.0000000000E+00   0.0000000000E+00   0.0000000000E+00   0.0000000000E+00   0.0000000000E+00
    8      0.0000000000E+00   0.0000000000E+00   0.0000000000E+00   0.0000000000E+00   0.0000000000E+00
    9      0.0000000000E+00   0.0000000000E+00   0.0000000000E+00   0.0000000000E+00   0.0000000000E+00
   10      0.0000000000E+00   0.0000000000E+00   0.0000000000E+00   0.0000000000E+00   0.0000000000E+00
   11      0.0000000000E+00   0.0000000000E+00   0.0000000000E+00   0.0000000000E+00   0.0000000000E+00
                    5                  6                  7                  8                  9        
    0      0.0000000000E+00  -4.2617240819E-06   2.7291637974E-02  -6.1597270714E-02   6.3790229716E-06
    1      0.0000000000E+00  -9.0574204815E-07   6.1593986936E-02   2.7292143590E-02  -2.4806441861E-05
    2      0.0000000000E+00  -1.1553011984E-01  -4.2030434208E-06   3.8761278676E-06  -3.7630004692E-02
    3      0.0000000000E+00   2.0620672877E-01   5.6730138663E-02  -1.2803647365E-01  -5.5003213254E-01
    4      0.0000000000E+00   7.3068910861E-06  -6.9864119257E-01  -3.0956498773E-01   1.9257047693E-05
    5      0.0000000000E+00   5.3509855525E-01   9.9331609989E-02  -2.2416561787E-01   1.7433271594E-01
    6      0.0000000000E+00  -1.0307105963E-01  -5.7594182053E-01   3.3338223885E-01   2.7488891903E-01
    7      0.0000000000E+00   1.7859956945E-01  -2.3724826690E-01   3.2308770973E-01  -4.7611874031E-01
    8      0.0000000000E+00   5.3514151305E-01   1.4448068437E-01   1.9806876865E-01   1.7420560501E-01
    9      0.0000000000E+00  -1.0307644894E-01   1.3997162918E-01   6.5059964243E-01   2.7505457167E-01
   10      0.0000000000E+00  -1.7859429030E-01   7.9989682670E-02  -3.9276980064E-01   4.7644418944E-01
   11      0.0000000000E+00   5.3514722193E-01  -2.4375388957E-01   2.6042987194E-02   1.7436195258E-01
                   10                 11        
     0      7.9003092529E-02   1.2163007804E-02
     1     -1.2162040283E-02   7.9006804702E-02
     2      2.9327003149E-06  -1.1349452207E-05
     3     -7.5095831741E-01  -1.1578045761E-01
     4     -2.9611554260E-03   1.9133392785E-02
     5      2.8749372464E-01   4.4316076042E-02
     6     -2.2477610172E-01   3.0686181269E-01
     7      4.1953922281E-01  -5.0729142377E-01
     8     -1.8209383714E-01   2.2689730868E-01
     9     -1.2207938747E-01  -3.6009648435E-01
    10     -2.4757638262E-01  -6.0970735936E-01
    11     -1.0544063981E-01  -2.7105567462E-01

#
# The atoms: label  mass x y z (in bohrs)
#
$atoms
4
 N     14.00700     -0.000012649635    -0.000000000000     0.051000195448
 H      1.00800      1.760614422835     0.000000000000    -0.640650504922
 H      1.00800     -0.880300886600     1.524784478012    -0.640589281554
 H      1.00800     -0.880300886600    -1.524784478012    -0.640589281554

$actual_temperature
  0.000000

$frequency_scale_factor
  1.000000

$dipole_derivatives
12
   -3.5919586178E-01   -2.5410023416E-12   -8.5289658891E-06
   -2.3054627462E-13   -3.5920381569E-01    1.2656542481E-12
   -9.7793501859E-06    9.5462004242E-13   -6.8696056034E-01
    6.3008258656E-02   -1.9125050231E-12    8.4733232102E-02
   -2.5410148161E-12    1.7692128976E-01   -1.7763568394E-13
    1.6303166470E-01    1.9768305767E-12    2.2923825283E-01
    1.4836213014E-01    4.9033780281E-02   -4.2247711897E-02
    4.9161477787E-02    9.1487224307E-02    7.3339188799E-02
   -8.1510948611E-02    1.4117801017E-01    2.2924991452E-01
    1.4782547299E-01   -4.9033780276E-02   -4.2476991239E-02
   -4.9161477784E-02    9.0795301618E-02   -7.3339188800E-02
   -8.1510936740E-02   -1.4117801017E-01    2.2847239299E-01

#
# The IR spectrum
#  wavenumber eps Int TX TY TZ
#
$ir_spectrum
12
      0.00   0.00000000   0.00000000     0.000000     0.000000     0.000000
      0.00   0.00000000   0.00000000     0.000000     0.000000     0.000000
      0.00   0.00000000   0.00000000     0.000000     0.000000     0.000000
      0.00   0.00000000   0.00000000     0.000000     0.000000     0.000000
      0.00   0.00000000   0.00000000     0.000000     0.000000     0.000000
      0.00   0.00000000   0.00000000     0.000000     0.000000     0.000000
   1147.45   0.04071720 205.76803277     0.000005     0.000026     0.105231
   1801.66   0.00426881  21.57281081    -0.011024    -0.024857     0.000023
   1801.97   0.00424101  21.43231727     0.024785    -0.010961    -0.000018
   3686.60   0.00000640   0.03231834    -0.000004    -0.000040     0.000735
   3807.70   0.00010439   0.52754121    -0.002887     0.000468     0.000005
   3807.79   0.00010201   0.51550872    -0.000422    -0.002860     0.000034


$end

