
$orca_hessian_file

$act_atom
  0

$act_coord
  0

$act_energy
     -188.199130

$multiplicity
  1

$hessian
9
                    0                  1                  2                  3                  4        
    0      1.4284028797E-01  -6.7797642365E-11  -1.6977429350E-10  -7.1353354899E-02   6.3066692329E-10
    1     -6.7797642365E-11   1.4284028748E-01  -2.1917837692E-10  -3.6493804508E-10  -7.1353354643E-02
    2     -1.6977429350E-10  -2.1917837692E-10   1.9918908626E+00  -5.4224999280E-10   1.0223952678E-09
    3     -7.1353354899E-02  -3.6493804508E-10  -5.4224999280E-10   3.5687811438E-02  -1.2642317263E-10
    4      6.3066692329E-10  -7.1353354643E-02   1.0223952678E-09  -1.2642317263E-10   3.5687811307E-02
    5     -3.9992423551E-10   7.1122263108E-10  -9.9613855966E-01   6.3633546508E-10  -1.1036582691E-09
    6     -7.1486933076E-02   4.3273568747E-10   7.0792098347E-10   3.5665543461E-02  -5.0424375056E-10
    7     -5.6286928095E-10  -7.1486932833E-02  -7.9753031806E-10   4.9136121761E-10   3.5665543336E-02
    8      5.7380183184E-10  -4.9773082697E-10  -9.9575230295E-01  -8.2331760849E-11   6.9217387534E-11
                    5                  6                  7                  8        
     0     -3.9992423551E-10  -7.1486933076E-02  -5.6286928095E-10   5.7380183184E-10
     1      7.1122263108E-10   4.3273568747E-10  -7.1486932833E-02  -4.9773082697E-10
     2     -9.9613855966E-01   7.0792098347E-10  -7.9753031806E-10  -9.9575230295E-01
     3      6.3633546508E-10   3.5665543461E-02   4.9136121761E-10  -8.2331760849E-11
     4     -1.1036582691E-09  -5.0424375056E-10   3.5665543336E-02   6.9217387534E-11
     5      1.0427461571E+00  -2.4816494100E-10   4.0448125188E-10  -4.6607597421E-02
     6     -2.4816494100E-10   3.5821389615E-02   7.1508063215E-11  -4.7561305673E-10
     7      4.0448125188E-10   7.1508063215E-11   3.5821389497E-02   4.1078125281E-10
     8     -4.6607597421E-02  -4.7561305673E-10   4.1078125281E-10   1.0423599004E+00

$vibrational_frequencies
9
    0        0.0000000000000000
    1        0.0000000000000000
    2        0.0000000000000000
    3        0.0000000000000000
    4        0.0000000000000000
    5      657.4297608843048693
    6      657.4297620637202044
    7     1341.2316377063439177
    8     2455.0298398538402580

$normal_modes
9 9
                    0                  1                  2                  3                  4        
    0      0.0000000000E+00   0.0000000000E+00   0.0000000000E+00   0.0000000000E+00   0.0000000000E+00
    1      0.0000000000E+00   0.0000000000E+00   0.0000000000E+00   0.0000000000E+00   0.0000000000E+00
    2      0.0000000000E+00   0.0000000000E+00   0.0000000000E+00   0.0000000000E+00   0.0000000000E+00
    3      0.0000000000E+00   0.0000000000E+00   0.0000000000E+00   0.0000000000E+00   0.0000000000E+00
    4      0.0000000000E+00   0.0000000000E+00   0.0000000000E+00   0.0000000000E+00   0.0000000000E+00
    5      0.0000000000E+00   0.0000000000E+00   0.0000000000E+00   0.0000000000E+00   0.0000000000E+00
    6      0.0000000000E+00   0.0000000000E+00   0.0000000000E+00   0.0000000000E+00   0.0000000000E+00
    7      0.0000000000E+00   0.0000000000E+00   0.0000000000E+00   0.0000000000E+00   0.0000000000E+00
    8      0.0000000000E+00   0.0000000000E+00   0.0000000000E+00   0.0000000000E+00   0.0000000000E+00
                    5                  6                  7                  8        
     0     -1.1789894767E-01   8.7535826238E-01  -1.0998379301E-09   8.1080858097E-11
     1     -8.7535826238E-01  -1.1789894767E-01   1.3667941779E-09   1.0472189707E-10
     2     -1.1445095191E-10   6.6541797698E-11   1.4211101697E-04  -8.8326226925E-01
     3      4.4255399102E-02  -3.2858078909E-01   4.1279047449E-10   2.9662186035E-10
     4      3.2858078909E-01   4.4255399102E-02  -5.1299024264E-10  -4.0896503645E-10
     5      8.2183175492E-10   7.9558628265E-10   7.0705342822E-01   3.3163933882E-01
     6      4.4255399102E-02  -3.2858078909E-01   4.1289571706E-10  -3.5749205140E-10
     7      3.2858078909E-01   4.4255399102E-02  -5.1310919297E-10   3.3034670370E-10
     8     -7.3590948582E-10  -8.4554150062E-10  -7.0716011585E-01   3.3145604939E-01

#
# The atoms: label  mass x y z (in bohrs)
#
$atoms
3
 C     12.01100     -0.000000001453     0.000000001642     0.000000000000
 O     15.99900      0.000000000726    -0.000000000821     2.209016238495
 O     15.99900      0.000000000726    -0.000000000821    -2.209016238495

$actual_temperature
  0.000000

$frequency_scale_factor
  1.000000

$dipole_derivatives
9
    4.7490585997E-01   -7.9941365239E-08   -6.6174113531E-12
    2.4231669613E-09    4.7490585998E-01    3.2471580485E-12
   -1.5858024311E-13   -4.0689692640E-14    2.1344724906E+00
   -2.3698513083E-01   -2.0711216500E-10   -5.8695562798E-10
    3.3120800318E-10   -2.3698513083E-01    7.2100417280E-10
   -4.0462973353E-09    4.5683564326E-09   -1.0669123769E+00
   -2.3792072915E-01    8.0148477404E-08    5.9357303933E-10
   -2.7543749645E-09   -2.3792072915E-01   -7.2425133085E-10
    4.0464559156E-09   -4.5683157429E-09   -1.0675601138E+00

#
# The IR spectrum
#  wavenumber eps Int TX TY TZ
#
$ir_spectrum
9
      0.00   0.00000000   0.00000000     0.000000     0.000000     0.000000
      0.00   0.00000000   0.00000000     0.000000     0.000000     0.000000
      0.00   0.00000000   0.00000000     0.000000     0.000000     0.000000
      0.00   0.00000000   0.00000000     0.000000     0.000000     0.000000
      0.00   0.00000000   0.00000000     0.000000     0.000000     0.000000
    657.43   0.00498202  25.17710407    -0.006491    -0.048194    -0.000000
    657.43   0.00498202  25.17710625     0.048194    -0.006491     0.000000
   1341.23   0.00000001   0.00004668    -0.000000     0.000000     0.000046
   2455.03   0.10064028 508.59470198     0.000000     0.000000    -0.113104


$end

