
$orca_hessian_file

$act_atom
  0

$act_coord
  0

$act_energy
        0.000000

$multiplicity
  1

$hessian
15
                    0                  1                  2                  3                  4        
    0      1.2701491297E-01   2.2917688745E-02   1.3319038280E-01  -1.2214643166E-01  -2.0648756306E-02
    1      2.2917688745E-02   5.8737513031E-02   4.0560240467E-02  -2.0648783084E-02  -6.0629181071E-02
    2      1.3319038280E-01   4.0560240467E-02   2.8748129779E-01  -1.2000338797E-01  -3.6543631222E-02
    3     -1.2214643166E-01  -2.0648783084E-02  -1.2000338797E-01   5.9932233236E-01   1.8228284395E-06
    4     -2.0648756306E-02  -6.0629181071E-02  -3.6543631222E-02   1.8228284395E-06   5.9931443072E-01
    5     -1.2000365540E-01  -3.6543760077E-02  -2.6672588006E-01   1.2777621232E-05  -1.8906550499E-06
    6      3.8066704234E-03   1.5745522926E-02  -1.0413338376E-02  -6.4544893819E-02  -4.0986429571E-02
    7      2.6412972841E-03   6.2124375442E-03  -4.4734609979E-03  -4.0986306646E-02  -2.1897447356E-01
    8      7.5098545378E-03   2.4176825801E-02  -1.7929196659E-02   3.3748620099E-02   1.3556705739E-01
    9      6.4722010319E-03  -1.7445482149E-02  -6.2460425207E-03  -8.1473930718E-02   7.5543075897E-02
   10      3.3440397095E-04  -2.8570014270E-03  -1.1008874586E-03   7.5542833407E-02  -2.6467093930E-01
   11      1.1677398319E-02  -2.7108980994E-02  -1.1526350732E-02   3.6462510848E-02  -1.0152280383E-01
   12     -1.5147352762E-02  -5.6901406308E-04   3.4723071751E-03  -3.3115707616E-01  -1.3909576508E-02
   13     -5.2445660704E-03  -1.4637680773E-03   1.5577102856E-03  -1.3909702847E-02  -5.5039836800E-02
   14     -3.2373901367E-02  -1.0842962704E-03   8.7001296628E-03   4.9779681867E-02   2.5012750329E-03
                    5                  6                  7                  8                  9        
    0     -1.2000365540E-01   3.8066704234E-03   2.6412972841E-03   7.5098545378E-03   6.4722010319E-03
    1     -3.6543760077E-02   1.5745522926E-02   6.2124375442E-03   2.4176825801E-02  -1.7445482149E-02
    2     -2.6672588006E-01  -1.0413338376E-02  -4.4734609979E-03  -1.7929196659E-02  -6.2460425207E-03
    3      1.2777621232E-05  -6.4544893819E-02  -4.0986306646E-02   3.3748620099E-02  -8.1473930718E-02
    4     -1.8906550499E-06  -4.0986429571E-02  -2.1897447356E-01   1.3556705739E-01   7.5543075897E-02
    5      5.9934088029E-01   3.3748654476E-02   1.3556678887E-01  -1.6597461380E-01   3.6462495320E-02
    6      3.3748654476E-02   6.3084710128E-02   4.5490674933E-02  -3.7458521231E-02   1.7359323004E-03
    7      1.3556678887E-01   4.5490674933E-02   2.3448594305E-01  -1.5046442293E-01  -6.7031485119E-03
    8     -1.6597461380E-01  -3.7458521231E-02  -1.5046442293E-01   1.7565813239E-01  -4.5420482137E-03
    9      3.6462495320E-02   1.7359323004E-03  -6.7031485119E-03  -4.5420482137E-03   8.1874188449E-02
   10     -1.0152243475E-01   8.4845602016E-03  -2.1684179220E-02  -1.2330964527E-02  -8.3845190787E-02
   11     -1.0334560385E-01  -8.9269735772E-03   2.0287152274E-02   1.2035543404E-02  -4.0469962382E-02
   12      4.9779525513E-02  -4.0824190321E-03  -4.4265582836E-04   7.4223773507E-04  -8.6083910632E-03
   13      2.5012898974E-03  -2.8734189720E-02  -3.9727818028E-05   3.0514011949E-03   3.2450651997E-02
   14     -6.3294782580E-02   2.3050035781E-02  -9.1595415225E-04  -3.7898653338E-03   1.4795444627E-02
                   10                 11                 12                 13                 14        
    0      3.3440397095E-04   1.1677398319E-02  -1.5147352762E-02  -5.2445660704E-03  -3.2373901367E-02
    1     -2.8570014270E-03  -2.7108980994E-02  -5.6901406308E-04  -1.4637680773E-03  -1.0842962704E-03
    2     -1.1008874586E-03  -1.1526350732E-02   3.4723071751E-03   1.5577102856E-03   8.7001296628E-03
    3      7.5542833407E-02   3.6462510848E-02  -3.3115707616E-01  -1.3909702847E-02   4.9779681867E-02
    4     -2.6467093930E-01  -1.0152280383E-01  -1.3909576508E-02  -5.5039836800E-02   2.5012750329E-03
    5     -1.0152243475E-01  -1.0334560385E-01   4.9779525513E-02   2.5012898974E-03  -6.3294782580E-02
    6      8.4845602016E-03  -8.9269735772E-03  -4.0824190321E-03  -2.8734189720E-02   2.3050035781E-02
    7     -2.1684179220E-02   2.0287152274E-02  -4.4265582836E-04  -3.9727818028E-05  -9.1595415225E-04
    8     -1.2330964527E-02   1.2035543404E-02   7.4223773507E-04   3.0514011949E-03  -3.7898653338E-03
    9     -8.3845190787E-02  -4.0469962382E-02  -8.6083910632E-03   3.2450651997E-02   1.4795444627E-02
   10      2.8520400710E-01   1.1267875477E-01  -5.1651323936E-04   4.0081128371E-03   2.2753903666E-03
   11      1.1267875477E-01   1.0614818974E-01   1.2571399607E-03  -4.3339806174E-03  -3.3117785536E-03
   12     -5.1651323936E-04   1.2571399607E-03   3.5899523902E-01   1.5437783140E-02  -5.5251235646E-02
   13      4.0081128371E-03  -4.3339806174E-03   1.5437783140E-02   5.2535219858E-02  -2.7764178686E-03
   14      2.2753903666E-03  -3.3117785536E-03  -5.5251235646E-02  -2.7764178686E-03   6.1696296804E-02

$vibrational_frequencies
15
    0        0.0000000000000000
    1        0.0000000000000000
    2        0.0000000000000000
    3        0.0000000000000000
    4        0.0000000000000000
    5        0.0000000000000000
    6     1452.9976862503103803
    7     1453.0041360516172517
    8     1453.0259282065894695
    9     1667.5908309142753296
   10     1667.5948962535185274
   11     3150.4760307160563571
   12     3253.5571289100817012
   13     3253.5656039604009493
   14     3253.6046487942030581

$normal_modes
15 15
                    0                  1                  2                  3                  4        
    0      0.0000000000E+00   0.0000000000E+00   0.0000000000E+00   0.0000000000E+00   0.0000000000E+00
    1      0.0000000000E+00   0.0000000000E+00   0.0000000000E+00   0.0000000000E+00   0.0000000000E+00
    2      0.0000000000E+00   0.0000000000E+00   0.0000000000E+00   0.0000000000E+00   0.0000000000E+00
    3      0.0000000000E+00   0.0000000000E+00   0.0000000000E+00   0.0000000000E+00   0.0000000000E+00
    4      0.0000000000E+00   0.0000000000E+00   0.0000000000E+00   0.0000000000E+00   0.0000000000E+00
    5      0.0000000000E+00   0.0000000000E+00   0.0000000000E+00   0.0000000000E+00   0.0000000000E+00
    6      0.0000000000E+00   0.0000000000E+00   0.0000000000E+00   0.0000000000E+00   0.0000000000E+00
    7      0.0000000000E+00   0.0000000000E+00   0.0000000000E+00   0.0000000000E+00   0.0000000000E+00
    8      0.0000000000E+00   0.0000000000E+00   0.0000000000E+00   0.0000000000E+00   0.0000000000E+00
    9      0.0000000000E+00   0.0000000000E+00   0.0000000000E+00   0.0000000000E+00   0.0000000000E+00
   10      0.0000000000E+00   0.0000000000E+00   0.0000000000E+00   0.0000000000E+00   0.0000000000E+00
   11      0.0000000000E+00   0.0000000000E+00   0.0000000000E+00   0.0000000000E+00   0.0000000000E+00
   12      0.0000000000E+00   0.0000000000E+00   0.0000000000E+00   0.0000000000E+00   0.0000000000E+00
   13      0.0000000000E+00   0.0000000000E+00   0.0000000000E+00   0.0000000000E+00   0.0000000000E+00
   14      0.0000000000E+00   0.0000000000E+00   0.0000000000E+00   0.0000000000E+00   0.0000000000E+00
                    5                  6                  7                  8                  9        
    0      0.0000000000E+00   2.7125045106E-01  -4.4933301875E-01  -7.1149964662E-02  -2.5065318394E-01
    1      0.0000000000E+00  -5.3442656853E-01  -2.5104530093E-01  -9.1386601458E-02  -3.7987598595E-01
    2      0.0000000000E+00  -5.1355862172E-02   3.0910021507E-01  -5.1829895821E-02   2.0699172798E-01
    3      0.0000000000E+00  -4.9587629659E-02   1.0048510009E-01  -5.4659639886E-02  -1.7409149760E-06
    4      0.0000000000E+00   1.1226717165E-01   5.4175486275E-02  -2.2543735993E-03  -1.9882683126E-06
    5      0.0000000000E+00   2.1935009822E-02  -5.0116931581E-02  -1.1203018782E-01   1.3617009875E-06
    6      0.0000000000E+00   3.0575513046E-01  -3.9033020883E-01   3.2596252330E-01  -2.1983106652E-01
    7      0.0000000000E+00  -2.8057592633E-01   1.2497281336E-01   2.5660195830E-01  -2.5158491198E-01
    8      0.0000000000E+00  -3.2304609629E-01  -7.6237934668E-02   3.4041563464E-01  -3.7199107349E-01
    9      0.0000000000E+00   3.2627009937E-02  -4.7775442502E-01   3.1895091783E-01   4.4458863226E-01
   10      0.0000000000E+00   3.4118852075E-02  -2.8752055788E-01  -1.3986454037E-01   2.0687491530E-01
   11      0.0000000000E+00   1.7271706712E-01   2.3066576740E-01   4.6993103972E-01  -9.7775722178E-02
   12      0.0000000000E+00  -1.8762532091E-02   1.2006989742E-01   7.7543006334E-02   2.5916362377E-02
   13      0.0000000000E+00  -5.5685544320E-01  -2.3194442046E-01   1.5115657714E-03   4.2460967418E-01
   14      0.0000000000E+00  -5.9685548115E-02   1.3364900103E-01   5.7639848524E-01   2.6275884210E-01
                   10                 11                 12                 13                 14        
    0      3.5775118693E-01   2.4320570259E-01  -3.8991237563E-02  -5.3186383523E-02   4.1445559629E-01
    1     -3.1652522862E-01   7.4063997386E-02   4.0858067240E-03  -5.9838151977E-03   1.2877778028E-01
    2     -1.4767703299E-01   4.3042983884E-01  -4.1454092800E-02  -1.1901432790E-01   7.3148292063E-01
    3      8.8019362265E-07   6.5250790861E-06  -6.1263940723E-02   5.5651572026E-02  -4.0974976599E-02
    4     -1.3920227243E-06   5.3770573775E-06   6.1921735218E-02   6.8517778565E-02   4.7698068373E-04
    5     -1.4114029198E-06   9.1323026606E-06   3.0686036658E-02  -2.7156211262E-02  -8.2767396166E-02
    6     -4.3905696611E-01   9.4366660771E-02  -4.1323992378E-02  -1.3180216336E-01  -8.7776848644E-02
    7      2.0744324580E-01   3.7904923665E-01  -1.0497314486E-01  -5.6013522692E-01  -3.1989433407E-01
    8      1.1918073510E-01  -3.1212079708E-01   1.0261910164E-01   4.6703588065E-01   2.4710144984E-01
    9      1.6933373224E-01   1.5389574671E-01   2.3602914992E-01   1.0004580615E-01  -7.0317280551E-02
   10     -1.5378869191E-01  -4.2847913836E-01  -6.7868507390E-01  -2.3428361081E-01   1.7327866516E-01
   11      4.4461556003E-01  -2.0681631681E-01  -3.2743036561E-01  -1.2501572580E-01   6.7198247457E-02
   12     -8.8038441161E-02  -4.9154586079E-01   5.7428726259E-01  -5.7818328268E-01   2.3188302093E-01
   13      2.6288726162E-01  -2.4698166935E-02   4.1733164324E-02  -1.6032900978E-02   1.2154342006E-02
   14     -4.1610244433E-01   8.8398457505E-02  -9.9379470902E-02   1.0057874990E-01  -5.9553257461E-02

#
# The atoms: label  mass x y z (in bohrs)
#
$atoms
5
 H      1.00800      0.996811662854     0.303552552465     1.764181716922
 C     12.01100      0.000003761803     0.000003488440     0.000006271612
 H      1.00800      0.386688181517     1.553270583313    -1.279034448495
 H      1.00800      0.630573231308    -1.755662408352    -0.847425067906
 H      1.00800     -2.014117900100    -0.101202294537     0.362203068990

$actual_temperature
  0.000000

$frequency_scale_factor
  1.000000

$dipole_derivatives
15
    6.2036906241E-03   -1.7980656491E-02   -1.0448468623E-01
   -1.7978935661E-02    5.9769565507E-02   -3.1817243134E-02
   -1.0448951948E-01   -3.1821760618E-02   -1.1968868893E-01
    7.1673475733E-02    2.7526990634E-07    7.3502607573E-07
    2.7513032300E-07    7.1673176549E-02   -4.5826082254E-08
    7.3542962101E-07   -4.5999193833E-08    7.1674441675E-02
    5.6358069143E-02   -3.5690492861E-02    2.9383698026E-02
   -3.5694723273E-02   -7.8124433680E-02    1.1804539638E-01
    2.9388421114E-02    1.1805037681E-01   -3.1966578842E-02
    4.1614511202E-02    6.5781692270E-02    3.1748196745E-02
    6.5787598077E-02   -1.1792446546E-01   -8.8406405908E-02
    3.1750599528E-02   -8.8405159531E-02    2.2567581222E-02
   -1.7582037266E-01   -1.2112142526E-02    4.3353484217E-02
   -1.2113011485E-02    6.4639052579E-02    2.1784953232E-03
    4.3345331393E-02    2.1779293944E-03    5.7443984503E-02

#
# The IR spectrum
#  wavenumber eps Int TX TY TZ
#
$ir_spectrum
15
      0.00   0.00000000   0.00000000     0.000000     0.000000     0.000000
      0.00   0.00000000   0.00000000     0.000000     0.000000     0.000000
      0.00   0.00000000   0.00000000     0.000000     0.000000     0.000000
      0.00   0.00000000   0.00000000     0.000000     0.000000     0.000000
      0.00   0.00000000   0.00000000     0.000000     0.000000     0.000000
      0.00   0.00000000   0.00000000     0.000000     0.000000     0.000000
   1453.00   0.00232367  11.74285821     0.008885    -0.020116    -0.003930
   1453.00   0.00232360  11.74254178    -0.018005    -0.009707     0.008980
   1453.03   0.00232311  11.74005645     0.009793     0.000404     0.020072
   1667.59   0.00000000   0.00000001     0.000000     0.000000    -0.000001
   1667.59   0.00000000   0.00000001    -0.000000     0.000000     0.000000
   3150.48   0.00000000   0.00000120     0.000003     0.000002     0.000003
   3253.56   0.00859116  43.41621789    -0.019042     0.019247     0.009538
   3253.57   0.00859083  43.41454772     0.017298     0.021296    -0.008440
   3253.60   0.00858946  43.40760194    -0.012734     0.000148    -0.025723


$end

