
$orca_hessian_file

$act_atom
  0

$act_coord
  0

$act_energy
     -188.558524

$multiplicity
  1

$hessian
9
                    0                  1                  2                  3                  4        
    0      1.4383845633E-01   2.1932795300E-07   2.4575229633E-06  -7.1951109613E-02   1.5914973830E-06
    1      2.1932795300E-07   1.4383922483E-01   7.0142035954E-06   1.3678305185E-06  -7.1948032277E-02
    2      2.4575229633E-06   7.0142035954E-06   1.9574650879E+00  -4.8695491501E-07  -3.9918165719E-07
    3     -7.1951109613E-02   1.3678305185E-06  -4.8695491501E-07   3.5442602206E-02  -1.2957520277E-06
    4      1.5914973830E-06  -7.1948032277E-02  -3.9918165719E-07  -1.2957520277E-06   3.5439327660E-02
    5      1.6948195488E-06  -1.3000424947E-05  -9.7860297972E-01   3.7511706981E-06   2.6532935902E-06
    6     -7.1887346719E-02  -1.5871587798E-06  -1.9705686001E-06   3.6508507407E-02  -2.9574548631E-07
    7     -1.8108250277E-06  -7.1891192557E-02  -6.6150231696E-06  -7.2078359859E-08   3.6508704617E-02
    8     -4.1523419603E-06   5.9862225830E-06  -9.7886210819E-01  -3.2642112242E-06  -2.2541194023E-06
                    5                  6                  7                  8        
     0      1.6948195488E-06  -7.1887346719E-02  -1.8108250277E-06  -4.1523419603E-06
     1     -1.3000424947E-05  -1.5871587798E-06  -7.1891192557E-02   5.9862225830E-06
     2     -9.7860297972E-01  -1.9705686001E-06  -6.6150231696E-06  -9.7886210819E-01
     3      3.7511706981E-06   3.6508507407E-02  -7.2078359859E-08  -3.2642112242E-06
     4      2.6532935902E-06  -2.9574548631E-07   3.6508704617E-02  -2.2541194023E-06
     5      1.0600863702E+00  -5.4459948058E-06   1.0347138826E-05  -8.1483390451E-02
     6     -5.4459948058E-06   3.5378839312E-02   1.8829038268E-06   7.4165582952E-06
     7      1.0347138826E-05   1.8829038268E-06   3.5382487940E-02  -3.7321094185E-06
     8     -8.1483390451E-02   7.4165582952E-06  -3.7321094185E-06   1.0603454986E+00

$vibrational_frequencies
9
    0        0.0000000000000000
    1        0.0000000000000000
    2        0.0000000000000000
    3        0.0000000000000000
    4        0.0000000000000000
    5      659.7107295203586546
    6      659.7127584605497077
    7     1373.1748075073076052
    8     2433.6781484487109992

$normal_modes
9 9
                    0                  1                  2                  3                  4        
    0      0.0000000000E+00   0.0000000000E+00   0.0000000000E+00   0.0000000000E+00   0.0000000000E+00
    1      0.0000000000E+00   0.0000000000E+00   0.0000000000E+00   0.0000000000E+00   0.0000000000E+00
    2      0.0000000000E+00   0.0000000000E+00   0.0000000000E+00   0.0000000000E+00   0.0000000000E+00
    3      0.0000000000E+00   0.0000000000E+00   0.0000000000E+00   0.0000000000E+00   0.0000000000E+00
    4      0.0000000000E+00   0.0000000000E+00   0.0000000000E+00   0.0000000000E+00   0.0000000000E+00
    5      0.0000000000E+00   0.0000000000E+00   0.0000000000E+00   0.0000000000E+00   0.0000000000E+00
    6      0.0000000000E+00   0.0000000000E+00   0.0000000000E+00   0.0000000000E+00   0.0000000000E+00
    7      0.0000000000E+00   0.0000000000E+00   0.0000000000E+00   0.0000000000E+00   0.0000000000E+00
    8      0.0000000000E+00   0.0000000000E+00   0.0000000000E+00   0.0000000000E+00   0.0000000000E+00
                    5                  6                  7                  8        
     0     -2.3780309960E-01  -6.3119531872E-02  -1.5677484374E-06  -3.3343078427E-07
     1      6.3119531829E-02  -2.3780309956E-01   5.0915188171E-06  -9.5141380451E-07
     2      7.7905434829E-08   1.0055705971E-06   2.4962536701E-05  -2.4603737290E-01
     3      8.9263486133E-02   2.3693002604E-02   5.8848135764E-07   1.2515898337E-07
     4     -2.3693002588E-02   8.9263486119E-02  -1.9111892153E-06   3.5712954578E-07
     5      1.9980465569E-06  -3.6243097381E-06  -1.7679158899E-01   9.2336426292E-02
     6      8.9263486133E-02   2.3693002604E-02   5.8848135764E-07   1.2515898337E-07
     7     -2.3693002588E-02   8.9263486119E-02  -1.9111892153E-06   3.5712954578E-07
     8     -2.0565328484E-06   2.8693932782E-06   1.7677284876E-01   9.2372298369E-02

#
# The atoms: label  mass x y z (in bohrs)
#
$atoms
3
 C     12.01100      0.000000043164    -0.000000009433    -0.000000041855
 O     15.99900     -0.000000021582     0.000000004717     2.193296213444
 O     15.99900     -0.000000021582     0.000000004717    -2.193296171589

$actual_temperature
  0.000000

$frequency_scale_factor
  1.000000

$dipole_derivatives
9
    5.4623467116E-01   -6.0053613444E-08   -9.9726381397E-08
    2.1208611015E-08    5.4623467401E-01    1.6030674313E-07
    1.0279438526E-09   -4.0891811456E-09    2.3532013272E+00
   -2.7335259742E-01    6.1612339211E-09    2.1989007488E-07
    4.5573632274E-07   -2.7335263772E-01   -2.0517959316E-08
    3.3683519236E-08   -6.8973738021E-09   -1.1786679893E+00
   -2.7288207374E-01    5.3892379523E-08   -1.2016369349E-07
   -4.7694493375E-07   -2.7288203629E-01   -1.3978878382E-07
   -3.4711463089E-08    1.0986554948E-08   -1.1745333380E+00

#
# The IR spectrum
#  wavenumber T**2 TX TY TZ
#
$ir_spectrum
9
      0.00   0.00000000     0.000000     0.000000     0.000000
      0.00   0.00000000     0.000000     0.000000     0.000000
      0.00   0.00000000     0.000000     0.000000     0.000000
      0.00   0.00000000     0.000000     0.000000     0.000000
      0.00   0.00000000     0.000000     0.000000     0.000000
    659.71   0.00311773    -0.053968     0.014325     0.000000
    659.71   0.00311772    -0.014325    -0.053968     0.000001
   1373.17   0.00000003    -0.000000     0.000001     0.000170
   2433.68   0.01568515    -0.000000    -0.000000    -0.125240


$end

