
$orca_hessian_file

$act_atom
  0

$act_coord
  0

$act_energy
      -56.539699

$multiplicity
  1

$hessian
12
                    0                  1                  2                  3                  4        
    0      6.3278849412E-01   2.5027025810E-07  -2.4555115500E-05  -3.6164228103E-01   4.0652321317E-06
    1      2.5027025810E-07   6.3259735368E-01   6.4629343134E-07  -6.1418264788E-07  -6.0252949244E-02
    2     -2.4555115500E-05   6.4629343134E-07   2.1965316666E-01   1.1690284188E-01   1.3396943586E-06
    3     -3.6164228103E-01  -6.1418264788E-07   1.1690284188E-01   3.9722013540E-01  -2.2390621919E-06
    4      4.0652321317E-06  -6.0252949244E-02   1.3396943586E-06  -2.2390621919E-06   5.9200920515E-02
    5      1.7328808115E-01  -1.4894712213E-06  -7.3269883281E-02  -1.3803408491E-01  -4.4471816865E-07
    6     -1.3564196507E-01   1.3052301345E-01  -5.8458816867E-02  -1.7767850518E-02   3.3924936473E-02
    7      1.3047555401E-01  -2.8622195124E-01   1.0121842924E-01  -2.2733398469E-03   5.0309371481E-04
    8     -8.6629887272E-02   1.5005133809E-01  -7.3236395096E-02   1.0548758780E-02  -1.4285893769E-02
    9     -1.3550424802E-01  -1.3052264954E-01  -5.8419469879E-02  -1.7810003852E-02  -3.3926762643E-02
   10     -1.3047986951E-01  -2.8612245320E-01  -1.0122041523E-01   2.2761930918E-03   5.4893501420E-04
   11     -8.6633638781E-02  -1.5005049491E-01  -7.3146888284E-02   1.0582484217E-02   1.4284998795E-02
                    5                  6                  7                  8                  9        
    0      1.7328808115E-01  -1.3564196507E-01   1.3047555401E-01  -8.6629887272E-02  -1.3550424802E-01
    1     -1.4894712213E-06   1.3052301345E-01  -2.8622195124E-01   1.5005133809E-01  -1.3052264954E-01
    2     -7.3269883281E-02  -5.8458816867E-02   1.0121842924E-01  -7.3236395096E-02  -5.8419469879E-02
    3     -1.3803408491E-01  -1.7767850518E-02  -2.2733398469E-03   1.0548758780E-02  -1.7810003852E-02
    4     -4.4471816865E-07   3.3924936473E-02   5.0309371481E-04  -1.4285893769E-02  -3.3926762643E-02
    5      7.1870789179E-02  -1.7626696113E-02   1.9964431658E-03   7.1372297549E-04  -1.7627300092E-02
    6     -1.7626696113E-02   1.4383118603E-01  -1.4634694901E-01   6.9004325925E-02   9.5786295602E-03
    7      1.9964431658E-03  -1.4634694901E-01   3.1267932390E-01  -1.1950802349E-01   1.8144734834E-02
    8      7.1372297549E-04   6.9004325925E-02  -1.1950802349E-01   7.1846604431E-02   7.0768025658E-03
    9     -1.7627300092E-02   9.5786295602E-03   1.8144734834E-02   7.0768025658E-03   1.4373562231E-01
   10     -1.9945089786E-03  -1.8101000898E-02  -2.6960466371E-02  -1.6257420815E-02   1.4630467733E-01
   11      6.8537112643E-04   7.0811870562E-03   1.6293151075E-02   6.7606769001E-04   6.8969967456E-02
                   10                 11        
     0     -1.3047986951E-01  -8.6633638781E-02
     1     -2.8612245320E-01  -1.5005049491E-01
     2     -1.0122041523E-01  -7.3146888284E-02
     3      2.2761930918E-03   1.0582484217E-02
     4      5.4893501420E-04   1.4284998795E-02
     5     -1.9945089786E-03   6.8537112643E-04
     6     -1.8101000898E-02   7.0811870562E-03
     7     -2.6960466371E-02   1.6293151075E-02
     8     -1.6257420815E-02   6.7606769001E-04
     9      1.4630467733E-01   6.8969967456E-02
    10      3.1253398456E-01   1.1947234503E-01
    11      1.1947234503E-01   7.1785449468E-02

$vibrational_frequencies
12
    0        0.0000000000000000
    1        0.0000000000000000
    2        0.0000000000000000
    3        0.0000000000000000
    4        0.0000000000000000
    5        0.0000000000000000
    6     1071.3858087271173645
    7     1680.7746854831736982
    8     1680.8630258599675926
    9     3458.3594492007732697
   10     3576.6189319144586989
   11     3577.1446407119483410

$normal_modes
12 12
                    0                  1                  2                  3                  4        
    0      0.0000000000E+00   0.0000000000E+00   0.0000000000E+00   0.0000000000E+00   0.0000000000E+00
    1      0.0000000000E+00   0.0000000000E+00   0.0000000000E+00   0.0000000000E+00   0.0000000000E+00
    2      0.0000000000E+00   0.0000000000E+00   0.0000000000E+00   0.0000000000E+00   0.0000000000E+00
    3      0.0000000000E+00   0.0000000000E+00   0.0000000000E+00   0.0000000000E+00   0.0000000000E+00
    4      0.0000000000E+00   0.0000000000E+00   0.0000000000E+00   0.0000000000E+00   0.0000000000E+00
    5      0.0000000000E+00   0.0000000000E+00   0.0000000000E+00   0.0000000000E+00   0.0000000000E+00
    6      0.0000000000E+00   0.0000000000E+00   0.0000000000E+00   0.0000000000E+00   0.0000000000E+00
    7      0.0000000000E+00   0.0000000000E+00   0.0000000000E+00   0.0000000000E+00   0.0000000000E+00
    8      0.0000000000E+00   0.0000000000E+00   0.0000000000E+00   0.0000000000E+00   0.0000000000E+00
    9      0.0000000000E+00   0.0000000000E+00   0.0000000000E+00   0.0000000000E+00   0.0000000000E+00
   10      0.0000000000E+00   0.0000000000E+00   0.0000000000E+00   0.0000000000E+00   0.0000000000E+00
   11      0.0000000000E+00   0.0000000000E+00   0.0000000000E+00   0.0000000000E+00   0.0000000000E+00
                    5                  6                  7                  8                  9        
    0      0.0000000000E+00   1.4486577180E-05  -6.1075012559E-02   2.7077209437E-02   1.6500995279E-04
    1      0.0000000000E+00   6.8952343596E-06   2.7090972229E-02   6.1072940761E-02   1.9116476842E-04
    2      0.0000000000E+00   1.1546556542E-01   1.2446999853E-05  -1.9952194644E-05   3.7779093441E-02
    3      0.0000000000E+00  -2.0697942975E-01  -1.2979890323E-01   5.7648132960E-02   5.4818248469E-01
    4      0.0000000000E+00  -8.8189365908E-05  -3.0846640914E-01  -6.9555453385E-01   3.4204111182E-05
    5      0.0000000000E+00  -5.3479333415E-01  -2.3237433434E-01   1.0308852373E-01  -1.7438333272E-01
    6      0.0000000000E+00   1.0334034945E-01   3.3077957547E-01  -5.7432722152E-01  -2.7444122274E-01
    7      0.0000000000E+00  -1.7933444195E-01   3.2335706358E-01  -2.3506085351E-01   4.7545948601E-01
    8      0.0000000000E+00  -5.3482579934E-01   2.0535126055E-01   1.4979777481E-01  -1.7466459633E-01
    9      0.0000000000E+00   1.0343777724E-01   6.4770752311E-01   1.4041869909E-01  -2.7603421276E-01
   10      0.0000000000E+00   1.7932681629E-01  -3.9134228936E-01   8.1955981371E-02  -4.7815008388E-01
   11      0.0000000000E+00  -5.3487111928E-01   2.6850112354E-02  -2.5260904618E-01  -1.7592405689E-01
                   10                 11        
     0      3.5235368887E-02   7.0763605632E-02
     1      7.0765631245E-02  -3.5223729530E-02
     2     -1.2248771229E-04  -3.3266152433E-05
     3     -3.3870337600E-01  -6.7721005209E-01
     4      2.1182301094E-02  -1.0629263171E-02
     5      1.3460507062E-01   2.6934343000E-01
     6      2.2676606340E-01  -3.0356292069E-01
     7     -3.5338203372E-01   5.5187342528E-01
     8      1.6666758704E-01  -2.5047603215E-01
     9     -3.7768750090E-01  -2.5462971518E-03
    10     -6.5114768488E-01  -5.1781087189E-02
    11     -2.9957058883E-01  -1.8405136943E-02

#
# The atoms: label  mass x y z (in bohrs)
#
$atoms
4
 N     14.00700      0.000028854686     0.000000078551     0.079217235605
 H      1.00800      1.775915383315    -0.000000165530    -0.650056709929
 H      1.00800     -0.887972240277     1.537985196045    -0.649994683832
 H      1.00800     -0.887971997724    -1.537985109066    -0.649994714426

$actual_temperature
  0.000000

$frequency_scale_factor
  1.000000

$dipole_derivatives
12
   -3.1574640657E-01   -9.3541796386E-08   -2.1803047811E-04
   -2.1088710514E-08   -3.1590395281E-01   -5.6127136272E-08
    1.9286501644E-06   -1.7541552114E-07   -6.0396834680E-01
    3.9997999152E-02   -1.7819642403E-07    9.5127568762E-02
    6.6229834789E-08    1.6915030182E-01   -4.5785364389E-08
    1.6817345104E-01   -2.2173018094E-07    2.0160019659E-01
    1.3764571649E-01    5.7300874725E-02   -4.7433563977E-02
    5.6691260414E-02    7.2560192077E-02    8.2351113562E-02
   -8.4088870228E-02    1.4576154225E-01    2.0151690589E-01
    1.3810269092E-01   -5.7300602987E-02   -4.7475974306E-02
   -5.6691305555E-02    7.4193458916E-02   -8.2351011650E-02
   -8.4086509464E-02   -1.4576114510E-01    2.0085124432E-01

#
# The IR spectrum
#  wavenumber eps Int TX TY TZ
#
$ir_spectrum
12
      0.00   0.00000000   0.00000000     0.000000     0.000000     0.000000
      0.00   0.00000000   0.00000000     0.000000     0.000000     0.000000
      0.00   0.00000000   0.00000000     0.000000     0.000000     0.000000
      0.00   0.00000000   0.00000000     0.000000     0.000000     0.000000
      0.00   0.00000000   0.00000000     0.000000     0.000000     0.000000
      0.00   0.00000000   0.00000000     0.000000     0.000000     0.000000
   1071.39   0.03333296 168.45111138    -0.000021     0.000060    -0.098534
   1680.77   0.00372298  18.81440649     0.024009    -0.010714     0.000000
   1680.86   0.00367530  18.57345964    -0.010612    -0.023869     0.000035
   3458.36   0.00015057   0.76089493     0.000025    -0.000098     0.003685
   3576.62   0.00002182   0.11024646     0.000631     0.001227     0.000012
   3577.14   0.00002520   0.12735724     0.001313    -0.000689    -0.000007


$end

