
$orca_hessian_file

$act_atom
  0

$act_coord
  0

$act_energy
        0.000000

$multiplicity
  1

$hessian
15
                    0                  1                  2                  3                  4        
    0      3.3205963627E-01   6.6967335300E-03  -8.4430711634E-02  -3.0594456640E-01  -6.0105358871E-03
    1      6.6967335300E-03   5.3181408095E-02  -2.0262923025E-03  -6.0105231562E-03  -5.5644439179E-02
    2     -8.4430711634E-02  -2.0262923025E-03   7.8567388826E-02   7.5777532311E-02   1.8181667081E-03
    3     -3.0594456640E-01  -6.0105231562E-03   7.5777532311E-02   5.8670394278E-01   9.5895664898E-07
    4     -6.0105358871E-03  -5.5644439179E-02   1.8181667081E-03   9.5895664898E-07   5.8666838286E-01
    5      7.5777649281E-02   1.8181656581E-03  -7.8429121697E-02  -3.7329312204E-06   2.4896106557E-06
    6     -1.7793396548E-02  -9.0507071562E-03  -2.7996147491E-02  -1.4632895170E-01  -4.1374325918E-02
    7     -5.9448598654E-05  -1.1722646175E-03   3.2917149568E-04  -4.1374262394E-02  -7.4346951483E-02
    8      6.2923336855E-03   3.8727529212E-03   1.1036416254E-02  -1.2198456545E-01  -5.5568351725E-02
    9     -1.1516986400E-03  -2.4536505535E-02   2.6037236601E-02  -5.8758991621E-02  -1.9879806720E-02
   10     -5.4705530205E-04   2.0470709266E-04  -1.3958775371E-03  -1.9879685148E-02  -1.7685191329E-01
   11      5.5338626560E-04   5.2514119096E-03  -6.9838147252E-03   2.2020871515E-02   1.3441972371E-01
   12     -7.1699746730E-03   3.2901002317E-02   1.0612090213E-02  -7.5671433062E-02   6.7263709568E-02
   13     -7.9693742182E-05   3.4305886089E-03   1.2748316358E-03   6.7263511742E-02  -2.7982507891E-01
   14      1.8073424020E-03  -8.9160381864E-03  -4.1908686575E-03   2.4189894553E-02  -8.0672028302E-02
                    5                  6                  7                  8                  9        
    0      7.5777649281E-02  -1.7793396548E-02  -5.9448598654E-05   6.2923336855E-03  -1.1516986400E-03
    1      1.8181656581E-03  -9.0507071562E-03  -1.1722646175E-03   3.8727529212E-03  -2.4536505535E-02
    2     -7.8429121697E-02  -2.7996147491E-02   3.2917149568E-04   1.1036416254E-02   2.6037236601E-02
    3     -3.7329312204E-06  -1.4632895170E-01  -4.1374262394E-02  -1.2198456545E-01  -5.8758991621E-02
    4      2.4896106557E-06  -4.1374325918E-02  -7.4346951483E-02  -5.5568351725E-02  -1.9879806720E-02
    5      5.8667046678E-01  -1.2198485122E-01  -5.5568396613E-02  -2.1933428585E-01   2.2020997962E-02
    6     -1.2198485122E-01   1.5421817646E-01   4.6098192808E-02   1.3591368519E-01   2.9081836724E-03
    7     -5.5568396613E-02   4.6098192808E-02   7.4020999905E-02   6.1913508229E-02   1.6127759815E-02
    8     -2.1933428585E-01   1.3591368519E-01   6.1913508229E-02   2.3556425239E-01  -1.4833289467E-02
    9      2.2020997962E-02   2.9081836724E-03   1.6127759815E-02  -1.4833289467E-02   5.6651433037E-02
   10      1.3441967363E-01   2.7063555100E-03   8.2412189926E-03  -8.2164315282E-03   2.2149311883E-02
   11     -2.0439555627E-01   4.4229489702E-03   1.8582600053E-02  -1.9081410521E-02  -2.4534513069E-02
   12      2.4189936907E-02   6.9959881159E-03  -2.0792241630E-02  -5.3881639559E-03   3.5107355144E-04
   13     -8.0671932287E-02   1.6204847561E-03  -6.7430027968E-03  -2.0014778971E-03   6.1392405569E-03
   14     -8.4511502962E-02   9.6443645540E-03  -2.5256883165E-02  -8.1849722734E-03  -8.6904320272E-03
                   10                 11                 12                 13                 14        
    0     -5.4705530205E-04   5.5338626560E-04  -7.1699746730E-03  -7.9693742182E-05   1.8073424020E-03
    1      2.0470709266E-04   5.2514119096E-03   3.2901002317E-02   3.4305886089E-03  -8.9160381864E-03
    2     -1.3958775371E-03  -6.9838147252E-03   1.0612090213E-02   1.2748316358E-03  -4.1908686575E-03
    3     -1.9879685148E-02   2.2020871515E-02  -7.5671433062E-02   6.7263511742E-02   2.4189894553E-02
    4     -1.7685191329E-01   1.3441972371E-01   6.7263709568E-02  -2.7982507891E-01  -8.0672028302E-02
    5      1.3441967363E-01  -2.0439555627E-01   2.4189936907E-02  -8.0671932287E-02  -8.4511502962E-02
    6      2.7063555100E-03   4.4229489702E-03   6.9959881159E-03   1.6204847561E-03   9.6443645540E-03
    7      8.2412189926E-03   1.8582600053E-02  -2.0792241630E-02  -6.7430027968E-03  -2.5256883165E-02
    8     -8.2164315282E-03  -1.9081410521E-02  -5.3881639559E-03  -2.0014778971E-03  -8.1849722734E-03
    9      2.2149311883E-02  -2.4534513069E-02   3.5107355144E-04   6.1392405569E-03  -8.6904320272E-03
   10      1.8823062050E-01  -1.4976886170E-01  -4.4289269421E-03  -1.9824633294E-02   2.4961497134E-02
   11     -1.4976886170E-01   2.1891902683E-01  -2.4626936825E-03  -8.4848739717E-03   1.1541754681E-02
   12     -4.4289269421E-03  -2.4626936825E-03   7.5494346067E-02  -7.4943543313E-02  -2.6951169481E-02
   13     -1.9824633294E-02  -8.4848739717E-03  -7.4943543313E-02   3.0296212639E-01   8.9883452520E-02
   14      2.4961497134E-02   1.1541754681E-02  -2.6951169481E-02   8.9883452520E-02   8.5345589212E-02

$vibrational_frequencies
15
    0        0.0000000000000000
    1        0.0000000000000000
    2        0.0000000000000000
    3        0.0000000000000000
    4        0.0000000000000000
    5        0.0000000000000000
    6     1464.5598179089813584
    7     1464.5651686387332120
    8     1464.5911453694659485
    9     1671.1904963794636387
   10     1671.1951389212458707
   11     3101.6712502855471030
   12     3199.8675623629351321
   13     3199.8764190412657626
   14     3199.9177767502314964

$normal_modes
15 15
                    0                  1                  2                  3                  4        
    0      0.0000000000E+00   0.0000000000E+00   0.0000000000E+00   0.0000000000E+00   0.0000000000E+00
    1      0.0000000000E+00   0.0000000000E+00   0.0000000000E+00   0.0000000000E+00   0.0000000000E+00
    2      0.0000000000E+00   0.0000000000E+00   0.0000000000E+00   0.0000000000E+00   0.0000000000E+00
    3      0.0000000000E+00   0.0000000000E+00   0.0000000000E+00   0.0000000000E+00   0.0000000000E+00
    4      0.0000000000E+00   0.0000000000E+00   0.0000000000E+00   0.0000000000E+00   0.0000000000E+00
    5      0.0000000000E+00   0.0000000000E+00   0.0000000000E+00   0.0000000000E+00   0.0000000000E+00
    6      0.0000000000E+00   0.0000000000E+00   0.0000000000E+00   0.0000000000E+00   0.0000000000E+00
    7      0.0000000000E+00   0.0000000000E+00   0.0000000000E+00   0.0000000000E+00   0.0000000000E+00
    8      0.0000000000E+00   0.0000000000E+00   0.0000000000E+00   0.0000000000E+00   0.0000000000E+00
    9      0.0000000000E+00   0.0000000000E+00   0.0000000000E+00   0.0000000000E+00   0.0000000000E+00
   10      0.0000000000E+00   0.0000000000E+00   0.0000000000E+00   0.0000000000E+00   0.0000000000E+00
   11      0.0000000000E+00   0.0000000000E+00   0.0000000000E+00   0.0000000000E+00   0.0000000000E+00
   12      0.0000000000E+00   0.0000000000E+00   0.0000000000E+00   0.0000000000E+00   0.0000000000E+00
   13      0.0000000000E+00   0.0000000000E+00   0.0000000000E+00   0.0000000000E+00   0.0000000000E+00
   14      0.0000000000E+00   0.0000000000E+00   0.0000000000E+00   0.0000000000E+00   0.0000000000E+00
                    5                  6                  7                  8                  9        
    0      0.0000000000E+00   1.0479216914E-01  -1.3762326337E-01   5.4595154166E-02   1.2692606031E-01
    1      0.0000000000E+00  -4.6520612435E-01  -3.0469242628E-01   3.3246076209E-03   2.0505579308E-01
    2      0.0000000000E+00   2.8182827873E-01  -4.3812524735E-01  -1.1282587283E-01   4.3574656594E-01
    3      0.0000000000E+00  -9.8706483693E-03   1.0989419835E-02   1.1397158121E-01   1.7289362267E-07
    4      0.0000000000E+00   9.6397328962E-02   6.2532190737E-02   2.3190280635E-03   1.5302190363E-06
    5      0.0000000000E+00  -6.1791923837E-02   9.5796825374E-02  -1.4588246288E-02   3.3210936223E-06
    6      0.0000000000E+00  -4.3088241320E-02   2.5891430622E-01  -3.7448030234E-01  -3.9199598155E-01
    7      0.0000000000E+00  -5.0793681523E-01  -1.6047789391E-01   6.9476110873E-02  -3.8257110660E-02
    8      0.0000000000E+00   1.7703272267E-01  -4.4479406666E-02   3.0854012029E-01   3.0484054225E-01
    9      0.0000000000E+00   1.1408888565E-01  -7.0161618338E-02  -5.3652999022E-01   9.0619662241E-02
   10      0.0000000000E+00  -6.1728991360E-02  -4.0625777119E-01   8.0911015058E-02  -3.7012544779E-01
   11      0.0000000000E+00  -1.4934466177E-01  -3.4885635009E-01  -3.1450287934E-02  -3.2073959290E-01
   12      0.0000000000E+00  -5.8264694357E-02  -1.8197856380E-01  -5.0062495368E-01   1.7444820039E-01
   13      0.0000000000E+00  -1.1291455040E-01   1.2686800918E-01  -1.8132400341E-01   2.0330854532E-01
   14      0.0000000000E+00   4.2622951141E-01  -3.0917538388E-01   9.4357897844E-03  -4.1988705898E-01
                   10                 11                 12                 13                 14        
    0      6.9378413362E-02   4.7649274259E-01  -7.3438444980E-02  -1.0976819711E-01  -7.7469794969E-01
    1     -4.5371650015E-01   1.1435656507E-02   1.3093355294E-02  -1.2058319672E-02  -1.8655351891E-02
    2      1.9330412520E-01  -1.4417723796E-01   1.2407352764E-02   1.7966021992E-02   2.3737314399E-01
    3     -1.7492923334E-07   1.0472221892E-05  -7.6972384776E-03  -8.7746879569E-03   8.7243335748E-02
    4     -2.1444904503E-06   8.5679505571E-07   7.4158530363E-02  -4.7377364552E-02   1.7778164729E-03
    5      9.6751887906E-07  -7.0133826035E-06  -4.6781504650E-02  -7.3659194274E-02  -1.1536206784E-02
    6     -1.0962993363E-01  -2.8701033890E-01   1.1476216018E-01   4.0740258701E-01  -2.1214174144E-01
    7      4.7907334838E-01  -1.3074441520E-01   6.7801180080E-02   1.7691509317E-01  -1.0422295421E-01
    8     -8.0862864409E-02  -3.8548216307E-01   1.4685018763E-01   5.3480392220E-01  -3.1063669085E-01
    9      4.8672258211E-01  -5.4351202142E-02  -8.7924677058E-02  -2.4455053331E-02  -2.5398484467E-03
   10      3.1868150183E-02  -3.3179323322E-01  -5.1250845492E-01  -1.4804276357E-01  -1.2157629295E-01
   11      1.0075262205E-01   3.6752247955E-01   5.7476690114E-01   1.3877412106E-01   1.3275723868E-01
   12     -4.4646897899E-01  -1.3525589250E-01   1.3825066173E-01  -1.6870063033E-01  -4.9411912807E-02
   13     -5.7199464334E-02   4.5109179021E-01  -4.5137899678E-01   5.4730015319E-01   2.2328644288E-01
   14     -2.1320540292E-01   1.6222042862E-01  -1.7700508019E-01   1.8550334181E-01   7.7865945997E-02

#
# The atoms: label  mass x y z (in bohrs)
#
$atoms
5
 H      1.00783      1.971332482854     0.047310138884    -0.596472409739
 C     12.00000      0.000007812374     0.000000628554    -0.000005238039
 H      1.00783     -1.187182790820    -0.540796885889    -1.594456630365
 H      1.00783     -0.224800781956    -1.372263333489     1.520035507540
 H      1.00783     -0.559441930676     1.865742596414     0.670955900993

$actual_temperature
  0.000000

$frequency_scale_factor
  1.000000

$dipole_derivatives
15
   -1.6505394394E-01   -5.4913162015E-03    6.9228294247E-02
   -5.4908983004E-03    6.3601225196E-02    1.6603957263E-03
    6.9224064346E-02    1.6604190596E-03    4.2784978432E-02
    7.8250429212E-02    1.2401193175E-07   -4.8194381867E-07
    1.2817881526E-07    7.8247662131E-02    3.2749642443E-07
   -4.8178020693E-07    3.1915046340E-07    7.8248220273E-02
   -1.9249242726E-02   -3.7800438774E-02   -1.1144933937E-01
   -3.7798224510E-02    4.6515023821E-02   -5.0770320164E-02
   -1.1143995006E-01   -5.0769016751E-02   -8.5953638667E-02
    6.0751790579E-02   -1.8163513074E-02    2.0120303317E-02
   -1.8160042313E-02   -4.7141890875E-02    1.2281401373E-01
    2.0116631417E-02    1.2281506238E-01   -7.2307218849E-02
    4.5300966878E-02    6.1455144037E-02    2.2101223746E-02
    6.1449036944E-02   -1.4122202027E-01   -7.3704416785E-02
    2.2099736077E-02   -7.3706783842E-02    3.7227658811E-02

#
# The IR spectrum
#  wavenumber T**2 TX TY TZ
#
$ir_spectrum
15
      0.00   0.00000000     0.000000     0.000000     0.000000
      0.00   0.00000000     0.000000     0.000000     0.000000
      0.00   0.00000000     0.000000     0.000000     0.000000
      0.00   0.00000000     0.000000     0.000000     0.000000
      0.00   0.00000000     0.000000     0.000000     0.000000
      0.00   0.00000000     0.000000     0.000000     0.000000
   1464.56   0.00047001     0.001862    -0.018184     0.011656
   1464.57   0.00046999    -0.002073    -0.011796    -0.018071
   1464.59   0.00046988    -0.021497    -0.000437     0.002751
   1671.19   0.00000000    -0.000000    -0.000000    -0.000001
   1671.20   0.00000000     0.000000     0.000000    -0.000000
   3101.67   0.00000000     0.000004     0.000000    -0.000003
   3199.87   0.00085920    -0.002563     0.024697    -0.015579
   3199.88   0.00085917    -0.002922    -0.015777    -0.024530
   3199.92   0.00085900     0.029050     0.000592    -0.003841


$end

