*************************************************
******************* ORCA 6.1.0 ******************
*************************************************
$Calculation_Status
   &GeometryIndex 1
   &version [&Type "String"] "6.1.0"
   &progName [&Type "String"] "LeanSCF"
   &Status [&Type "String"] "NORMAL TERMINATION"
$End
$Geometry
   &GeometryIndex 1
   &NAtoms [&Type "Integer"] 5
   &NCorelessECP [&Type "Integer"] 0
   &NGhostAtoms [&Type "Integer"] 0
   &CartesianCoordinates [&Type "Coordinates", &Dim(5,4), &Units "Bohr"] 
              H      1.971332482854    0.047310138884   -0.596472409739
              C      0.000007812374    0.000000628554   -0.000005238039
              H     -1.187182790820   -0.540796885889   -1.594456630365
              H     -0.224800781956   -1.372263333489    1.520035507540
              H     -0.559441930676    1.865742596414    0.670955900993
$End
$SCF_Energy
   &GeometryIndex 1
   &Method [&Type "String"] "SCF"
   &totalEnergy [&Type "ArrayOfDoubles", &Dim (1,1)] "Total energy of each state"
                                                         0

0                                     -4.0208917561347427e+01
   &Mult [&Type "ArrayOfIntegers", &Dim (1,1)] "Multiplicity of each state"
                                                         0

0                                                        1
$End
$SCF_Timings
   &GeometryIndex 1
   &TOTAL [&Type "Double"]       1.7863499999999999e-01
   &PREP [&Type "Double"]       4.5753999999999996e-02
   &FOCK [&Type "Double"]       1.0334300000000002e-01
   &DENS [&Type "Double"]       9.7340000000000204e-03
   &ETOT [&Type "Double"]       6.1289999999999678e-03
   &POP [&Type "Double"]       1.0000000000010001e-06
   &TRAFO [&Type "Double"]       3.5810000000000008e-03
   &DIIS [&Type "Double"]       1.6923000000000001e-02
   &SOSCF [&Type "Double"]       2.1632000000000026e-02
   &J [&Type "Double"]       9.6720000000000000e-02
   &FOCKSTART [&Type "Double"]       1.2470000000000050e-03
$End
$Single_Point_Data
   &GeometryIndex 1
   &FinalEnergy [&Type "Double"]      -4.0208917561347427e+01  "Final single point energy"
   &Converged [&Type "Boolean"] true
$End
$SCF_Dipole_Moment
   &GeometryIndex 1
   &dipoleMagnitude [&Type "Double", &Units "a.u."]       7.4534829508887621e-06
   &dipoleElecContrib [&Type "ArrayOfDoubles", &Dim (3,1)] "Electronic contribution"
                                                         0

0                                      3.9969503747844311e-05
1                                      3.2155547064755167e-06
2                                     -2.6798492902145606e-05
   &dipoleNucContrib [&Type "ArrayOfDoubles", &Dim (3,1)] "Nuclear contribution"
                                                         0

0                                     -4.6146354411247259e-05
1                                     -3.7127581347107252e-06
2                                      3.0940196987683244e-05
   &dipoleTotal [&Type "ArrayOfDoubles", &Dim (3,1)] "Total"
                                                         0

0                                     -6.1768506634029484e-06
1                                     -4.9720342823520858e-07
2                                      4.1417040855376380e-06
   &doAtomicDipole [&Type "Boolean"] false
   &Method [&Type "String"] "SCF"
   &Level [&Type "String"] "Relaxed density"
   &Mult [&Type "Integer"] 1
   &State [&Type "Integer"] -1
   &Irrep [&Type "Integer"] 0
$End
$THERMOCHEMISTRY_Energies
   &GeometryIndex 1
   &temperature [&Type "Double"]       2.9814999999999998e+02
   &pressure [&Type "Double"]       1.0000000000000000e+00
   &totalMass [&Type "Double"]       1.6031300128919998e+01
   &spinDegeneracy [&Type "Integer"] 1
   &elEnergy [&Type "Double"]      -4.0208917561347427e+01
   &transEnergy [&Type "Double"]       1.4162714244859817e-03
   &rotEnergy [&Type "Double"]       1.4162714244859817e-03
   &vibEnergy [&Type "Double"]       2.1884826028804523e-05
   &numOfFreqs [&Type "Integer"] 15
   &freqScalingFactor [&Type "Double"]       1.0000000000000000e+00
   &FREQ [&Type "ArrayOfDoubles", &Units "cm^-1", &Dim (15,1)] 
                                                         0

0                                      0.0000000000000000e+00
1                                      0.0000000000000000e+00
2                                      0.0000000000000000e+00
3                                      0.0000000000000000e+00
4                                      0.0000000000000000e+00
5                                      0.0000000000000000e+00
6                                      1.4645598179089814e+03
7                                      1.4645651686387332e+03
8                                      1.4645911453694659e+03
9                                      1.6711904963794636e+03
10                                     1.6711951389212459e+03
11                                     3.1016712502855471e+03
12                                     3.1998675623629351e+03
13                                     3.1998764190412658e+03
14                                     3.1999177767502315e+03
   &zpe [&Type "Double"]       4.6559902336686887e-02
   &innerEnergyU [&Type "Double"]      -4.0159503231335734e+01
   &enthalpyH [&Type "Double"]      -4.0158559022293474e+01
   &qEl [&Type "Double"]       0.0000000000000000e+00
   &qRot [&Type "Double"]       4.8086397106668942e-03
   &qVib [&Type "Double"]       2.4899539822643068e-05
   &qTrans [&Type "Double"]       1.6278577245327754e-02
   &entropyS [&Type "Double"]       2.1112116495817290e-02
   &freeEnergyG [&Type "Double"]      -4.0179671138789288e+01
   &isLinear [&Type "Boolean"] false
$End
$Hessian
   &GeometryIndex 1
   &HESSIAN [&Type "ArrayOfDoubles", &Dim (15,15)] "The Hessian"
                                                         0                           1                           2                           3                           4                           5                           6                           7

0                                      3.3205963626601553e-01         6.6967335300030023e-03        -8.4430711634189803e-02        -3.0594456640490136e-01        -6.0105358871155885e-03         7.5777649281135381e-02        -1.7793396548059056e-02        -5.9448598654168044e-05
1                                      6.6967335300030023e-03         5.3181408094857358e-02        -2.0262923025345615e-03        -6.0105231562271079e-03        -5.5644439178897949e-02         1.8181656581256452e-03        -9.0507071561675180e-03        -1.1722646175231690e-03
2                                     -8.4430711634189803e-02        -2.0262923025345615e-03         7.8567388825898574e-02         7.5777532311396265e-02         1.8181667081116470e-03        -7.8429121697358911e-02        -2.7996147490954561e-02         3.2917149567825372e-04
3                                     -3.0594456640490136e-01        -6.0105231562271079e-03         7.5777532311396265e-02         5.8670394278294780e-01         9.5895664897760469e-07        -3.7329312203623205e-06        -1.4632895169545873e-01        -4.1374262394036479e-02
4                                     -6.0105358871155885e-03        -5.5644439178897949e-02         1.8181667081116470e-03         9.5895664897760469e-07         5.8666838285529099e-01         2.4896106556662745e-06        -4.1374325917595531e-02        -7.4346951482851725e-02
5                                      7.5777649281135381e-02         1.8181656581256452e-03        -7.8429121697358911e-02        -3.7329312203623205e-06         2.4896106556662745e-06         5.8667046677703827e-01        -1.2198485121885351e-01        -5.5568396612617886e-02
6                                     -1.7793396548059056e-02        -9.0507071561675180e-03        -2.7996147490954561e-02        -1.4632895169545873e-01        -4.1374325917595531e-02        -1.2198485121885351e-01         1.5421817645521027e-01         4.6098192807633546e-02
7                                     -5.9448598654168044e-05        -1.1722646175231690e-03         3.2917149567825372e-04        -4.1374262394036479e-02        -7.4346951482851725e-02        -5.5568396612617886e-02         4.6098192807633546e-02         7.4020999904560902e-02
8                                      6.2923336854901479e-03         3.8727529212240885e-03         1.1036416254161999e-02        -1.2198456544803626e-01        -5.5568351724955015e-02        -2.1933428584956652e-01         1.3591368518560420e-01         6.1913508229043207e-02
9                                     -1.1516986400353169e-03        -2.4536505534956128e-02         2.6037236600795852e-02        -5.8758991620835699e-02        -1.9879806719747817e-02         2.2020997962080457e-02         2.9081836723897081e-03         1.6127759815217673e-02
10                                    -5.4705530205038239e-04         2.0470709265777310e-04        -1.3958775370655103e-03        -1.9879685148489850e-02        -1.7685191328823885e-01         1.3441967363071200e-01         2.7063555100275919e-03         8.2412189926278044e-03
11                                     5.5338626560482579e-04         5.2514119095758323e-03        -6.9838147251570538e-03         2.2020871515158774e-02         1.3441972370808994e-01        -2.0439555626803085e-01         4.4229489702388228e-03         1.8582600053235150e-02
12                                    -7.1699746730197727e-03         3.2901002317347203e-02         1.0612090212953406e-02        -7.5671433061751905e-02         6.7263709567807764e-02         2.4189936906855055e-02         6.9959881159178238e-03        -2.0792241630159997e-02
13                                    -7.9693742182314342e-05         3.4305886089059873e-03         1.2748316358103477e-03         6.7263511742106652e-02        -2.7982507890530250e-01        -8.0671932286871695e-02         1.6204847561013293e-03        -6.7430027968138212e-03
14                                     1.8073424019582930e-03        -8.9160381863911814e-03        -4.1908686575446172e-03         2.4189894552704566e-02        -8.0672028301905965e-02        -8.4511502962081958e-02         9.6443645539627532e-03        -2.5256883165337456e-02
                                                         8                           9                          10                          11                          12                          13                          14

0                                      6.2923336854901479e-03        -1.1516986400353169e-03        -5.4705530205038239e-04         5.5338626560482579e-04        -7.1699746730197727e-03        -7.9693742182314342e-05         1.8073424019582930e-03
1                                      3.8727529212240885e-03        -2.4536505534956128e-02         2.0470709265777310e-04         5.2514119095758323e-03         3.2901002317347203e-02         3.4305886089059873e-03        -8.9160381863911814e-03
2                                      1.1036416254161999e-02         2.6037236600795852e-02        -1.3958775370655103e-03        -6.9838147251570538e-03         1.0612090212953406e-02         1.2748316358103477e-03        -4.1908686575446172e-03
3                                     -1.2198456544803626e-01        -5.8758991620835699e-02        -1.9879685148489850e-02         2.2020871515158774e-02        -7.5671433061751905e-02         6.7263511742106652e-02         2.4189894552704566e-02
4                                     -5.5568351724955015e-02        -1.9879806719747817e-02        -1.7685191328823885e-01         1.3441972370808994e-01         6.7263709567807764e-02        -2.7982507890530250e-01        -8.0672028301905965e-02
5                                     -2.1933428584956652e-01         2.2020997962080457e-02         1.3441967363071200e-01        -2.0439555626803085e-01         2.4189936906855055e-02        -8.0671932286871695e-02        -8.4511502962081958e-02
6                                      1.3591368518560420e-01         2.9081836723897081e-03         2.7063555100275919e-03         4.4229489702388228e-03         6.9959881159178238e-03         1.6204847561013293e-03         9.6443645539627532e-03
7                                      6.1913508229043207e-02         1.6127759815217673e-02         8.2412189926278044e-03         1.8582600053235150e-02        -2.0792241630159997e-02        -6.7430027968138212e-03        -2.5256883165337456e-02
8                                      2.3556425239022630e-01        -1.4833289467113439e-02        -8.2164315282166264e-03        -1.9081410521442507e-02        -5.3881639559423267e-03        -2.0014778970969122e-03        -8.1849722733792485e-03
9                                     -1.4833289467113439e-02         5.6651433037041524e-02         2.2149311882578369e-02        -2.4534513068545389e-02         3.5107355143978482e-04         6.1392405569083638e-03        -8.6904320272162931e-03
10                                    -8.2164315282166264e-03         2.2149311882578369e-02         1.8823062049711736e-01        -1.4976886169917136e-01        -4.4289269420661938e-03        -1.9824633294164101e-02         2.4961497133746888e-02
11                                    -1.9081410521442507e-02        -2.4534513068545389e-02        -1.4976886169917136e-01         2.1891902683373743e-01        -2.4626936824582203e-03        -8.4848739717349533e-03         1.1541754680892954e-02
12                                    -5.3881639559423267e-03         3.5107355143978482e-04        -4.4289269420661938e-03        -2.4626936824582203e-03         7.5494346067414064e-02        -7.4943543312931404e-02        -2.6951169481408615e-02
13                                    -2.0014778970969122e-03         6.1392405569083638e-03        -1.9824633294164101e-02        -8.4848739717349533e-03        -7.4943543312931404e-02         3.0296212638737446e-01         8.9883452519890467e-02
14                                    -8.1849722733792485e-03        -8.6904320272162931e-03         2.4961497133746888e-02         1.1541754680892954e-02        -2.6951169481408615e-02         8.9883452519890467e-02         8.5345589212112868e-02
   &MODES [&Type "ArrayOfDoubles", &Dim (15,15)] "The modes of vibrations"
                                                         0                           1                           2                           3                           4                           5                           6                           7

0                                      0.0000000000000000e+00         0.0000000000000000e+00         0.0000000000000000e+00         0.0000000000000000e+00         0.0000000000000000e+00         0.0000000000000000e+00         1.0479216913939933e-01        -1.3762326337401101e-01
1                                      0.0000000000000000e+00         0.0000000000000000e+00         0.0000000000000000e+00         0.0000000000000000e+00         0.0000000000000000e+00         0.0000000000000000e+00        -4.6520612434533648e-01        -3.0469242628208609e-01
2                                      0.0000000000000000e+00         0.0000000000000000e+00         0.0000000000000000e+00         0.0000000000000000e+00         0.0000000000000000e+00         0.0000000000000000e+00         2.8182827873327004e-01        -4.3812524735071440e-01
3                                      0.0000000000000000e+00         0.0000000000000000e+00         0.0000000000000000e+00         0.0000000000000000e+00         0.0000000000000000e+00         0.0000000000000000e+00        -9.8706483693486221e-03         1.0989419835153445e-02
4                                      0.0000000000000000e+00         0.0000000000000000e+00         0.0000000000000000e+00         0.0000000000000000e+00         0.0000000000000000e+00         0.0000000000000000e+00         9.6397328962006687e-02         6.2532190737055196e-02
5                                      0.0000000000000000e+00         0.0000000000000000e+00         0.0000000000000000e+00         0.0000000000000000e+00         0.0000000000000000e+00         0.0000000000000000e+00        -6.1791923836922238e-02         9.5796825373736461e-02
6                                      0.0000000000000000e+00         0.0000000000000000e+00         0.0000000000000000e+00         0.0000000000000000e+00         0.0000000000000000e+00         0.0000000000000000e+00        -4.3088241319666688e-02         2.5891430622071882e-01
7                                      0.0000000000000000e+00         0.0000000000000000e+00         0.0000000000000000e+00         0.0000000000000000e+00         0.0000000000000000e+00         0.0000000000000000e+00        -5.0793681523208767e-01        -1.6047789391480247e-01
8                                      0.0000000000000000e+00         0.0000000000000000e+00         0.0000000000000000e+00         0.0000000000000000e+00         0.0000000000000000e+00         0.0000000000000000e+00         1.7703272267315900e-01        -4.4479406665555901e-02
9                                      0.0000000000000000e+00         0.0000000000000000e+00         0.0000000000000000e+00         0.0000000000000000e+00         0.0000000000000000e+00         0.0000000000000000e+00         1.1408888564957902e-01        -7.0161618338308071e-02
10                                     0.0000000000000000e+00         0.0000000000000000e+00         0.0000000000000000e+00         0.0000000000000000e+00         0.0000000000000000e+00         0.0000000000000000e+00        -6.1728991359914533e-02        -4.0625777118596429e-01
11                                     0.0000000000000000e+00         0.0000000000000000e+00         0.0000000000000000e+00         0.0000000000000000e+00         0.0000000000000000e+00         0.0000000000000000e+00        -1.4934466176797742e-01        -3.4885635008703736e-01
12                                     0.0000000000000000e+00         0.0000000000000000e+00         0.0000000000000000e+00         0.0000000000000000e+00         0.0000000000000000e+00         0.0000000000000000e+00        -5.8264694357112151e-02        -1.8197856379803201e-01
13                                     0.0000000000000000e+00         0.0000000000000000e+00         0.0000000000000000e+00         0.0000000000000000e+00         0.0000000000000000e+00         0.0000000000000000e+00        -1.1291455039714096e-01         1.2686800917861035e-01
14                                     0.0000000000000000e+00         0.0000000000000000e+00         0.0000000000000000e+00         0.0000000000000000e+00         0.0000000000000000e+00         0.0000000000000000e+00         4.2622951140709520e-01        -3.0917538388282789e-01
                                                         8                           9                          10                          11                          12                          13                          14

0                                      5.4595154165801386e-02         1.2692606030641246e-01         6.9378413362057578e-02         4.7649274258729180e-01        -7.3438444979719505e-02        -1.0976819711290318e-01        -7.7469794969152317e-01
1                                      3.3246076208847805e-03         2.0505579307505298e-01        -4.5371650014871678e-01         1.1435656506900668e-02         1.3093355294309408e-02        -1.2058319672270909e-02        -1.8655351891364545e-02
2                                     -1.1282587282712193e-01         4.3574656593990785e-01         1.9330412520315532e-01        -1.4417723796354442e-01         1.2407352764021671e-02         1.7966021991569377e-02         2.3737314399332096e-01
3                                      1.1397158121102435e-01         1.7289362266887216e-07        -1.7492923334117210e-07         1.0472221891885124e-05        -7.6972384776321859e-03        -8.7746879568717795e-03         8.7243335748035347e-02
4                                      2.3190280635287264e-03         1.5302190363045903e-06        -2.1444904503371583e-06         8.5679505571372759e-07         7.4158530362605765e-02        -4.7377364551992776e-02         1.7778164728719306e-03
5                                     -1.4588246287800937e-02         3.3210936223405096e-06         9.6751887906274569e-07        -7.0133826035253291e-06        -4.6781504649915172e-02        -7.3659194273995657e-02        -1.1536206784269440e-02
6                                     -3.7448030233710100e-01        -3.9199598155364185e-01        -1.0962993363030114e-01        -2.8701033890114691e-01         1.1476216018066075e-01         4.0740258701081161e-01        -2.1214174143566500e-01
7                                      6.9476110872774138e-02        -3.8257110660261689e-02         4.7907334837955579e-01        -1.3074441520173818e-01         6.7801180079826662e-02         1.7691509316808463e-01        -1.0422295420769404e-01
8                                      3.0854012029385186e-01         3.0484054225475132e-01        -8.0862864409379107e-02        -3.8548216306703975e-01         1.4685018763311675e-01         5.3480392219973505e-01        -3.1063669084842638e-01
9                                     -5.3652999021826597e-01         9.0619662241053001e-02         4.8672258210869901e-01        -5.4351202142253092e-02        -8.7924677058182799e-02        -2.4455053330744769e-02        -2.5398484467402506e-03
10                                     8.0911015057993252e-02        -3.7012544779089163e-01         3.1868150183352553e-02        -3.3179323322430732e-01        -5.1250845491907215e-01        -1.4804276356698184e-01        -1.2157629294977546e-01
11                                    -3.1450287934247735e-02        -3.2073959290455134e-01         1.0075262204615276e-01         3.6752247955099093e-01         5.7476690113654572e-01         1.3877412105710699e-01         1.3275723867598074e-01
12                                    -5.0062495368484228e-01         1.7444820039143130e-01        -4.4646897898804261e-01        -1.3525589249587608e-01         1.3825066173342709e-01        -1.6870063032836963e-01        -4.9411912807363866e-02
13                                    -1.8132400341239316e-01         2.0330854532018949e-01        -5.7199464333789904e-02         4.5109179020720097e-01        -4.5137899677725013e-01         5.4730015318729830e-01         2.2328644287865210e-01
14                                     9.4357897843812752e-03        -4.1988705898290507e-01        -2.1320540292146778e-01         1.6222042862473318e-01        -1.7700508018995087e-01         1.8550334181205075e-01         7.7865945997329433e-02
$End
