
$orca_hessian_file

$act_atom
  0

$act_coord
  0

$act_energy
        0.000000

$multiplicity
  1

$hessian
15
                    0                  1                  2                  3                  4        
    0      3.4054101639E-01   6.9242545569E-03  -8.7351436019E-02  -3.1464257824E-01  -6.2433229222E-03
    1      6.9242545569E-03   5.2152930708E-02  -2.1021142090E-03  -6.2423679700E-03  -5.4527100370E-02
    2     -8.7351436019E-02  -2.1021142090E-03   7.8418296661E-02   7.8764572465E-02   1.9034480606E-03
    3     -3.1464257824E-01  -6.2423679700E-03   7.8764572465E-02   5.9507096739E-01   7.6829965398E-05
    4     -6.2433229222E-03  -5.4527100370E-02   1.9034480606E-03   7.6829965398E-05   5.8241686438E-01
    5      7.8807997353E-02   1.9042012464E-03  -7.8200043387E-02  -5.0883371619E-03  -9.3454897576E-04
    6     -1.7751246630E-02  -9.0881331780E-03  -2.8157558219E-02  -1.4538413512E-01  -4.0603448171E-02
    7     -6.8826682148E-05  -1.1736301686E-03   3.0269927554E-04  -4.0670130396E-02  -7.4421970624E-02
    8      6.2462768404E-03   3.8588969940E-03   1.1007883943E-02  -1.1982775815E-01  -5.4531054143E-02
    9     -1.0555292392E-03  -2.4639272692E-02   2.6119029097E-02  -5.9113216015E-02  -1.9687207606E-02
   10     -5.2720943863E-04   1.7763686649E-04  -1.3633772354E-03  -1.9864049608E-02  -1.7597865162E-01
   11      5.1021880622E-04   5.3213057337E-03  -7.0341991205E-03   2.2083639355E-02   1.3328902305E-01
   12     -7.0916622775E-03   3.3045519283E-02   1.0625392676E-02  -7.5931038015E-02   6.6457148734E-02
   13     -8.4895513938E-05   3.3701629649E-03   1.2593441082E-03   6.6699718008E-02  -2.7748914176E-01
   14      1.7869430202E-03  -8.9822897652E-03  -4.1919380974E-03   2.4067883494E-02  -7.9726867988E-02
                    5                  6                  7                  8                  9        
    0      7.8807997353E-02  -1.7751246630E-02  -6.8826682148E-05   6.2462768404E-03  -1.0555292392E-03
    1      1.9042012464E-03  -9.0881331780E-03  -1.1736301686E-03   3.8588969940E-03  -2.4639272692E-02
    2     -7.8200043387E-02  -2.8157558219E-02   3.0269927554E-04   1.1007883943E-02   2.6119029097E-02
    3     -5.0883371619E-03  -1.4538413512E-01  -4.0670130396E-02  -1.1982775815E-01  -5.9113216015E-02
    4     -9.3454897576E-04  -4.0603448171E-02  -7.4421970624E-02  -5.4531054143E-02  -1.9687207606E-02
    5      5.8264679832E-01  -1.1960149414E-01  -5.4517539618E-02  -2.1671239245E-01   2.1890985595E-02
    6     -1.1960149414E-01   1.5328574526E-01   4.5387018718E-02   1.3376053566E-01   2.8865609065E-03
    7     -5.4517539618E-02   4.5387018718E-02   7.4114022753E-02   6.0875480733E-02   1.6073121516E-02
    8     -2.1671239245E-01   1.3376053566E-01   6.0875480733E-02   2.3293381708E-01  -1.4803381583E-02
    9      2.1890985595E-02   2.8865609065E-03   1.6073121516E-02  -1.4803381583E-02   5.6937331463E-02
   10      1.3330878296E-01   2.7108969296E-03   8.2104310487E-03  -8.1738144110E-03   2.2112177628E-02
   11     -2.0330709261E-01   4.3967353272E-03   1.8482167031E-02  -1.9045177081E-02  -2.4528592138E-02
   12      2.3990848359E-02   6.9630755826E-03  -2.0721183156E-02  -5.3756727673E-03   3.4485288556E-04
   13     -7.9760895611E-02   1.5936657017E-03  -6.7288530092E-03  -2.0295091728E-03   6.1411811538E-03
   14     -8.4427269865E-02   9.6017813740E-03  -2.5142807422E-02  -8.1841314922E-03  -8.6780409713E-03
                   10                 11                 12                 13                 14        
    0     -5.2720943863E-04   5.1021880622E-04  -7.0916622775E-03  -8.4895513938E-05   1.7869430202E-03
    1      1.7763686649E-04   5.3213057337E-03   3.3045519283E-02   3.3701629649E-03  -8.9822897652E-03
    2     -1.3633772354E-03  -7.0341991205E-03   1.0625392676E-02   1.2593441082E-03  -4.1919380974E-03
    3     -1.9864049608E-02   2.2083639355E-02  -7.5931038015E-02   6.6699718008E-02   2.4067883494E-02
    4     -1.7597865162E-01   1.3328902305E-01   6.6457148734E-02  -2.7748914176E-01  -7.9726867988E-02
    5      1.3330878296E-01  -2.0330709261E-01   2.3990848359E-02  -7.9760895611E-02  -8.4427269865E-02
    6      2.7108969296E-03   4.3967353272E-03   6.9630755826E-03   1.5936657017E-03   9.6017813740E-03
    7      8.2104310487E-03   1.8482167031E-02  -2.0721183156E-02  -6.7288530092E-03  -2.5142807422E-02
    8     -8.1738144110E-03  -1.9045177081E-02  -5.3756727673E-03  -2.0295091728E-03  -8.1841314922E-03
    9      2.2112177628E-02  -2.4528592138E-02   3.4485288556E-04   6.1411811538E-03  -8.6780409713E-03
   10      1.8738883019E-01  -1.4864858286E-01  -4.4318155117E-03  -1.9798246486E-02   2.4876991552E-02
   11     -1.4864858286E-01   2.1787680121E-01  -2.4620013507E-03  -8.4439129481E-03   1.1509667607E-02
   12     -4.4318155117E-03  -2.4620013507E-03   7.5714771825E-02  -7.4349669349E-02  -2.6778566917E-02
   13     -1.9798246486E-02  -8.4439129481E-03  -7.4349669349E-02   3.0064607829E-01   8.8974973624E-02
   14      2.4876991552E-02   1.1509667607E-02  -2.6778566917E-02   8.8974973624E-02   8.5293671848E-02

$vibrational_frequencies
15
    0        0.0000000000000000
    1        0.0000000000000000
    2        0.0000000000000000
    3        0.0000000000000000
    4        0.0000000000000000
    5        0.0000000000000000
    6     1462.0123665681794591
    7     1462.8892206825998983
    8     1468.4255970145752599
    9     1671.1284446216120614
   10     1671.1516842987541622
   11     3097.3984632816168414
   12     3182.4245650786801889
   13     3188.9171451627712486
   14     3232.9095795212392659

$normal_modes
15 15
                    0                  1                  2                  3                  4        
    0      0.0000000000E+00   0.0000000000E+00   0.0000000000E+00   0.0000000000E+00   0.0000000000E+00
    1      0.0000000000E+00   0.0000000000E+00   0.0000000000E+00   0.0000000000E+00   0.0000000000E+00
    2      0.0000000000E+00   0.0000000000E+00   0.0000000000E+00   0.0000000000E+00   0.0000000000E+00
    3      0.0000000000E+00   0.0000000000E+00   0.0000000000E+00   0.0000000000E+00   0.0000000000E+00
    4      0.0000000000E+00   0.0000000000E+00   0.0000000000E+00   0.0000000000E+00   0.0000000000E+00
    5      0.0000000000E+00   0.0000000000E+00   0.0000000000E+00   0.0000000000E+00   0.0000000000E+00
    6      0.0000000000E+00   0.0000000000E+00   0.0000000000E+00   0.0000000000E+00   0.0000000000E+00
    7      0.0000000000E+00   0.0000000000E+00   0.0000000000E+00   0.0000000000E+00   0.0000000000E+00
    8      0.0000000000E+00   0.0000000000E+00   0.0000000000E+00   0.0000000000E+00   0.0000000000E+00
    9      0.0000000000E+00   0.0000000000E+00   0.0000000000E+00   0.0000000000E+00   0.0000000000E+00
   10      0.0000000000E+00   0.0000000000E+00   0.0000000000E+00   0.0000000000E+00   0.0000000000E+00
   11      0.0000000000E+00   0.0000000000E+00   0.0000000000E+00   0.0000000000E+00   0.0000000000E+00
   12      0.0000000000E+00   0.0000000000E+00   0.0000000000E+00   0.0000000000E+00   0.0000000000E+00
   13      0.0000000000E+00   0.0000000000E+00   0.0000000000E+00   0.0000000000E+00   0.0000000000E+00
   14      0.0000000000E+00   0.0000000000E+00   0.0000000000E+00   0.0000000000E+00   0.0000000000E+00
                    5                  6                  7                  8                  9        
    0      0.0000000000E+00   1.4062512386E-01   7.4729353209E-02  -9.1555251934E-02  -1.2506798475E-01
    1      0.0000000000E+00   2.2502002311E-01  -5.1648857042E-01   5.0643318397E-05  -2.0915684152E-01
    2      0.0000000000E+00   4.9542440417E-01   2.1280296814E-01  -3.9147609425E-04  -4.2906710233E-01
    3      0.0000000000E+00  -3.4255520403E-02  -1.8146736942E-02  -1.0806145861E-01  -4.3537097282E-04
    4      0.0000000000E+00  -4.6143251902E-02   1.0527282116E-01  -3.0501146184E-03  -4.6966341231E-04
    5      0.0000000000E+00  -9.9626919941E-02  -4.2518664249E-02   3.8568860820E-02  -8.9585143605E-04
    6      0.0000000000E+00  -1.8751808679E-01   3.5929054835E-02   4.1567438316E-01   3.8779998895E-01
    7      0.0000000000E+00   6.3092472051E-02  -5.2568933137E-01  -3.3951805657E-02   4.5312287879E-02
    8      0.0000000000E+00   1.3836846684E-02   1.3642488731E-01  -3.3062714183E-01  -3.0610670413E-01
    9      0.0000000000E+00   1.8989828540E-01   1.5336791786E-01   4.9836606115E-01  -8.1155079751E-02
   10      0.0000000000E+00   3.6428498791E-01  -1.3853977729E-01  -1.4355875003E-01   3.7445337362E-01
   11      0.0000000000E+00   3.1769672103E-01  -2.0283160310E-01  -1.2270998513E-02   3.2546550501E-01
   12      0.0000000000E+00   2.6486929039E-01  -4.7956238004E-02   4.6418408239E-01  -1.7639303687E-01
   13      0.0000000000E+00  -1.0297768786E-01  -7.2747767299E-02   2.1377710459E-01  -2.0501661820E-01
   14      0.0000000000E+00   3.5928269596E-01   3.5986619864E-01  -1.1594320179E-01   4.2037505102E-01
                   10                 11                 12                 13                 14        
    0      7.0312547958E-02   3.3114194122E-01   3.4852286934E-02   1.7390676290E-02  -8.5625741305E-01
    1     -4.4528767200E-01   7.9530036264E-03  -6.7035533446E-03   1.7227073297E-02  -2.0506943734E-02
    2      1.9663807582E-01  -9.9219768288E-02  -2.8124689129E-02  -1.3202575017E-02   2.5861515218E-01
    3      2.7044843644E-04   1.6007408390E-02  -2.4097484776E-02  -1.3298779179E-02   8.2227062593E-02
    4     -1.2247803340E-03   4.0659785859E-04  -3.6391505679E-02   8.0020966940E-02   2.2006646735E-03
    5      5.1269814794E-04  -4.3977731405E-04  -7.6176662379E-02  -3.3912876963E-02  -2.7931232956E-02
    6     -1.1528648817E-01  -3.2853974485E-01   4.3501488399E-01   6.2120971621E-02  -7.8790533729E-02
    7      4.8535756330E-01  -1.5097410789E-01   1.9275396540E-01   4.5344026557E-02  -4.2515853854E-02
    8     -7.8345762906E-02  -4.4539825545E-01   5.7437915232E-01   8.0077209483E-02  -1.3186120818E-01
    9      4.8487608815E-01  -5.2703185426E-02  -3.8330032066E-02  -8.4575275009E-02  -7.1637143946E-03
   10      2.8435978417E-02  -3.4089237755E-01  -2.0986834878E-01  -4.7954030460E-01  -1.3829094008E-01
   11      9.9674319460E-02   3.7764512729E-01   2.0900018911E-01   5.4223065142E-01   1.4831403736E-01
   12     -4.4312233114E-01  -1.4049648028E-01  -1.4461251596E-01   1.6340991246E-01  -3.6851886125E-02
   13     -5.3922620112E-02   4.7907219077E-01   4.5712536031E-01  -5.3582673955E-01   1.7511080042E-01
   14     -2.2407124139E-01   1.7220924959E-01   1.5176781620E-01  -2.0531046977E-01   5.7504424317E-02

#
# The atoms: label  mass x y z (in bohrs)
#
$atoms
5
 H      1.00783      1.963818939244     0.047129205963    -0.594170188648
 C     12.00000      0.000853957746     0.000017871095    -0.000117123650
 H      1.00783     -1.189240276195    -0.541807711325    -1.597469408032
 H      1.00783     -0.224825426690    -1.373442461854     1.521323074291
 H      1.00783     -0.559921164946     1.867908179149     0.671711093630

$actual_temperature
  0.000000

$frequency_scale_factor
  1.000000

$dipole_derivatives
15
   -1.6281898627E-01   -5.4481579172E-03    6.8439132078E-02
   -5.4454631236E-03    6.3539169821E-02    1.5958618847E-03
    6.8328108048E-02    1.5940124539E-03    4.2928215185E-02
    7.4452559496E-02   -3.1964660053E-05    2.3265029855E-03
   -3.1971426928E-05    8.0200612688E-02    4.3505279539E-04
    2.3266266781E-03    4.3505208658E-04    8.0108031817E-02
   -1.8778879626E-02   -3.7785161032E-02   -1.1170328442E-01
   -3.7944448463E-02    4.6117755250E-02   -5.1084485765E-02
   -1.1224153153E-01   -5.1115730312E-02   -8.7150543742E-02
    6.1253279017E-02   -1.7667785917E-02    1.9302359746E-02
   -1.8093209181E-02   -4.7664960879E-02    1.2303747315E-01
    1.9766005384E-02    1.2299124249E-01   -7.2800073390E-02
    4.5892027384E-02    6.0933069527E-02    2.1635289606E-02
    6.1515092194E-02   -1.4219257688E-01   -7.3983902064E-02
    2.1820791418E-02   -7.3904576723E-02    3.6914370130E-02

#
# The IR spectrum
#  wavenumber T**2 TX TY TZ
#
$ir_spectrum
15
      0.00   0.00000000     0.000000     0.000000     0.000000
      0.00   0.00000000     0.000000     0.000000     0.000000
      0.00   0.00000000     0.000000     0.000000     0.000000
      0.00   0.00000000     0.000000     0.000000     0.000000
      0.00   0.00000000     0.000000     0.000000     0.000000
      0.00   0.00000000     0.000000     0.000000     0.000000
   1462.01   0.00046099     0.006393     0.008614     0.018599
   1462.89   0.00046435     0.003400    -0.019730     0.007969
   1468.43   0.00048427     0.020717     0.000585    -0.007397
   1671.13   0.00000010     0.000125     0.000134     0.000254
   1671.15   0.00000015    -0.000078     0.000351    -0.000147
   3097.40   0.00003040     0.005510     0.000141    -0.000130
   3182.42   0.00087531    -0.008129    -0.012263    -0.025668
   3188.92   0.00087012    -0.004466     0.026847    -0.011377
   3232.91   0.00080217     0.026811     0.000717    -0.009101


$end

