
$orca_hessian_file

$act_atom
  0

$act_coord
  0

$act_energy
        0.000000

$multiplicity
  1

$hessian
15
                    0                  1                  2                  3                  4        
    0      3.3289897073E-01   6.5427820900E-03  -8.4592194397E-02  -3.0678270614E-01  -5.8110829206E-03
    1      6.5427820900E-03   5.3092507025E-02  -1.9286464304E-03  -6.0273295326E-03  -5.5566955455E-02
    2     -8.4592194397E-02  -1.9286464304E-03   7.8474421584E-02   7.6047843364E-02   1.6400328093E-03
    3     -3.0678270614E-01  -6.0273295326E-03   7.6047843364E-02   5.8892482077E-01  -2.0758992370E-03
    4     -5.8110829206E-03  -5.5566955455E-02   1.6400328093E-03  -2.0758992370E-03   5.8789235888E-01
    5      7.5905905473E-02   1.7020578517E-03  -7.8331360976E-02   1.1770104215E-03   7.8990923933E-03
    6     -1.7815948481E-02  -9.0880243381E-03  -2.8033132055E-02  -1.4696148817E-01  -4.1845421860E-02
    7     -3.4504678558E-05  -1.1645567943E-03   3.4333317414E-04  -4.1709060961E-02  -7.4335615895E-02
    8      6.3193104196E-03   3.8791490139E-03   1.1059474663E-02  -1.2315116847E-01  -5.6378377569E-02
    9     -1.0911793275E-03  -2.4436420980E-02   2.5904227290E-02  -5.9638218788E-02  -1.9144239277E-02
   10     -5.7537102490E-04   1.5447848198E-04  -1.3482252886E-03  -1.9103912537E-02  -1.7351190827E-01
   11      5.6747434730E-04   5.2703968263E-03  -7.0142153996E-03   2.1181135852E-02   1.2951461052E-01
   12     -7.2091367814E-03   3.3008992760E-02   1.0673255799E-02  -7.5542407678E-02   6.8876643295E-02
   13     -1.2182346600E-04   3.4845267415E-03   1.2935057356E-03   6.8916202268E-02  -2.8447787926E-01
   14      1.7995041568E-03  -8.9229572616E-03  -4.1883198711E-03   2.4745178832E-02  -8.2675358151E-02
                    5                  6                  7                  8                  9        
    0      7.5905905473E-02  -1.7815948481E-02  -3.4504678558E-05   6.3193104196E-03  -1.0911793275E-03
    1      1.7020578517E-03  -9.0880243381E-03  -1.1645567943E-03   3.8791490139E-03  -2.4436420980E-02
    2     -7.8331360976E-02  -2.8033132055E-02   3.4333317414E-04   1.1059474663E-02   2.5904227290E-02
    3      1.1770104215E-03  -1.4696148817E-01  -4.1709060961E-02  -1.2315116847E-01  -5.9638218788E-02
    4      7.8990923933E-03  -4.1845421860E-02  -7.4335615895E-02  -5.6378377569E-02  -1.9144239277E-02
    5      5.8331560569E-01  -1.2308844784E-01  -5.6166671117E-02  -2.2049438546E-01   2.1214036408E-02
    6     -1.2308844784E-01   1.5483139826E-01   4.6568995811E-02   1.3700049491E-01   2.9156921297E-03
    7     -5.6166671117E-02   4.6568995811E-02   7.4055247745E-02   6.2595213733E-02   1.6078298289E-02
    8     -2.2049438546E-01   1.3700049491E-01   6.2595213733E-02   2.3668543941E-01  -1.4720569743E-02
    9      2.1214036408E-02   2.9156921297E-03   1.6078298289E-02  -1.4720569743E-02   5.7461805113E-02
   10      1.2944277834E-01   2.7184728822E-03   8.1738750627E-03  -8.1089321391E-03   2.1416117243E-02
   11     -1.9994519008E-01   4.4355250956E-03   1.8577323865E-02  -1.9038235635E-02  -2.3720974032E-02
   12      2.4791495539E-02   7.0303462554E-03  -2.0903728460E-02  -5.4480671147E-03   3.5190087270E-04
   13     -8.2877257469E-02   1.6459775049E-03  -6.7289501184E-03  -1.9870530385E-03   6.0862447240E-03
   14     -8.4544669173E-02   9.6855598951E-03  -2.5349199655E-02  -8.2122929722E-03  -8.6767199229E-03
                   10                 11                 12                 13                 14        
    0     -5.7537102490E-04   5.6747434730E-04  -7.2091367814E-03  -1.2182346600E-04   1.7995041568E-03
    1      1.5447848198E-04   5.2703968263E-03   3.3008992760E-02   3.4845267415E-03  -8.9229572616E-03
    2     -1.3482252886E-03  -7.0142153996E-03   1.0673255799E-02   1.2935057356E-03  -4.1883198711E-03
    3     -1.9103912537E-02   2.1181135852E-02  -7.5542407678E-02   6.8916202268E-02   2.4745178832E-02
    4     -1.7351190827E-01   1.2951461052E-01   6.8876643295E-02  -2.8447787926E-01  -8.2675358151E-02
    5      1.2944277834E-01  -1.9994519008E-01   2.4791495539E-02  -8.2877257469E-02  -8.4544669173E-02
    6      2.7184728822E-03   4.4355250956E-03   7.0303462554E-03   1.6459775049E-03   9.6855598951E-03
    7      8.1738750627E-03   1.8577323865E-02  -2.0903728460E-02  -6.7289501184E-03  -2.5349199655E-02
    8     -8.1089321391E-03  -1.9038235635E-02  -5.4480671147E-03  -1.9870530385E-03  -8.2122929722E-03
    9      2.1416117243E-02  -2.3720974032E-02   3.5190087270E-04   6.0862447240E-03  -8.6767199229E-03
   10      1.8494343267E-01  -1.4499766094E-01  -4.4553065640E-03  -1.9759877938E-02   2.5012040027E-02
   11     -1.4499766094E-01   2.1452956776E-01  -2.4631612627E-03  -8.3646702684E-03   1.1468073351E-02
   12     -4.4553065640E-03  -2.4631612627E-03   7.5369297332E-02  -7.6526601031E-02  -2.7553522961E-02
   13     -1.9759877938E-02  -8.3646702684E-03  -7.6526601031E-02   3.0748218058E-01   9.1935475040E-02
   14      2.5012040027E-02   1.1468073351E-02  -2.7553522961E-02   9.1935475040E-02   8.5477208666E-02

$vibrational_frequencies
15
    0        0.0000000000000000
    1        0.0000000000000000
    2        0.0000000000000000
    3        0.0000000000000000
    4        0.0000000000000000
    5        0.0000000000000000
    6     1460.7384678739126684
    7     1465.3517829415741289
    8     1467.2490827212166096
    9     1671.1189599656079281
   10     1671.1584198158736854
   11     3095.0845559074373341
   12     3177.8751267808656849
   13     3207.1231734000748475
   14     3221.5583440877949215

$normal_modes
15 15
                    0                  1                  2                  3                  4        
    0      0.0000000000E+00   0.0000000000E+00   0.0000000000E+00   0.0000000000E+00   0.0000000000E+00
    1      0.0000000000E+00   0.0000000000E+00   0.0000000000E+00   0.0000000000E+00   0.0000000000E+00
    2      0.0000000000E+00   0.0000000000E+00   0.0000000000E+00   0.0000000000E+00   0.0000000000E+00
    3      0.0000000000E+00   0.0000000000E+00   0.0000000000E+00   0.0000000000E+00   0.0000000000E+00
    4      0.0000000000E+00   0.0000000000E+00   0.0000000000E+00   0.0000000000E+00   0.0000000000E+00
    5      0.0000000000E+00   0.0000000000E+00   0.0000000000E+00   0.0000000000E+00   0.0000000000E+00
    6      0.0000000000E+00   0.0000000000E+00   0.0000000000E+00   0.0000000000E+00   0.0000000000E+00
    7      0.0000000000E+00   0.0000000000E+00   0.0000000000E+00   0.0000000000E+00   0.0000000000E+00
    8      0.0000000000E+00   0.0000000000E+00   0.0000000000E+00   0.0000000000E+00   0.0000000000E+00
    9      0.0000000000E+00   0.0000000000E+00   0.0000000000E+00   0.0000000000E+00   0.0000000000E+00
   10      0.0000000000E+00   0.0000000000E+00   0.0000000000E+00   0.0000000000E+00   0.0000000000E+00
   11      0.0000000000E+00   0.0000000000E+00   0.0000000000E+00   0.0000000000E+00   0.0000000000E+00
   12      0.0000000000E+00   0.0000000000E+00   0.0000000000E+00   0.0000000000E+00   0.0000000000E+00
   13      0.0000000000E+00   0.0000000000E+00   0.0000000000E+00   0.0000000000E+00   0.0000000000E+00
   14      0.0000000000E+00   0.0000000000E+00   0.0000000000E+00   0.0000000000E+00   0.0000000000E+00
                    5                  6                  7                  8                  9        
    0      0.0000000000E+00   1.5230225684E-01   1.4354080469E-02  -9.7100302544E-02   1.2387249088E-01
    1      0.0000000000E+00  -3.2611463945E-01   2.0894549544E-02  -4.5190448259E-01   2.1635922468E-01
    2      0.0000000000E+00   3.5604083206E-01   3.0203632968E-01  -2.5624796729E-01   4.2714927482E-01
    3      0.0000000000E+00   2.0902497782E-02  -1.1067916020E-01  -2.2619273920E-02  -5.1976795327E-05
    4      0.0000000000E+00   6.8767576973E-02  -5.8531146002E-03   9.1872949599E-02   8.5332696751E-04
    5      0.0000000000E+00  -8.9865560199E-02  -3.0222784801E-02   6.5042795174E-02   2.6913836611E-04
    6      0.0000000000E+00  -2.2666623160E-01   2.5146545116E-01   3.1118819768E-01  -3.8601439099E-01
    7      0.0000000000E+00  -3.9019812383E-01  -1.0735863947E-01  -3.5544634583E-01  -6.0107533631E-02
    8      0.0000000000E+00   2.6343948562E-01  -2.3712441260E-01  -5.0921282543E-02   3.0858380526E-01
    9      0.0000000000E+00  -3.1838014776E-02   5.3222831421E-01   1.1499226770E-01   7.3160982537E-02
   10      0.0000000000E+00   9.2656994708E-02   5.1309792480E-02  -4.0125306332E-01  -3.7297866715E-01
   11      0.0000000000E+00  -3.5208705603E-02   1.1860283186E-01  -3.5623671525E-01  -3.2661979574E-01
   12      0.0000000000E+00  -1.4268047057E-01   5.1978995337E-01  -5.9756343361E-02   1.8959979638E-01
   13      0.0000000000E+00  -1.9514798932E-01   1.0484633025E-01   1.1468842036E-01   2.0656655809E-01
   14      0.0000000000E+00   4.8574221760E-01   1.7634277197E-01  -1.1104745405E-01  -4.1231786875E-01
                   10                 11                 12                 13                 14        
    0     -7.3683409578E-02  -4.1418054929E-01   4.7973942435E-01   6.2605598023E-01   2.2639677711E-01
    1      4.4657313236E-01  -1.3851000268E-02   1.5930334888E-03   1.3896566733E-02   1.9424962287E-02
    2     -2.1409055589E-01   1.2860344255E-01  -1.3220326732E-01  -1.9931425350E-01  -6.0246377816E-02
    3      1.3437602788E-03   1.1971674302E-04  -1.9495685066E-02  -8.3866521286E-02  -1.8476379681E-02
    4     -4.8482718724E-05  -1.8656716546E-02  -4.6986853601E-02  -4.8628190041E-03   7.1911399814E-02
    5      4.0095281944E-04   1.5424822908E-02   6.7881424485E-02  -2.6152653981E-02   4.6962821958E-02
    6      1.2047992029E-01   2.3662550693E-01  -2.3800278614E-01   3.7905946066E-01  -2.2412604299E-01
    7     -4.7536546875E-01   1.0383639999E-01  -1.1659032616E-01   1.7993491763E-01  -8.6582090574E-02
    8      7.3573393027E-02   3.2111401496E-01  -3.0012927293E-01   5.2613444099E-01  -2.8669302706E-01
    9     -4.9608412779E-01   7.7012589688E-02   6.8940533631E-02  -2.0892083653E-02  -1.0624104357E-02
   10     -1.8892686010E-02   4.6673720794E-01   4.3601776738E-01  -3.0373724748E-02  -3.0044963022E-02
   11     -9.0057175667E-02  -5.1789476274E-01  -4.7956235698E-01   2.7576007633E-02   5.7187220767E-02
   12      4.3328769366E-01   9.9117005925E-02  -7.8545389730E-02   1.4360943852E-02   2.2834845775E-01
   13      4.8262297821E-02  -3.3458027998E-01   2.3844394141E-01  -1.0555700682E-01  -7.5903462654E-01
   14      2.2580026200E-01  -1.1548341858E-01   1.0364240522E-01  -4.3001024588E-02  -2.6942609136E-01

#
# The atoms: label  mass x y z (in bohrs)
#
$atoms
5
 H      1.00783      1.970620217170     0.047437140946    -0.596352081458
 C     12.00000     -0.000066841120     0.000719874192    -0.000458960486
 H      1.00783     -1.186069744378    -0.540139303437    -1.593032362876
 H      1.00783     -0.225653527596    -1.377234032734     1.525610031158
 H      1.00783     -0.558101079435     1.861364776544     0.669239177054

$actual_temperature
  0.000000

$frequency_scale_factor
  1.000000

$dipole_derivatives
15
   -1.6460352329E-01   -5.7229193683E-03    6.9282169408E-02
   -6.2509607841E-03    6.3659851328E-02    2.2866493687E-03
    6.9626836710E-02    2.1351397865E-03    4.2489162988E-02
    7.7221095991E-02    9.5543370652E-04   -5.5134347646E-04
    9.5550787689E-04    7.7719225111E-02   -3.6528185490E-03
   -5.5138856784E-04   -3.6528238733E-03    7.9821578546E-02
   -1.8909788669E-02   -3.7752410523E-02   -1.1118576353E-01
   -3.7417134910E-02    4.6879268522E-02   -4.9696695856E-02
   -1.1133242299E-01   -5.0213865883E-02   -8.6088213577E-02
    6.0660075124E-02   -1.8498804215E-02    2.0440371295E-02
   -1.8398323887E-02   -4.7879951117E-02    1.2397758997E-01
    2.0357561469E-02    1.2415156255E-01   -7.3720389733E-02
    4.5632140845E-02    6.1018700399E-02    2.2014566301E-02
    6.1110911704E-02   -1.4037839384E-01   -7.2914724934E-02
    2.1899413376E-02   -7.2420012579E-02    3.7497861776E-02

#
# The IR spectrum
#  wavenumber T**2 TX TY TZ
#
$ir_spectrum
15
      0.00   0.00000000     0.000000     0.000000     0.000000
      0.00   0.00000000     0.000000     0.000000     0.000000
      0.00   0.00000000     0.000000     0.000000     0.000000
      0.00   0.00000000     0.000000     0.000000     0.000000
      0.00   0.00000000     0.000000     0.000000     0.000000
      0.00   0.00000000     0.000000     0.000000     0.000000
   1460.74   0.00045594    -0.003879    -0.012759     0.016676
   1465.35   0.00047328     0.020959     0.001109     0.005724
   1467.25   0.00048040     0.004317    -0.017537    -0.012418
   1671.12   0.00000007     0.000016    -0.000249    -0.000082
   1671.16   0.00000017    -0.000391     0.000014    -0.000116
   3095.08   0.00007154     0.000025    -0.006502     0.005410
   3177.88   0.00082474    -0.006584    -0.015927     0.022973
   3207.12   0.00085009    -0.027791    -0.001604    -0.008672
   3221.56   0.00083164    -0.006064     0.023614     0.015403


$end

