
$orca_hessian_file

$act_atom
  0

$act_coord
  0

$act_energy
        0.000000

$multiplicity
  1

$hessian
15
                    0                  1                  2                  3                  4        
    0      3.3080971631E-01   6.5395967959E-03  -8.4217788460E-02  -3.0468407392E-01  -5.8054262788E-03
    1      6.5395967959E-03   5.3358669004E-02  -1.9952953362E-03  -5.9431398850E-03  -5.5902857799E-02
    2     -8.4217788460E-02  -1.9952953362E-03   7.8653753286E-02   7.5421511460E-02   1.7859402757E-03
    3     -3.0468407392E-01  -5.9431398850E-03   7.5421511460E-02   5.8273756712E-01  -3.3607518958E-03
    4     -5.8054262788E-03  -5.5902857799E-02   1.7859402757E-03  -3.3607518958E-03   5.9418580519E-01
    5      7.5642921453E-02   1.8329224549E-03  -7.8439550482E-02  -4.8334488480E-03  -8.4116282434E-04
    6     -1.7712845135E-02  -9.0197885219E-03  -2.7885584142E-02  -1.4416576863E-01  -4.0034223913E-02
    7     -7.2474179043E-05  -1.1878046006E-03   3.2475938826E-04  -3.9957961641E-02  -7.4743025255E-02
    8      6.1820467351E-03   3.8411071461E-03   1.0948471747E-02  -1.1790734626E-01  -5.3819846345E-02
    9     -1.1788554912E-03  -2.4560929954E-02   2.6041499637E-02  -5.8468602770E-02  -2.0030656917E-02
   10     -5.3549201701E-04   2.2515184567E-04  -1.4287465528E-03  -2.0031915108E-02  -1.7796633972E-01
   11      5.6515236052E-04   5.2580846428E-03  -6.9741656411E-03   2.2334080128E-02   1.3585566622E-01
   12     -7.2339417577E-03   3.2984261565E-02   1.0640361504E-02  -7.5419121794E-02   6.9231059004E-02
   13     -1.2620432096E-04   3.5068415497E-03   1.3133422250E-03   6.9293768530E-02  -2.8557358242E-01
   14      1.8276679105E-03  -8.9368189077E-03  -4.1885089096E-03   2.4985203520E-02  -8.2980597325E-02
                    5                  6                  7                  8                  9        
    0      7.5642921453E-02  -1.7712845135E-02  -7.2474179043E-05   6.1820467351E-03  -1.1788554912E-03
    1      1.8329224549E-03  -9.0197885219E-03  -1.1878046006E-03   3.8411071461E-03  -2.4560929954E-02
    2     -7.8439550482E-02  -2.7885584142E-02   3.2475938826E-04   1.0948471747E-02   2.6041499637E-02
    3     -4.8334488480E-03  -1.4416576863E-01  -3.9957961641E-02  -1.1790734626E-01  -5.8468602770E-02
    4     -8.4116282434E-04  -4.0034223913E-02  -7.4743025255E-02  -5.3819846345E-02  -2.0030656917E-02
    5      5.8320825332E-01  -1.1801597698E-01  -5.3766909264E-02  -2.1489784549E-01   2.2290710648E-02
    6     -1.1801597698E-01   1.5206061115E-01   4.4784949651E-02   1.3198975375E-01   2.8606529075E-03
    7     -5.3766909264E-02   4.4784949651E-02   7.4332737351E-02   6.0209714664E-02   1.6072069967E-02
    8     -2.1489784549E-01   1.3198975375E-01   6.0209714664E-02   2.3124659951E-01  -1.4818219630E-02
    9      2.2290710648E-02   2.8606529075E-03   1.6072069967E-02  -1.4818219630E-02   5.6412971829E-02
   10      1.3559949155E-01   2.7034957040E-03   8.2467719458E-03  -8.2419400219E-03   2.2346095058E-02
   11     -2.0540779866E-01   4.3426957882E-03   1.8468493904E-02  -1.9053607102E-02  -2.4778045844E-02
   12      2.4915793725E-02   6.9573497047E-03  -2.0826583798E-02  -5.4462345995E-03   3.7383352468E-04
   13     -8.2824341916E-02   1.5655670796E-03  -6.6486794405E-03  -1.9890354427E-03   6.1734218462E-03
   14     -8.4463058691E-02   9.5691115771E-03  -2.5236058692E-02  -8.2436186608E-03  -8.7359448118E-03
                   10                 11                 12                 13                 14        
    0     -5.3549201701E-04   5.6515236052E-04  -7.2339417577E-03  -1.2620432096E-04   1.8276679105E-03
    1      2.2515184567E-04   5.2580846428E-03   3.2984261565E-02   3.5068415497E-03  -8.9368189077E-03
    2     -1.4287465528E-03  -6.9741656411E-03   1.0640361504E-02   1.3133422250E-03  -4.1885089096E-03
    3     -2.0031915108E-02   2.2334080128E-02  -7.5419121794E-02   6.9293768530E-02   2.4985203520E-02
    4     -1.7796633972E-01   1.3585566622E-01   6.9231059004E-02  -2.8557358242E-01  -8.2980597325E-02
    5      1.3559949155E-01  -2.0540779866E-01   2.4915793725E-02  -8.2824341916E-02  -8.4463058691E-02
    6      2.7034957040E-03   4.3426957882E-03   6.9573497047E-03   1.5655670796E-03   9.5691115771E-03
    7      8.2467719458E-03   1.8468493904E-02  -2.0826583798E-02  -6.6486794405E-03  -2.5236058692E-02
    8     -8.2419400219E-03  -1.9053607102E-02  -5.4462345995E-03  -1.9890354427E-03  -8.2436186608E-03
    9      2.2346095058E-02  -2.4778045844E-02   3.7383352468E-04   6.1734218462E-03  -8.7359448118E-03
   10      1.8936014018E-01  -1.5105366808E-01  -4.4821836368E-03  -1.9865724258E-02   2.5124863109E-02
   11     -1.5105366808E-01   2.1985125252E-01  -2.4638824331E-03  -8.5285766821E-03   1.1584318881E-02
   12     -4.4821836368E-03  -2.4638824331E-03   7.5321880322E-02  -7.6906553135E-02  -2.7646038196E-02
   13     -1.9865724258E-02  -8.5285766821E-03  -7.6906553135E-02   3.0858114456E-01   9.2028611816E-02
   14      2.5124863109E-02   1.1584318881E-02  -2.7646038196E-02   9.2028611816E-02   8.5310867380E-02

$vibrational_frequencies
15
    0        0.0000000000000000
    1        0.0000000000000000
    2        0.0000000000000000
    3        0.0000000000000000
    4        0.0000000000000000
    5        0.0000000000000000
    6     1460.9579873781221977
    7     1464.6941149323206446
    8     1467.6863205513050161
    9     1671.1147451294434632
   10     1671.1635154395821701
   11     3095.8173097000462803
   12     3177.3067309531979845
   13     3203.2452387005641867
   14     3225.2651902456223070

$normal_modes
15 15
                    0                  1                  2                  3                  4        
    0      0.0000000000E+00   0.0000000000E+00   0.0000000000E+00   0.0000000000E+00   0.0000000000E+00
    1      0.0000000000E+00   0.0000000000E+00   0.0000000000E+00   0.0000000000E+00   0.0000000000E+00
    2      0.0000000000E+00   0.0000000000E+00   0.0000000000E+00   0.0000000000E+00   0.0000000000E+00
    3      0.0000000000E+00   0.0000000000E+00   0.0000000000E+00   0.0000000000E+00   0.0000000000E+00
    4      0.0000000000E+00   0.0000000000E+00   0.0000000000E+00   0.0000000000E+00   0.0000000000E+00
    5      0.0000000000E+00   0.0000000000E+00   0.0000000000E+00   0.0000000000E+00   0.0000000000E+00
    6      0.0000000000E+00   0.0000000000E+00   0.0000000000E+00   0.0000000000E+00   0.0000000000E+00
    7      0.0000000000E+00   0.0000000000E+00   0.0000000000E+00   0.0000000000E+00   0.0000000000E+00
    8      0.0000000000E+00   0.0000000000E+00   0.0000000000E+00   0.0000000000E+00   0.0000000000E+00
    9      0.0000000000E+00   0.0000000000E+00   0.0000000000E+00   0.0000000000E+00   0.0000000000E+00
   10      0.0000000000E+00   0.0000000000E+00   0.0000000000E+00   0.0000000000E+00   0.0000000000E+00
   11      0.0000000000E+00   0.0000000000E+00   0.0000000000E+00   0.0000000000E+00   0.0000000000E+00
   12      0.0000000000E+00   0.0000000000E+00   0.0000000000E+00   0.0000000000E+00   0.0000000000E+00
   13      0.0000000000E+00   0.0000000000E+00   0.0000000000E+00   0.0000000000E+00   0.0000000000E+00
   14      0.0000000000E+00   0.0000000000E+00   0.0000000000E+00   0.0000000000E+00   0.0000000000E+00
                    5                  6                  7                  8                  9        
    0      0.0000000000E+00  -9.0385572892E-02   1.5568978480E-01   3.9732140477E-03   7.4081518232E-02
    1      0.0000000000E+00  -9.3427059384E-02  -1.1294654977E-01   5.3934295674E-01  -4.4176860290E-01
    2      0.0000000000E+00  -4.5795227608E-01   2.6271369553E-01  -2.2264039231E-02   2.1054119684E-01
    3      0.0000000000E+00   8.4466697166E-02   7.1117464027E-02   3.2068855913E-02  -2.1496270167E-04
    4      0.0000000000E+00   2.0704079796E-02   2.5205904969E-02  -1.1008496782E-01  -6.5697330469E-04
    5      0.0000000000E+00   7.5339121887E-02  -8.6660934295E-02  -5.7014226947E-03  -2.1846035897E-04
    6      0.0000000000E+00  -4.7907422865E-02  -4.0097471516E-01  -2.0169853188E-01  -1.2412461881E-01
    7      0.0000000000E+00   6.5612463495E-02  -1.4894820407E-01   5.0813610366E-01   4.7881667277E-01
    8      0.0000000000E+00   1.2049669186E-01   3.3023473167E-01  -3.6682468570E-02  -7.0858359572E-02
    9      0.0000000000E+00  -4.2628242560E-01  -2.9104573351E-01  -1.9830512125E-01   4.9118240775E-01
   10      0.0000000000E+00  -2.2147106752E-01   2.1218965083E-01   2.8950845908E-01   2.0863692126E-02
   11      0.0000000000E+00  -2.3032254118E-01   5.8441877702E-02   2.9963994520E-01   9.2096583692E-02
   12      0.0000000000E+00  -4.4115507112E-01  -3.1045279658E-01   1.4192065701E-02  -4.3857978311E-01
   13      0.0000000000E+00   2.7657322542E-03  -2.5041728923E-01  -2.6224667152E-02  -5.0089293414E-02
   14      0.0000000000E+00  -3.2927189194E-01   3.8046659316E-01  -1.7280757413E-01  -2.2917825089E-01
                   10                 11                 12                 13                 14        
    0      1.2760616766E-01  -4.5917027964E-01  -5.4989718191E-01   5.5117957475E-01  -1.6519959402E-01
    1      2.2064507380E-01  -1.2892403677E-02  -1.0645404722E-02   8.5658552271E-03  -2.0193075016E-02
    2      4.3324565144E-01   1.3467293074E-01   1.8133138289E-01  -1.5653571736E-01   4.9814114796E-02
    3      8.3459088538E-04  -5.8665610892E-03   6.8680142554E-02  -4.8700771767E-02   2.4712013143E-02
    4      1.4244113567E-04  -9.4382778425E-03   1.2737544392E-02  -2.3084722385E-02  -8.3593879693E-02
    5     -1.2627574280E-03  -1.8851689240E-02   5.0370602592E-02   6.8976229675E-02  -9.2080421624E-03
    6     -3.9343547416E-01   3.8925734727E-01  -3.8018622796E-01  -8.4587309305E-02   5.4684056438E-02
    7     -5.7207523667E-02   1.7613071023E-01  -1.7721279143E-01  -3.8779144131E-02   7.0292055636E-03
    8      3.1146057205E-01   5.2082072672E-01  -5.1940912344E-01  -8.7754378367E-02   6.5502148237E-02
    9      6.8795152057E-02   4.4049560001E-02   4.7012099934E-02   7.0511599569E-02   4.6917046313E-02
   10     -3.6663649603E-01   2.7477720436E-01   2.0314714304E-01   4.8548878811E-01   2.4025776593E-01
   11     -3.2304130091E-01  -3.1054026696E-01  -2.1134344823E-01  -5.2803420320E-01  -2.8559657642E-01
   12      1.8709682375E-01   9.5715510216E-02   6.5308618707E-02   4.2767881082E-02  -2.3064321560E-01
   13      2.0150292370E-01  -3.2563555359E-01  -1.6695270580E-01  -1.8040966460E-01   7.6824410787E-01
   14     -4.0662948622E-01  -1.2048955635E-01  -5.0332946872E-02  -4.8963850933E-02   2.7991889391E-01

#
# The atoms: label  mass x y z (in bohrs)
#
$atoms
5
 H      1.00783      1.972397104930     0.047427101548    -0.596646640442
 C     12.00000      0.000092915474     0.000460129438     0.000709163716
 H      1.00783     -1.191134065968    -0.542512742514    -1.599643567672
 H      1.00783     -0.224563605051    -1.370827508484     1.518689566767
 H      1.00783     -0.557805762546     1.860434467058     0.669156750477

$actual_temperature
  0.000000

$frequency_scale_factor
  1.000000

$dipole_derivatives
15
   -1.6572753223E-01   -5.7638689260E-03    6.8965964979E-02
   -6.0979931255E-03    6.3966504007E-02    1.7384968732E-03
    6.8420830776E-02    1.6243043546E-03    4.2776802210E-02
    8.0087573408E-02    1.5447282369E-03    2.2425392405E-03
    1.5447850862E-03    7.4813749258E-02    4.0413708439E-04
    2.2426453236E-03    4.0419129183E-04    7.9861183423E-02
   -2.0347552983E-02   -3.8266674937E-02   -1.1262774353E-01
   -3.8080747169E-02    4.6734643250E-02   -5.0926350153E-02
   -1.1235640318E-01   -5.1052485668E-02   -8.7084987396E-02
    6.0599362014E-02   -1.8230786538E-02    1.9755829199E-02
   -1.8232187791E-02   -4.6039256808E-02    1.2218767501E-01
    1.9859965570E-02    1.2281414808E-01   -7.2670905268E-02
    4.5388149793E-02    6.0716602164E-02    2.1663410108E-02
    6.0866143000E-02   -1.3947563971E-01   -7.3403958817E-02
    2.1832961512E-02   -7.3790158059E-02    3.7117907030E-02

#
# The IR spectrum
#  wavenumber T**2 TX TY TZ
#
$ir_spectrum
15
      0.00   0.00000000     0.000000     0.000000     0.000000
      0.00   0.00000000     0.000000     0.000000     0.000000
      0.00   0.00000000     0.000000     0.000000     0.000000
      0.00   0.00000000     0.000000     0.000000     0.000000
      0.00   0.00000000     0.000000     0.000000     0.000000
      0.00   0.00000000     0.000000     0.000000     0.000000
   1460.96   0.00045677    -0.015690    -0.003844    -0.013994
   1464.69   0.00047086    -0.013430    -0.004763     0.016365
   1467.69   0.00048198    -0.006132     0.021052     0.001087
   1671.11   0.00000004     0.000059     0.000193     0.000062
   1671.16   0.00000019    -0.000243    -0.000041     0.000365
   3095.82   0.00005811    -0.002077    -0.003264    -0.006568
   3177.31   0.00084941     0.023226     0.004328     0.017066
   3203.25   0.00084640    -0.016177    -0.007659     0.022935
   3225.27   0.00082410     0.008087    -0.027377    -0.003032


$end

