
$orca_hessian_file

$act_atom
  0

$act_coord
  0

$act_energy
        0.000000

$multiplicity
  1

$hessian
15
                    0                  1                  2                  3                  4        
    0      3.3179052147E-01   6.4924113769E-03  -8.4816502477E-02  -3.0556866445E-01  -5.7100017849E-03
    1      6.4924113769E-03   5.3078238602E-02  -1.9352672125E-03  -5.6999878697E-03  -5.5724287809E-02
    2     -8.4816502477E-02  -1.9352672125E-03   7.8927767645E-02   7.6367096347E-02   1.7841203369E-03
    3     -3.0556866445E-01  -5.6999878697E-03   7.6367096347E-02   5.8591870822E-01  -5.3612933862E-04
    4     -5.7100017849E-03  -5.5724287809E-02   1.7841203369E-03  -5.3612933862E-04   5.8547274064E-01
    5      7.6345736657E-02   1.7805742499E-03  -7.8711476867E-02  -1.0356929709E-03   6.2826419329E-04
    6     -1.8095018911E-02  -9.1106810366E-03  -2.8052483643E-02  -1.4559468677E-01  -4.1195652345E-02
    7     -1.1988934767E-04  -1.0854811078E-03   2.6477705731E-04  -4.1198982738E-02  -7.4406957420E-02
    8      6.2264797996E-03   3.8130437284E-03   1.0935489332E-02  -1.2185026378E-01  -5.5605654911E-02
    9     -1.0857796381E-03  -2.4541140578E-02   2.5980572228E-02  -5.8855976227E-02  -1.9960177395E-02
   10     -5.2685894177E-04   2.0897126178E-04  -1.4410189771E-03  -1.9955742158E-02  -1.7607730175E-01
   11      5.1127691584E-04   5.1820984247E-03  -6.9386127478E-03   2.2113444982E-02   1.3437150324E-01
   12     -7.0410584658E-03   3.2859398107E-02   1.0521317545E-02  -7.5899380770E-02   6.7401960863E-02
   13     -1.3566130252E-04   3.5225590526E-03   1.3273887953E-03   6.7390842104E-02  -2.7926419366E-01
   14      1.7330091049E-03  -8.8404491904E-03  -4.2131673626E-03   2.4405415426E-02  -8.1178232860E-02
                    5                  6                  7                  8                  9        
    0      7.6345736657E-02  -1.8095018911E-02  -1.1988934767E-04   6.2264797996E-03  -1.0857796381E-03
    1      1.7805742499E-03  -9.1106810366E-03  -1.0854811078E-03   3.8130437284E-03  -2.4541140578E-02
    2     -7.8711476867E-02  -2.8052483643E-02   2.6477705731E-04   1.0935489332E-02   2.5980572228E-02
    3     -1.0356929709E-03  -1.4559468677E-01  -4.1198982738E-02  -1.2185026378E-01  -5.8855976227E-02
    4      6.2826419329E-04  -4.1195652345E-02  -7.4406957420E-02  -5.5605654911E-02  -1.9960177395E-02
    5      5.8859642838E-01  -1.2182759959E-01  -5.5599798712E-02  -2.1999493751E-01   2.2114502143E-02
    6     -1.2182759959E-01   1.5378898759E-01   4.5952003697E-02   1.3572121243E-01   2.9023850356E-03
    7     -5.5599798712E-02   4.5952003697E-02   7.3908082990E-02   6.2002034016E-02   1.6187604150E-02
    8     -2.1999493751E-01   1.3572121243E-01   6.2002034016E-02   2.3609452011E-01  -1.4760065441E-02
    9      2.2114502143E-02   2.9023850356E-03   1.6187604150E-02  -1.4760065441E-02   5.6604772046E-02
   10      1.3434796395E-01   2.7359223922E-03   8.2688771481E-03  -8.2692044521E-03   2.2120402557E-02
   11     -2.0505939773E-01   4.4897979073E-03   1.8522785445E-02  -1.8904665301E-02  -2.4699096478E-02
   12      2.4403053757E-02   6.9983330541E-03  -2.0820735761E-02  -5.3373630024E-03   4.3459878383E-04
   13     -8.1157003681E-02   1.6184072921E-03  -6.6845216106E-03  -1.9402183811E-03   6.1933112658E-03
   14     -8.4830616259E-02   9.6690728938E-03  -2.5189797805E-02  -8.1304066264E-03  -8.6359124517E-03
                   10                 11                 12                 13                 14        
    0     -5.2685894177E-04   5.1127691584E-04  -7.0410584658E-03  -1.3566130252E-04   1.7330091049E-03
    1      2.0897126178E-04   5.1820984247E-03   3.2859398107E-02   3.5225590526E-03  -8.8404491904E-03
    2     -1.4410189771E-03  -6.9386127478E-03   1.0521317545E-02   1.3273887953E-03  -4.2131673626E-03
    3     -1.9955742158E-02   2.2113444982E-02  -7.5899380770E-02   6.7390842104E-02   2.4405415426E-02
    4     -1.7607730175E-01   1.3437150324E-01   6.7401960863E-02  -2.7926419366E-01  -8.1178232860E-02
    5      1.3434796395E-01  -2.0505939773E-01   2.4403053757E-02  -8.1157003681E-02  -8.4830616259E-02
    6      2.7359223922E-03   4.4897979073E-03   6.9983330541E-03   1.6184072921E-03   9.6690728938E-03
    7      8.2688771481E-03   1.8522785445E-02  -2.0820735761E-02  -6.6845216106E-03  -2.5189797805E-02
    8     -8.2692044521E-03  -1.8904665301E-02  -5.3373630024E-03  -1.9402183811E-03  -8.1304066264E-03
    9      2.2120402557E-02  -2.4699096478E-02   4.3459878383E-04   6.1933112658E-03  -8.6359124517E-03
   10      1.8773321889E-01  -1.4966360117E-01  -4.3737238494E-03  -2.0133765548E-02   2.5025860652E-02
   11     -1.4966360117E-01   2.1945111831E-01  -2.4154233264E-03  -8.4127859371E-03   1.1451557476E-02
   12     -4.3737238494E-03  -2.4154233264E-03   7.5507507398E-02  -7.5066899360E-02  -2.7171584973E-02
   13     -2.0133765548E-02  -8.4127859371E-03  -7.5066899360E-02   3.0255992176E-01   9.0182619204E-02
   14      2.5025860652E-02   1.1451557476E-02  -2.7171584973E-02   9.0182619204E-02   8.5722632772E-02

$vibrational_frequencies
15
    0        0.0000000000000000
    1        0.0000000000000000
    2        0.0000000000000000
    3        0.0000000000000000
    4        0.0000000000000000
    5        0.0000000000000000
    6     1463.6284461627046767
    7     1464.0196792976259985
    8     1466.0445981389339067
    9     1669.7547234420972018
   10     1672.6171295086207920
   11     3101.6294700551625283
   12     3198.4412371798803179
   13     3199.0202341433450783
   14     3202.0304303966363477

$normal_modes
15 15
                    0                  1                  2                  3                  4        
    0      0.0000000000E+00   0.0000000000E+00   0.0000000000E+00   0.0000000000E+00   0.0000000000E+00
    1      0.0000000000E+00   0.0000000000E+00   0.0000000000E+00   0.0000000000E+00   0.0000000000E+00
    2      0.0000000000E+00   0.0000000000E+00   0.0000000000E+00   0.0000000000E+00   0.0000000000E+00
    3      0.0000000000E+00   0.0000000000E+00   0.0000000000E+00   0.0000000000E+00   0.0000000000E+00
    4      0.0000000000E+00   0.0000000000E+00   0.0000000000E+00   0.0000000000E+00   0.0000000000E+00
    5      0.0000000000E+00   0.0000000000E+00   0.0000000000E+00   0.0000000000E+00   0.0000000000E+00
    6      0.0000000000E+00   0.0000000000E+00   0.0000000000E+00   0.0000000000E+00   0.0000000000E+00
    7      0.0000000000E+00   0.0000000000E+00   0.0000000000E+00   0.0000000000E+00   0.0000000000E+00
    8      0.0000000000E+00   0.0000000000E+00   0.0000000000E+00   0.0000000000E+00   0.0000000000E+00
    9      0.0000000000E+00   0.0000000000E+00   0.0000000000E+00   0.0000000000E+00   0.0000000000E+00
   10      0.0000000000E+00   0.0000000000E+00   0.0000000000E+00   0.0000000000E+00   0.0000000000E+00
   11      0.0000000000E+00   0.0000000000E+00   0.0000000000E+00   0.0000000000E+00   0.0000000000E+00
   12      0.0000000000E+00   0.0000000000E+00   0.0000000000E+00   0.0000000000E+00   0.0000000000E+00
   13      0.0000000000E+00   0.0000000000E+00   0.0000000000E+00   0.0000000000E+00   0.0000000000E+00
   14      0.0000000000E+00   0.0000000000E+00   0.0000000000E+00   0.0000000000E+00   0.0000000000E+00
                    5                  6                  7                  8                  9        
    0      0.0000000000E+00  -2.5358105729E-02   5.3925214905E-02  -1.7217888540E-01   3.8941791990E-02
    1      0.0000000000E+00   4.4907223580E-01  -3.0240117004E-01  -1.2406006931E-01  -4.8822164020E-01
    2      0.0000000000E+00   1.1574481516E-01   3.2974140232E-01  -4.0305271844E-01   9.0339140949E-02
    3      0.0000000000E+00  -6.5370521257E-02  -8.6447844789E-02  -3.8369079229E-02  -2.1202109967E-07
    4      0.0000000000E+00  -9.4610740187E-02   6.0864728612E-02   2.3859173861E-02  -2.4500889983E-06
    5      0.0000000000E+00  -2.3772189133E-03  -4.5201158436E-02   1.0550635999E-01   1.9823789557E-07
    6      0.0000000000E+00   1.1000004874E-01   1.9755173733E-01   3.9873881422E-01  -1.8562811245E-02
    7      0.0000000000E+00   3.6278079457E-01  -3.9482464690E-01  -1.8896790485E-02   4.7542532274E-01
    8      0.0000000000E+00  -2.6657646530E-01  -7.9407456017E-02  -2.2557184035E-01  -1.4729477185E-01
    9      0.0000000000E+00   2.7378655464E-01   4.5722038909E-01   1.4564081312E-01   4.5386623065E-01
   10      0.0000000000E+00   2.0393378808E-01  -5.5517127832E-02  -3.6274364584E-01   1.1439619978E-01
   11      0.0000000000E+00   2.9332757198E-01  -4.7589634726E-02  -2.3752533227E-01   1.7025559377E-01
   12      0.0000000000E+00   4.1992709980E-01   3.2062233649E-01   8.4653311121E-02  -4.7424268690E-01
   13      0.0000000000E+00   1.1072705642E-01   2.8037048421E-02   2.2161340998E-01  -1.0157070954E-01
   14      0.0000000000E+00  -1.1419078350E-01   3.3545813814E-01  -3.9009626215E-01  -1.1330232325E-01
                   10                 11                 12                 13                 14        
    0     -1.3971435908E-01   4.7637428474E-01  -4.3502967005E-01  -4.6402693421E-01   4.6065579829E-01
    1     -9.7726305596E-02   1.1243947794E-02   3.9554893038E-03  -1.9878580838E-02   1.4413116022E-02
    2     -4.6793500655E-01  -1.4458328064E-01   1.3630492477E-01   1.5266148504E-01  -1.2573211742E-01
    3     -1.3529164154E-07   1.0475355742E-05   4.9737347914E-02   6.6268057497E-02  -2.9519150590E-02
    4     -1.0017233531E-06   8.5908230935E-07   7.2446163694E-02  -4.6320291657E-02   1.8340587531E-02
    5     -3.4245671321E-06  -7.0121912353E-06   1.7213013357E-03   3.4604120833E-02   8.1083689669E-02
    6      4.0687198934E-01  -2.8664472378E-01  -2.5854941445E-01  -2.7586538388E-01  -2.8228862774E-01
    7     -7.0392390644E-02  -1.3070821851E-01  -1.0856416881E-01  -1.4113005780E-01  -1.2235723844E-01
    8     -2.7848082230E-01  -3.8576669465E-01  -3.6235343679E-01  -3.8387998118E-01  -3.5638452903E-01
    9     -1.9775525332E-01  -5.4435212439E-02  -4.5228992567E-02   6.4406461019E-02   4.6874129640E-02
   10      3.5376689465E-01  -3.3144762664E-01  -3.1774092336E-01   3.0197670862E-01   3.2489091873E-01
   11      2.8951340339E-01   3.6782165033E-01   3.7019824309E-01  -3.4000284281E-01  -3.4087373734E-01
   12     -6.9400766052E-02  -1.3541907679E-01   1.4659399637E-01  -1.1355655063E-01   1.2623816871E-01
   13     -1.8563627106E-01   4.5090166841E-01  -4.4025445690E-01   4.1055970728E-01  -4.3532502997E-01
   14      4.5694320119E-01   1.6261181792E-01  -1.6464497118E-01   1.5919600051E-01  -1.4245921797E-01

#
# The atoms: label  mass x y z (in bohrs)
#
$atoms
5
 H      1.00783      1.969629062948     0.044558168476    -0.602320376846
 C     12.00000      0.000007810054     0.000000608017    -0.000005282610
 H      1.00783     -1.181922029646    -0.540283441578    -1.598547732309
 H      1.00783     -0.226016926820    -1.367296059908     1.524340000182
 H      1.00783     -0.561783099451     1.863014093454     0.676591008102

$actual_temperature
  0.000000

$frequency_scale_factor
  1.000000

$dipole_derivatives
15
   -1.6501270236E-01   -5.6779503206E-03    6.8771505322E-02
   -5.2210391050E-03    6.3503574569E-02    1.6131073864E-03
    6.9837829932E-02    1.7769548032E-03    4.2849888243E-02
    7.8255218473E-02    8.1429019114E-06    2.1250541308E-05
    8.1470117826E-06    7.8258899950E-02   -1.3063058478E-05
    2.1265013681E-05   -1.3063034669E-05    7.8198148684E-02
   -1.9112597901E-02   -3.7697004981E-02   -1.1092098808E-01
   -3.7885374306E-02    4.6421700487E-02   -5.0607739438E-02
   -1.1204207787E-01   -5.0865446377E-02   -8.5988502257E-02
    6.0677184109E-02   -1.8339168699E-02    2.0110830329E-02
   -1.8098191471E-02   -4.7023404426E-02    1.2227093816E-01
    2.0032232110E-02    1.2342065407E-01   -7.2342563837E-02
    4.5192897678E-02    6.1705981098E-02    2.2017401889E-02
    6.1196457870E-02   -1.4116077058E-01   -7.3263243052E-02
    2.2150750814E-02   -7.4319099463E-02    3.7283029167E-02

#
# The IR spectrum
#  wavenumber T**2 TX TY TZ
#
$ir_spectrum
15
      0.00   0.00000000     0.000000     0.000000     0.000000
      0.00   0.00000000     0.000000     0.000000     0.000000
      0.00   0.00000000     0.000000     0.000000     0.000000
      0.00   0.00000000     0.000000     0.000000     0.000000
      0.00   0.00000000     0.000000     0.000000     0.000000
      0.00   0.00000000     0.000000     0.000000     0.000000
   1463.63   0.00047157     0.012341     0.017863     0.000449
   1464.02   0.00047090     0.016314    -0.011487     0.008531
   1466.04   0.00046759     0.007228    -0.004495    -0.019878
   1669.75   0.00000000     0.000000     0.000000    -0.000000
   1672.62   0.00000000     0.000000     0.000000     0.000001
   3101.63   0.00000000     0.000004     0.000000    -0.000003
   3198.44   0.00086462     0.016640     0.024236     0.000576
   3199.02   0.00086233     0.022127    -0.015466     0.011554
   3202.03   0.00085050    -0.009759     0.006063     0.026805


$end

