
$orca_hessian_file

$act_atom
  0

$act_coord
  0

$act_energy
        0.000000

$multiplicity
  1

$hessian
15
                    0                  1                  2                  3                  4        
    0      3.3241243384E-01   5.9245688524E-03  -8.4010270693E-02  -3.0637776785E-01  -5.1531433959E-03
    1      5.9245688524E-03   5.3152566006E-02  -1.7052807414E-03  -5.0968264896E-03  -5.5657190635E-02
    2     -8.4010270693E-02  -1.7052807414E-03   7.8248891413E-02   7.5268373561E-02   1.3162943879E-03
    3     -3.0637776785E-01  -5.0968264896E-03   7.5268373561E-02   5.8743294003E-01  -6.8407704051E-04
    4     -5.1531433959E-03  -5.5657190635E-02   1.3162943879E-03  -6.8407704051E-04   5.8701957326E-01
    5      7.5306139873E-02   1.3001646242E-03  -7.8034081472E-02   3.9878142614E-04   2.6449032746E-03
    6     -1.7696903912E-02  -9.0366317071E-03  -2.7967678605E-02  -1.4652473966E-01  -4.1851781456E-02
    7     -6.5419794854E-05  -1.1746944958E-03   3.7093111488E-04  -4.1887584320E-02  -7.4916171134E-02
    8      6.3023544586E-03   3.9174181422E-03   1.1029501619E-02  -1.2187544850E-01  -5.6426114453E-02
    9     -1.3200176615E-03  -2.4607137472E-02   2.6167187108E-02  -5.8632998250E-02  -1.9682363265E-02
   10     -5.8386583293E-04   2.1029146118E-04  -1.3221340316E-03  -1.9691750440E-02  -1.7688195085E-01
   11      6.4343783979E-04   5.3319694891E-03  -7.0440016507E-03   2.1800988342E-02   1.3405840290E-01
   12     -7.0177444154E-03   3.2816026816E-02   1.0542388629E-02  -7.5897434278E-02   6.7371365158E-02
   13     -1.2213982874E-04   3.4690276636E-03   1.3401892703E-03   6.7360238290E-02  -2.7956426065E-01
   14      1.7583385210E-03  -8.8442715140E-03  -4.2003099091E-03   2.4407305175E-02  -8.1593486109E-02
                    5                  6                  7                  8                  9        
    0      7.5306139873E-02  -1.7696903912E-02  -6.5419794854E-05   6.3023544586E-03  -1.3200176615E-03
    1      1.3001646242E-03  -9.0366317071E-03  -1.1746944958E-03   3.9174181422E-03  -2.4607137472E-02
    2     -7.8034081472E-02  -2.7967678605E-02   3.7093111488E-04   1.1029501619E-02   2.6167187108E-02
    3      3.9878142614E-04  -1.4652473966E-01  -4.1887584320E-02  -1.2187544850E-01  -5.8632998250E-02
    4      2.6449032746E-03  -4.1851781456E-02  -7.4916171134E-02  -5.6426114453E-02  -1.9682363265E-02
    5      5.8552173353E-01  -1.2189288682E-01  -5.6482136158E-02  -2.1874360327E-01   2.1793312015E-02
    6     -1.2189288682E-01   1.5431842202E-01   4.6597455198E-02   1.3582510452E-01   2.8807378173E-03
    7     -5.6482136158E-02   4.6597455198E-02   7.4470116702E-02   6.2590167028E-02   1.6113846740E-02
    8     -2.1874360327E-01   1.3582510452E-01   6.2590167028E-02   2.3506429686E-01  -1.4944512894E-02
    9      2.1793312015E-02   2.8807378173E-03   1.6113846740E-02  -1.4944512894E-02   5.6710315656E-02
   10      1.3407501874E-01   2.6759343244E-03   8.2615925243E-03  -8.2101845181E-03   2.1993987548E-02
   11     -2.0372692969E-01   4.3397778112E-03   1.8618074106E-02  -1.9257344190E-02  -2.4333802220E-02
   12      2.4394653506E-02   7.0224837276E-03  -2.0758297823E-02  -5.3074975855E-03   3.6196243849E-04
   13     -8.1537950477E-02   1.6150236407E-03  -6.6408435969E-03  -1.8712861994E-03   6.1816664498E-03
   14     -8.5017119093E-02   9.6956830887E-03  -2.5097036091E-02  -8.0928510142E-03  -8.6821840091E-03
                   10                 11                 12                 13                 14        
    0     -5.8386583293E-04   6.4343783979E-04  -7.0177444154E-03  -1.2213982874E-04   1.7583385210E-03
    1      2.1029146118E-04   5.3319694891E-03   3.2816026816E-02   3.4690276636E-03  -8.8442715140E-03
    2     -1.3221340316E-03  -7.0440016507E-03   1.0542388629E-02   1.3401892703E-03  -4.2003099091E-03
    3     -1.9691750440E-02   2.1800988342E-02  -7.5897434278E-02   6.7360238290E-02   2.4407305175E-02
    4     -1.7688195085E-01   1.3405840290E-01   6.7371365158E-02  -2.7956426065E-01  -8.1593486109E-02
    5      1.3407501874E-01  -2.0372692969E-01   2.4394653506E-02  -8.1537950477E-02  -8.5017119093E-02
    6      2.6759343244E-03   4.3397778112E-03   7.0224837276E-03   1.6150236407E-03   9.6956830887E-03
    7      8.2615925243E-03   1.8618074106E-02  -2.0758297823E-02  -6.6408435969E-03  -2.5097036091E-02
    8     -8.2101845181E-03  -1.9257344190E-02  -5.3074975855E-03  -1.8712861994E-03  -8.0928510142E-03
    9      2.1993987548E-02  -2.4333802220E-02   3.6196243849E-04   6.1816664498E-03  -8.6821840091E-03
   10      1.8835605931E-01  -1.4947941934E-01  -4.3943055994E-03  -1.9945992447E-02   2.4936719154E-02
   11     -1.4947941934E-01   2.1846442382E-01  -2.4504017730E-03  -8.5290271543E-03   1.1563851710E-02
   12     -4.3943055994E-03  -2.4504017730E-03   7.5530732527E-02  -7.5034788552E-02  -2.7179142776E-02
   13     -1.9945992447E-02  -8.5290271543E-03  -7.5034788552E-02   3.0268206903E-01   9.0598074560E-02
   14      2.4936719154E-02   1.1563851710E-02  -2.7179142776E-02   9.0598074560E-02   8.5746428306E-02

$vibrational_frequencies
15
    0        0.0000000000000000
    1        0.0000000000000000
    2        0.0000000000000000
    3        0.0000000000000000
    4        0.0000000000000000
    5        0.0000000000000000
    6     1461.4999213437361050
    7     1465.3621657656738080
    8     1466.8291799331095717
    9     1671.1880097712321458
   10     1671.1959907521259083
   11     3101.6104889257057948
   12     3196.7706964873336801
   13     3200.5934340498811252
   14     3202.0756038659933438

$normal_modes
15 15
                    0                  1                  2                  3                  4        
    0      0.0000000000E+00   0.0000000000E+00   0.0000000000E+00   0.0000000000E+00   0.0000000000E+00
    1      0.0000000000E+00   0.0000000000E+00   0.0000000000E+00   0.0000000000E+00   0.0000000000E+00
    2      0.0000000000E+00   0.0000000000E+00   0.0000000000E+00   0.0000000000E+00   0.0000000000E+00
    3      0.0000000000E+00   0.0000000000E+00   0.0000000000E+00   0.0000000000E+00   0.0000000000E+00
    4      0.0000000000E+00   0.0000000000E+00   0.0000000000E+00   0.0000000000E+00   0.0000000000E+00
    5      0.0000000000E+00   0.0000000000E+00   0.0000000000E+00   0.0000000000E+00   0.0000000000E+00
    6      0.0000000000E+00   0.0000000000E+00   0.0000000000E+00   0.0000000000E+00   0.0000000000E+00
    7      0.0000000000E+00   0.0000000000E+00   0.0000000000E+00   0.0000000000E+00   0.0000000000E+00
    8      0.0000000000E+00   0.0000000000E+00   0.0000000000E+00   0.0000000000E+00   0.0000000000E+00
    9      0.0000000000E+00   0.0000000000E+00   0.0000000000E+00   0.0000000000E+00   0.0000000000E+00
   10      0.0000000000E+00   0.0000000000E+00   0.0000000000E+00   0.0000000000E+00   0.0000000000E+00
   11      0.0000000000E+00   0.0000000000E+00   0.0000000000E+00   0.0000000000E+00   0.0000000000E+00
   12      0.0000000000E+00   0.0000000000E+00   0.0000000000E+00   0.0000000000E+00   0.0000000000E+00
   13      0.0000000000E+00   0.0000000000E+00   0.0000000000E+00   0.0000000000E+00   0.0000000000E+00
   14      0.0000000000E+00   0.0000000000E+00   0.0000000000E+00   0.0000000000E+00   0.0000000000E+00
                    5                  6                  7                  8                  9        
    0      0.0000000000E+00   1.5065252989E-01  -1.3434496472E-02   9.8134546942E-02   1.2512096579E-01
    1      0.0000000000E+00  -3.2862700767E-01  -1.5850766096E-02   4.4938122155E-01   2.1300265453E-01
    2      0.0000000000E+00   3.5665041790E-01  -3.0077809456E-01   2.5825975050E-01   4.3114016104E-01
    3      0.0000000000E+00   2.0457106841E-02   1.1087912165E-01   2.2027212275E-02  -3.4357195963E-05
    4      0.0000000000E+00   6.9301001813E-02   5.4668835047E-03  -9.1492502220E-02   3.3898141930E-04
    5      0.0000000000E+00  -8.9597549679E-02   2.9544348691E-02  -6.5737957092E-02   1.2293654927E-04
    6      0.0000000000E+00  -2.2400029775E-01  -2.5347782866E-01  -3.0964497204E-01  -3.8839779333E-01
    7      0.0000000000E+00  -3.9203398314E-01   1.0516419283E-01   3.5234107608E-01  -4.9080208192E-02
    8      0.0000000000E+00   2.6400140201E-01   2.3864080403E-01   4.9189999685E-02   3.0656426887E-01
    9      0.0000000000E+00  -2.9165605697E-02  -5.3659922009E-01  -1.1230124874E-01   8.1115337048E-02
   10      0.0000000000E+00   9.0613339716E-02  -4.8908080306E-02   4.0331360187E-01  -3.7290737148E-01
   11      0.0000000000E+00  -3.8129940406E-02  -1.1698529787E-01   3.5854479187E-01  -3.2529446696E-01
   12      0.0000000000E+00  -1.4106589292E-01  -5.1670716068E-01   6.1537430945E-02   1.8257057574E-01
   13      0.0000000000E+00  -1.9510750497E-01  -1.0549859174E-01  -1.1565034990E-01   2.0494873145E-01
   14      0.0000000000E+00   4.8430079484E-01  -1.7265690998E-01   1.1673605094E-01  -4.1387374738E-01
                   10                 11                 12                 13                 14        
    0     -7.0752879351E-02  -4.7669230981E-01   3.2799842825E-01  -6.6424826498E-01  -2.6402800881E-01
    1      4.4931645717E-01  -1.0200997689E-02  -3.8436340587E-03  -1.3359346122E-02  -1.9319920428E-02
    2     -2.0374843289E-01   1.4340338819E-01  -8.5537460879E-02   2.0917895740E-01   7.0561234835E-02
    3      5.2557446962E-04   4.3256924903E-05  -1.5713852392E-02   8.4925698187E-02   1.7253220647E-02
    4     -1.1998157481E-05  -4.5123189298E-04  -5.2670878999E-02   4.4581431832E-03  -7.0409379325E-02
    5      1.5420019207E-04   2.7929700582E-04   6.8447698024E-02   2.2926798763E-02  -5.0222312626E-02
    6      1.1734340861E-01   2.8687706792E-01  -1.6967026036E-01  -3.5578732205E-01   2.6278807689E-01
    7     -4.7678760048E-01   1.3197715762E-01  -8.7426892472E-02  -1.7078730172E-01   1.0594163154E-01
    8      7.6244994560E-02   3.8467421793E-01  -2.0926392549E-01  -4.9476751941E-01   3.3805911935E-01
    9     -4.9260406085E-01   5.4250922051E-02   8.7137470794E-02   2.2401969631E-02   1.1689201532E-02
   10     -2.4582786251E-02   3.3317905685E-01   5.4515643193E-01   3.0532829833E-02   3.5787415703E-02
   11     -9.4725122323E-02  -3.6848463464E-01  -6.0055835590E-01  -2.7991118159E-02  -6.5747178175E-02
   12      4.3975560643E-01   1.3504926705E-01  -5.8363490319E-02  -1.3562121595E-02  -2.1588041207E-01
   13      5.2196789562E-02  -4.4958247594E-01   1.7325722736E-01   1.0053147088E-01   7.1594329040E-01
   14      2.2039252538E-01  -1.6291851308E-01   8.0364728236E-02   4.0594215088E-02   2.5511529643E-01

#
# The atoms: label  mass x y z (in bohrs)
#
$atoms
5
 H      1.00783      1.972834776708     0.040641093497    -0.592432138602
 C     12.00000     -0.000133693031     0.001382575836    -0.000891098543
 H      1.00783     -1.187800567135    -0.548078652447    -1.591918657152
 H      1.00783     -0.223165076650    -1.373148313138     1.517894486252
 H      1.00783     -0.560277272911     1.864123778475     0.677066467190

$actual_temperature
  0.000000

$frequency_scale_factor
  1.000000

$dipole_derivatives
15
   -1.6500678731E-01   -5.7697840207E-03    6.9342969955E-02
   -4.5537345972E-03    6.3484187220E-02    6.5110683824E-04
    6.8524154590E-02    9.9939731267E-04    4.3182975048E-02
    7.8411140222E-02   -1.4566714030E-04    9.0331849809E-05
   -1.4565942110E-04    7.8300623355E-02    5.7529043335E-04
    9.0319424924E-05    5.7533053927E-04    7.7984549260E-02
   -1.9211955461E-02   -3.7142250867E-02   -1.1128865863E-01
   -3.7904635058E-02    4.6358720333E-02   -5.2048997496E-02
   -1.1091182011E-01   -5.0853378184E-02   -8.4987890128E-02
    6.0690605068E-02   -1.8110297100E-02    2.0191546639E-02
   -1.8331140901E-02   -4.8780030127E-02    1.2410628201E-01
    2.0371930729E-02    1.2371408220E-01   -7.3810009924E-02
    4.5116997484E-02    6.1167999128E-02    2.1663810188E-02
    6.0935169977E-02   -1.3936350078E-01   -7.3283681783E-02
    2.1925415365E-02   -7.4435431872E-02    3.7630375744E-02

#
# The IR spectrum
#  wavenumber T**2 TX TY TZ
#
$ir_spectrum
15
      0.00   0.00000000     0.000000     0.000000     0.000000
      0.00   0.00000000     0.000000     0.000000     0.000000
      0.00   0.00000000     0.000000     0.000000     0.000000
      0.00   0.00000000     0.000000     0.000000     0.000000
      0.00   0.00000000     0.000000     0.000000     0.000000
      0.00   0.00000000     0.000000     0.000000     0.000000
   1461.50   0.00048567    -0.003916    -0.013269     0.017154
   1465.36   0.00046593    -0.020834    -0.001027    -0.005551
   1466.83   0.00045866    -0.004110     0.017070     0.012264
   1671.19   0.00000000     0.000005    -0.000055    -0.000020
   1671.20   0.00000001    -0.000086     0.000002    -0.000025
   3101.61   0.00000008     0.000022    -0.000232     0.000146
   3196.77   0.00087823    -0.005304    -0.017782     0.023106
   3200.59   0.00085420     0.028181     0.001479     0.007607
   3202.08   0.00084513     0.005688    -0.023211    -0.016554


$end

