
$orca_hessian_file

$act_atom
  0

$act_coord
  0

$act_energy
        0.000000

$multiplicity
  1

$hessian
15
                    0                  1                  2                  3                  4        
    0      3.3152907944E-01   6.1622449201E-03  -8.5106211588E-02  -3.0528352770E-01  -5.3774351012E-03
    1      6.1622449201E-03   5.3250316818E-02  -1.9008441999E-03  -5.3417709472E-03  -5.5834307270E-02
    2     -8.5106211588E-02  -1.9008441999E-03   7.8970021592E-02   7.6651329465E-02   1.7040307685E-03
    3     -3.0528352770E-01  -5.3417709472E-03   7.6651329465E-02   5.8534506076E-01  -1.1266094706E-03
    4     -5.3774351012E-03  -5.5834307270E-02   1.7040307685E-03  -1.1266094706E-03   5.8915305360E-01
    5      7.6594878807E-02   1.6918808987E-03  -7.8767072317E-02  -1.6105395057E-03  -2.6347649085E-04
    6     -1.8073941070E-02  -9.1078486332E-03  -2.8072390886E-02  -1.4551478493E-01  -4.1301661613E-02
    7     -1.0663318984E-04  -1.1142407588E-03   3.0580905984E-04  -4.1320220107E-02  -7.4601827805E-02
    8      6.2751478651E-03   3.8572345442E-03   1.1002729686E-02  -1.2151751504E-01  -5.5783664791E-02
    9     -1.1317306978E-03  -2.4541622709E-02   2.6000288920E-02  -5.8701031518E-02  -1.9941533015E-02
   10     -5.6345639035E-04   2.3064832985E-04  -1.3885557501E-03  -1.9941189496E-02  -1.7811926120E-01
   11      5.1267713833E-04   5.2454064099E-03  -7.0031948707E-03   2.2191039294E-02   1.3452199688E-01
   12     -7.0398799774E-03   3.2828997370E-02   1.0526984089E-02  -7.5845716616E-02   6.7747239200E-02
   13     -1.1472023871E-04   3.4675828806E-03   1.2795601216E-03   6.7729790021E-02  -2.8059765732E-01
   14      1.7235077784E-03  -8.8936776530E-03  -4.2024840909E-03   2.4285685788E-02  -8.0178886366E-02
                    5                  6                  7                  8                  9        
    0      7.6594878807E-02  -1.8073941070E-02  -1.0663318984E-04   6.2751478651E-03  -1.1317306978E-03
    1      1.6918808987E-03  -9.1078486332E-03  -1.1142407588E-03   3.8572345442E-03  -2.4541622709E-02
    2     -7.8767072317E-02  -2.8072390886E-02   3.0580905984E-04   1.1002729686E-02   2.6000288920E-02
    3     -1.6105395057E-03  -1.4551478493E-01  -4.1320220107E-02  -1.2151751504E-01  -5.8701031518E-02
    4     -2.6347649085E-04  -4.1301661613E-02  -7.4601827805E-02  -5.5783664791E-02  -1.9941533015E-02
    5      5.8547639917E-01  -1.2149158139E-01  -5.5796777784E-02  -2.1920806178E-01   2.2202530145E-02
    6     -1.2149158139E-01   1.5367408236E-01   4.6071124180E-02   1.3547268020E-01   2.9078873684E-03
    7     -5.5796777784E-02   4.6071124180E-02   7.4298191576E-02   6.2090351724E-02   1.6120887326E-02
    8     -2.1920806178E-01   1.3547268020E-01   6.2090351724E-02   2.3558647542E-01  -1.4874665955E-02
    9      2.2202530145E-02   2.9078873684E-03   1.6120887326E-02  -1.4874665955E-02   5.6616630855E-02
   10      1.3458978138E-01   2.6851477377E-03   8.2295455774E-03  -8.1351702070E-03   2.2271368272E-02
   11     -2.0335785327E-01   4.4094395194E-03   1.8686112044E-02  -1.9226481662E-02  -2.4611439764E-02
   12      2.4304711939E-02   7.0067562743E-03  -2.0765158209E-02  -5.3556470727E-03   3.0824399215E-04
   13     -8.0221408007E-02   1.6532383285E-03  -6.8116685897E-03  -2.0287512704E-03   6.0909001260E-03
   14     -8.4143411800E-02   9.6818525482E-03  -2.5285495043E-02  -8.1546616667E-03  -8.7167133461E-03
                   10                 11                 12                 13                 14        
    0     -5.6345639035E-04   5.1267713833E-04  -7.0398799774E-03  -1.1472023871E-04   1.7235077784E-03
    1      2.3064832985E-04   5.2454064099E-03   3.2828997370E-02   3.4675828806E-03  -8.8936776530E-03
    2     -1.3885557501E-03  -7.0031948707E-03   1.0526984089E-02   1.2795601216E-03  -4.2024840909E-03
    3     -1.9941189496E-02   2.2191039294E-02  -7.5845716616E-02   6.7729790021E-02   2.4285685788E-02
    4     -1.7811926120E-01   1.3452199688E-01   6.7747239200E-02  -2.8059765732E-01  -8.0178886366E-02
    5      1.3458978138E-01  -2.0335785327E-01   2.4304711939E-02  -8.0221408007E-02  -8.4143411800E-02
    6      2.6851477377E-03   4.4094395194E-03   7.0067562743E-03   1.6532383285E-03   9.6818525482E-03
    7      8.2295455774E-03   1.8686112044E-02  -2.0765158209E-02  -6.8116685897E-03  -2.5285495043E-02
    8     -8.1351702070E-03  -1.9226481662E-02  -5.3556470727E-03  -2.0287512704E-03  -8.1546616667E-03
    9      2.2271368272E-02  -2.4611439764E-02   3.0824399215E-04   6.0909001260E-03  -8.7167133461E-03
   10      1.8922319426E-01  -1.4990598604E-01  -4.4518701232E-03  -1.9564126963E-02   2.4839930611E-02
   11     -1.4990598604E-01   2.1800972511E-01  -2.5017161871E-03  -8.5475292951E-03   1.1577804687E-02
   12     -4.4518701232E-03  -2.5017161871E-03   7.5570596327E-02  -7.5359208237E-02  -2.6974332769E-02
   13     -1.9564126963E-02  -8.5475292951E-03  -7.5359208237E-02   3.0350587000E-01   8.9518128451E-02
   14      2.4839930611E-02   1.1577804687E-02  -2.6974332769E-02   8.9518128451E-02   8.4922752871E-02

$vibrational_frequencies
15
    0        0.0000000000000000
    1        0.0000000000000000
    2        0.0000000000000000
    3        0.0000000000000000
    4        0.0000000000000000
    5        0.0000000000000000
    6     1461.7169862520402148
    7     1464.7856251677374075
    8     1467.1890173485744526
    9     1671.1916901450108526
   10     1671.1923349982330365
   11     3101.6105824290298187
   12     3196.9770705462847218
   13     3200.0147841956286356
   14     3202.4485099319144865

$normal_modes
15 15
                    0                  1                  2                  3                  4        
    0      0.0000000000E+00   0.0000000000E+00   0.0000000000E+00   0.0000000000E+00   0.0000000000E+00
    1      0.0000000000E+00   0.0000000000E+00   0.0000000000E+00   0.0000000000E+00   0.0000000000E+00
    2      0.0000000000E+00   0.0000000000E+00   0.0000000000E+00   0.0000000000E+00   0.0000000000E+00
    3      0.0000000000E+00   0.0000000000E+00   0.0000000000E+00   0.0000000000E+00   0.0000000000E+00
    4      0.0000000000E+00   0.0000000000E+00   0.0000000000E+00   0.0000000000E+00   0.0000000000E+00
    5      0.0000000000E+00   0.0000000000E+00   0.0000000000E+00   0.0000000000E+00   0.0000000000E+00
    6      0.0000000000E+00   0.0000000000E+00   0.0000000000E+00   0.0000000000E+00   0.0000000000E+00
    7      0.0000000000E+00   0.0000000000E+00   0.0000000000E+00   0.0000000000E+00   0.0000000000E+00
    8      0.0000000000E+00   0.0000000000E+00   0.0000000000E+00   0.0000000000E+00   0.0000000000E+00
    9      0.0000000000E+00   0.0000000000E+00   0.0000000000E+00   0.0000000000E+00   0.0000000000E+00
   10      0.0000000000E+00   0.0000000000E+00   0.0000000000E+00   0.0000000000E+00   0.0000000000E+00
   11      0.0000000000E+00   0.0000000000E+00   0.0000000000E+00   0.0000000000E+00   0.0000000000E+00
   12      0.0000000000E+00   0.0000000000E+00   0.0000000000E+00   0.0000000000E+00   0.0000000000E+00
   13      0.0000000000E+00   0.0000000000E+00   0.0000000000E+00   0.0000000000E+00   0.0000000000E+00
   14      0.0000000000E+00   0.0000000000E+00   0.0000000000E+00   0.0000000000E+00   0.0000000000E+00
                    5                  6                  7                  8                  9        
    0      0.0000000000E+00  -9.2750082427E-02  -1.5667674907E-01   4.8249446550E-03  -1.0228188003E-01
    1      0.0000000000E+00  -9.3333264051E-02   1.1148466691E-01   5.3810620466E-01   3.7838596883E-01
    2      0.0000000000E+00  -4.6007015878E-01  -2.6288625775E-01  -2.2723108829E-02  -3.0733533524E-01
    3      0.0000000000E+00   8.3989688479E-02  -7.1628330772E-02   3.2237351169E-02  -5.3673656179E-06
    4      0.0000000000E+00   2.0815108373E-02  -2.5302079825E-02  -1.1001486411E-01   2.4236805974E-04
    5      0.0000000000E+00   7.5883981751E-02   8.6219546865E-02  -5.5032371767E-03   1.9379302808E-04
    6      0.0000000000E+00  -4.3988693641E-02   4.0462561830E-01  -2.0285800497E-01   2.1572700900E-01
    7      0.0000000000E+00   6.4579805235E-02   1.4932883110E-01   5.0951344925E-01  -4.5189433186E-01
    8      0.0000000000E+00   1.1908285722E-01  -3.3287828239E-01  -3.7068235207E-02  -6.3834258173E-03
    9      0.0000000000E+00  -4.2508468666E-01   2.9340902551E-01  -1.9787158241E-01  -4.9219245616E-01
   10      0.0000000000E+00  -2.2231742076E-01  -2.0778545587E-01   2.8802720547E-01   7.1066134845E-02
   11      0.0000000000E+00  -2.3204461396E-01  -5.5165759618E-02   2.9971374756E-01  -8.7087783255E-03
   12      0.0000000000E+00  -4.3822736904E-01   3.1150836852E-01   1.2060025200E-02   3.7881123549E-01
   13      0.0000000000E+00   3.2289501907E-03   2.4823948762E-01  -2.5718720001E-02  -4.4360677825E-04
   14      0.0000000000E+00  -3.3050565488E-01  -3.7567107380E-01  -1.7439630126E-01   3.2012007900E-01
                   10                 11                 12                 13                 14        
    0     -1.0468978178E-01   4.7652141407E-01  -4.0039615677E-01   6.4282983399E-01   2.0630333314E-01
    1     -3.2262975887E-01   1.0640763437E-02  -5.8721356256E-03   1.0397010371E-02   2.1242026593E-02
    2     -3.6605600953E-01  -1.4545889436E-01   1.3836999908E-01  -1.8661340314E-01  -6.3624135297E-02
    3     -3.3529761902E-04   4.6523606795E-05   6.4284891656E-02  -5.4555784288E-02  -2.4939885692E-02
    4     -1.1777576265E-04   3.0605526225E-04   1.5672571088E-02  -1.9894508696E-02   8.4480014463E-02
    5      4.5000224643E-04   4.3880727604E-04   5.7714673389E-02   6.6166695803E-02   4.8337881156E-03
    6      3.4935034717E-01  -2.8729664594E-01  -4.5790822513E-01  -9.0765027122E-02  -6.7755766349E-02
    7      1.7089189736E-01  -1.3160773303E-01  -2.1292318073E-01  -4.0560559286E-02  -1.1615823192E-02
    8     -3.1749248967E-01  -3.8690148773E-01  -6.2311475206E-01  -9.3363235423E-02  -8.3493619643E-02
    9      4.8734456786E-02  -5.4494310150E-02   3.9440566259E-02   6.0275956756E-02  -5.6751911801E-02
   10      3.6230894827E-01  -3.3258328595E-01   1.6433312975E-01   4.2963626488E-01  -3.0065873109E-01
   11      3.3642181882E-01   3.6628290176E-01  -1.6558856257E-01  -4.6391591964E-01   3.4963878038E-01
   12     -2.8940269086E-01  -1.3528440660E-01   5.3434623856E-02   3.7245613494E-02   2.1515929129E-01
   13     -2.0916875094E-01   4.4990610797E-01  -1.3214843234E-01  -1.6259220922E-01  -7.1485653156E-01
   14      3.4176858073E-01   1.6085267728E-01  -3.6865412923E-02  -4.3942953158E-02  -2.6007611241E-01

#
# The atoms: label  mass x y z (in bohrs)
#
$atoms
5
 H      1.00783      1.969359549707     0.042942084848    -0.602753261180
 C     12.00000      0.000165354861     0.000897099750     0.001368098041
 H      1.00783     -1.183470925103    -0.543097529258    -1.595094332436
 H      1.00783     -0.225806630408    -1.378087499815     1.515034239852
 H      1.00783     -0.562050846198     1.867561331187     0.666523644770

$actual_temperature
  0.000000

$frequency_scale_factor
  1.000000

$dipole_derivatives
15
   -1.6506600259E-01   -5.4822471904E-03    6.9347053712E-02
   -4.6985956020E-03    6.2890617090E-02    1.5955678744E-03
    7.0588978225E-02    1.8625223622E-03    4.3053884371E-02
    7.7953937649E-02   -2.3801331976E-04   -3.5619686053E-04
   -2.3799166055E-04    7.8760159771E-02   -6.6195468044E-05
   -3.5617910199E-04   -6.6226364566E-05    7.7982713125E-02
   -1.9732474797E-02   -3.7775306648E-02   -1.1215147169E-01
   -3.8208225879E-02    4.5695269872E-02   -5.1575582643E-02
   -1.1275497912E-01   -5.1269028663E-02   -8.7502819245E-02
    6.1105806653E-02   -1.7783832760E-02    2.0652543445E-02
   -1.7774116854E-02   -4.7637216571E-02    1.2315169263E-01
    2.0405055270E-02    1.2170668771E-01   -7.1330467218E-02
    4.5738733085E-02    6.1279399918E-02    2.2508071393E-02
    6.0918929996E-02   -1.3970883016E-01   -7.3105482395E-02
    2.2117124724E-02   -7.2233955042E-02    3.7796688966E-02

#
# The IR spectrum
#  wavenumber T**2 TX TY TZ
#
$ir_spectrum
15
      0.00   0.00000000     0.000000     0.000000     0.000000
      0.00   0.00000000     0.000000     0.000000     0.000000
      0.00   0.00000000     0.000000     0.000000     0.000000
      0.00   0.00000000     0.000000     0.000000     0.000000
      0.00   0.00000000     0.000000     0.000000     0.000000
      0.00   0.00000000     0.000000     0.000000     0.000000
   1461.72   0.00048454    -0.016064    -0.003982    -0.014514
   1464.79   0.00046881     0.013497     0.004767    -0.016246
   1467.19   0.00045691    -0.006004     0.020489     0.001026
   1671.19   0.00000000     0.000000    -0.000039    -0.000032
   1671.19   0.00000001     0.000055     0.000019    -0.000074
   3101.61   0.00000008     0.000026     0.000155     0.000227
   3196.98   0.00087690     0.021680     0.005287     0.019466
   3200.01   0.00085776    -0.018150    -0.006617     0.022013
   3202.45   0.00084290    -0.008208     0.027803     0.001593


$end

