
$orca_hessian_file

$act_atom
  0

$act_coord
  0

$act_energy
        0.000000

$multiplicity
  1

$hessian
15
                    0                  1                  2                  3                  4        
    0      3.3122162972E-01   6.8500827662E-03  -8.4269312510E-02  -3.0510734079E-01  -6.2097531294E-03
    1      6.8500827662E-03   5.3269961093E-02  -2.1235152253E-03  -5.9928672405E-03  -5.5723000035E-02
    2     -8.4269312510E-02  -2.1235152253E-03   7.8659982110E-02   7.5506188859E-02   1.9963181169E-03
    3     -3.0510734079E-01  -5.9928672405E-03   7.5506188859E-02   5.8443683896E-01   2.0738050044E-03
    4     -6.2097531294E-03  -5.5723000035E-02   1.9963181169E-03   2.0738050044E-03   5.8557446060E-01
    5      7.5650372171E-02   1.9341535188E-03  -7.8527746825E-02  -1.2098115947E-03  -7.9781343557E-03
    6     -1.7770719905E-02  -9.0135274165E-03  -2.7959083358E-02  -1.4569923241E-01  -4.0906239689E-02
    7     -8.4226563444E-05  -1.1796545145E-03   3.1501377688E-04  -4.1042389419E-02  -7.4358789164E-02
    8      6.2653953410E-03   3.8662526705E-03   1.1013484265E-02  -1.2082292946E-01  -5.4762069189E-02
    9     -1.2127126722E-03  -2.4636971497E-02   2.6170919203E-02  -5.7839489347E-02  -2.0634283559E-02
   10     -5.1803205322E-04   2.5552414577E-04  -1.4440269422E-03  -2.0674427574E-02  -1.8025578457E-01
   11      5.3862758886E-04   5.2321003927E-03  -6.9526981715E-03   2.2881855245E-02   1.3944663562E-01
   12     -7.1308563510E-03   3.2793283388E-02   1.0551287807E-02  -7.5790776420E-02   6.5676471372E-02
   13     -3.8071020090E-05   3.3771693107E-03   1.2562102737E-03   6.5635879229E-02  -2.7523688683E-01
   14      1.8149174091E-03  -8.9089913567E-03  -4.1930213784E-03   2.3644696950E-02  -7.8702750195E-02
                    5                  6                  7                  8                  9        
    0      7.5650372171E-02  -1.7770719905E-02  -8.4226563444E-05   6.2653953410E-03  -1.2127126722E-03
    1      1.9341535188E-03  -9.0135274165E-03  -1.1796545145E-03   3.8662526705E-03  -2.4636971497E-02
    2     -7.8527746825E-02  -2.7959083358E-02   3.1501377688E-04   1.1013484265E-02   2.6170919203E-02
    3     -1.2098115947E-03  -1.4569923241E-01  -4.1042389419E-02  -1.2082292946E-01  -5.7839489347E-02
    4     -7.9781343557E-03  -4.0906239689E-02  -7.4358789164E-02  -5.4762069189E-02  -2.0634283559E-02
    5      5.9012077303E-01  -1.2088806651E-01  -5.4974592778E-02  -2.1818015647E-01   2.2849116097E-02
    6     -1.2088806651E-01   1.5360755033E-01   4.5630695111E-02   1.3483324195E-01   2.9004482526E-03
    7     -5.4974592778E-02   4.5630695111E-02   7.3986133154E-02   6.1236605644E-02   1.6177290116E-02
    8     -2.1818015647E-01   1.3483324195E-01   6.1236605644E-02   2.3444820441E-01  -1.4946844406E-02
    9      2.2849116097E-02   2.9004482526E-03   1.6177290116E-02  -1.4946844406E-02   5.5801789445E-02
   10      1.3951821725E-01   2.6937234033E-03   8.3087909565E-03  -8.3250351487E-03   2.2901376760E-02
   11     -2.0893905333E-01   4.4105333001E-03   1.8587761065E-02  -1.9124147273E-02  -2.5369116875E-02
   12      2.3598389832E-02   6.9619537300E-03  -2.0681369243E-02  -5.3288634288E-03   3.4996432133E-04
   13     -7.8499643635E-02   1.5953485913E-03  -6.7564804320E-03  -2.0157539771E-03   6.1925881807E-03
   14     -8.4473816404E-02   9.6033746105E-03  -2.5164787708E-02  -8.1573849314E-03  -8.7040740191E-03
                   10                 11                 12                 13                 14        
    0     -5.1803205322E-04   5.3862758886E-04  -7.1308563510E-03  -3.8071020090E-05   1.8149174091E-03
    1      2.5552414577E-04   5.2321003927E-03   3.2793283388E-02   3.3771693107E-03  -8.9089913567E-03
    2     -1.4440269422E-03  -6.9526981715E-03   1.0551287807E-02   1.2562102737E-03  -4.1930213784E-03
    3     -2.0674427574E-02   2.2881855245E-02  -7.5790776420E-02   6.5635879229E-02   2.3644696950E-02
    4     -1.8025578457E-01   1.3944663562E-01   6.5676471372E-02  -2.7523688683E-01  -7.8702750195E-02
    5      1.3951821725E-01  -2.0893905333E-01   2.3598389832E-02  -7.8499643635E-02  -8.4473816404E-02
    6      2.6937234033E-03   4.4105333001E-03   6.9619537300E-03   1.5953485913E-03   9.6033746105E-03
    7      8.3087909565E-03   1.8587761065E-02  -2.0681369243E-02  -6.7564804320E-03  -2.5164787708E-02
    8     -8.3250351487E-03  -1.9124147273E-02  -5.3288634288E-03  -2.0157539771E-03  -8.1573849314E-03
    9      2.2901376760E-02  -2.5369116875E-02   3.4996432133E-04   6.1925881807E-03  -8.7040740191E-03
   10      1.9158049444E-01  -1.5466008411E-01  -4.4026405362E-03  -1.9889024969E-02   2.4910928952E-02
   11     -1.5466008411E-01   2.2340089476E-01  -2.4618992590E-03  -8.6064129701E-03   1.1615004006E-02
   12     -4.4026405362E-03  -2.4618992590E-03   7.5609714720E-02  -7.3385744981E-02  -2.6358914951E-02
   13     -1.9889024969E-02  -8.6064129701E-03  -7.3385744981E-02   2.9850522292E-01   8.7865600308E-02
   14      2.4910928952E-02   1.1615004006E-02  -2.6358914951E-02   8.7865600308E-02   8.5209218708E-02

$vibrational_frequencies
15
    0        0.0000000000000000
    1        0.0000000000000000
    2        0.0000000000000000
    3        0.0000000000000000
    4        0.0000000000000000
    5        0.0000000000000000
    6     1461.6105818494197592
    7     1463.4521971015287818
    8     1468.2696901061447079
    9     1671.1201629010620309
   10     1671.1596782831090877
   11     3097.0625265120074801
   12     3180.0140441327848748
   13     3193.0908702233841723
   14     3231.4686272623739569

$normal_modes
15 15
                    0                  1                  2                  3                  4        
    0      0.0000000000E+00   0.0000000000E+00   0.0000000000E+00   0.0000000000E+00   0.0000000000E+00
    1      0.0000000000E+00   0.0000000000E+00   0.0000000000E+00   0.0000000000E+00   0.0000000000E+00
    2      0.0000000000E+00   0.0000000000E+00   0.0000000000E+00   0.0000000000E+00   0.0000000000E+00
    3      0.0000000000E+00   0.0000000000E+00   0.0000000000E+00   0.0000000000E+00   0.0000000000E+00
    4      0.0000000000E+00   0.0000000000E+00   0.0000000000E+00   0.0000000000E+00   0.0000000000E+00
    5      0.0000000000E+00   0.0000000000E+00   0.0000000000E+00   0.0000000000E+00   0.0000000000E+00
    6      0.0000000000E+00   0.0000000000E+00   0.0000000000E+00   0.0000000000E+00   0.0000000000E+00
    7      0.0000000000E+00   0.0000000000E+00   0.0000000000E+00   0.0000000000E+00   0.0000000000E+00
    8      0.0000000000E+00   0.0000000000E+00   0.0000000000E+00   0.0000000000E+00   0.0000000000E+00
    9      0.0000000000E+00   0.0000000000E+00   0.0000000000E+00   0.0000000000E+00   0.0000000000E+00
   10      0.0000000000E+00   0.0000000000E+00   0.0000000000E+00   0.0000000000E+00   0.0000000000E+00
   11      0.0000000000E+00   0.0000000000E+00   0.0000000000E+00   0.0000000000E+00   0.0000000000E+00
   12      0.0000000000E+00   0.0000000000E+00   0.0000000000E+00   0.0000000000E+00   0.0000000000E+00
   13      0.0000000000E+00   0.0000000000E+00   0.0000000000E+00   0.0000000000E+00   0.0000000000E+00
   14      0.0000000000E+00   0.0000000000E+00   0.0000000000E+00   0.0000000000E+00   0.0000000000E+00
                    5                  6                  7                  8                  9        
    0      0.0000000000E+00  -9.5445969405E-02   1.5146979873E-02   1.5366773526E-01  -1.2478345356E-01
    1      0.0000000000E+00  -4.4636991405E-01   6.2471617643E-03  -3.2885519085E-01  -2.2709358137E-01
    2      0.0000000000E+00  -2.5444866640E-01   3.0273647327E-01   3.5769654249E-01  -4.2974315762E-01
    3      0.0000000000E+00  -2.1608267167E-02  -1.1099820660E-01   2.0639548811E-02  -6.9430457742E-05
    4      0.0000000000E+00   9.1741011989E-02  -4.9539319274E-03   6.9070299255E-02   8.9026268882E-04
    5      0.0000000000E+00   6.5946956327E-02  -2.9478628773E-02  -8.9323632046E-02   3.2960599112E-04
    6      0.0000000000E+00   3.0236245616E-01   2.5191906239E-01  -2.2736829882E-01   3.8958393783E-01
    7      0.0000000000E+00  -3.5117829245E-01  -9.9564615108E-02  -3.9218498086E-01   5.1554993061E-02
    8      0.0000000000E+00  -4.6032705704E-02  -2.3873410592E-01   2.6386142809E-01  -3.0672212371E-01
    9      0.0000000000E+00   1.1176914718E-01   5.4859091371E-01  -2.9880720576E-02  -7.2006956682E-02
   10      0.0000000000E+00  -4.1007956770E-01   4.8101445929E-02   9.1248699934E-02   3.6878459798E-01
   11      0.0000000000E+00  -3.6383721617E-01   1.1812928230E-01  -4.0061225758E-02   3.2159515300E-01
   12      0.0000000000E+00  -6.1399698666E-02   5.0597967401E-01  -1.4217028763E-01  -1.9196683102E-01
   13      0.0000000000E+00   1.1528326134E-01   1.0420162618E-01  -1.9261674845E-01  -2.0384621499E-01
   14      0.0000000000E+00  -1.2090052281E-01   1.6886533293E-01   4.8206443919E-01   4.1094556626E-01
                   10                 11                 12                 13                 14        
    0     -7.4338768995E-02  -4.6181837870E-01   3.0022869812E-01   7.0035914180E-01  -2.2466136343E-01
    1      4.4507975424E-01  -7.8474725359E-03   2.1231803741E-02   1.7141798009E-02   4.7782567129E-03
    2     -2.0429254773E-01   1.3827656487E-01  -8.1005752833E-02  -2.2142521315E-01   5.6027628677E-02
    3     -1.3851263466E-03  -3.0214883985E-03  -1.4562513023E-02  -8.5627155476E-02   1.3662297553E-02
    4      4.9938444198E-05   1.5868253539E-02   6.7467139081E-02  -3.4836883922E-03   5.4102995045E-02
    5     -4.0142719082E-04  -6.5457662781E-03   5.3663556752E-02  -1.9499013934E-02  -6.6749586518E-02
    6      1.2761984570E-01   2.9509942370E-01  -3.1166200643E-01   3.2940976761E-01   1.1733340400E-01
    7     -4.7926872984E-01   1.3789143732E-01  -1.2654456504E-01   1.5661105917E-01   6.2455916035E-02
    8      6.5458474903E-02   3.9594770438E-01  -4.0400593914E-01   4.6171275144E-01   1.4133168191E-01
    9     -4.8306496893E-01   3.6911778677E-02  -1.2502468254E-02  -2.3044028589E-02  -9.6416954486E-02
   10     -1.7532216968E-02   2.3291428705E-01  -4.3267714450E-02  -3.2571880876E-02  -5.9325383997E-01
   11     -8.7621732558E-02  -2.5554838136E-01   7.5020172145E-02   3.1234136188E-02   6.5611587796E-01
   12      4.4627635434E-01   1.6578352104E-01   1.9732912430E-01   1.2822989942E-02   4.1070277556E-02
   13      5.1126584071E-02  -5.5189882820E-01  -6.5473919094E-01  -9.9701295439E-02  -1.1817542594E-01
   14      2.3123553017E-01  -2.0073657022E-01  -2.2897125688E-01  -3.9350256096E-02  -5.8699297299E-02

#
# The atoms: label  mass x y z (in bohrs)
#
$atoms
5
 H      1.00783      1.972044748539     0.047183136823    -0.596592738020
 C     12.00000      0.000082465867    -0.000718617085     0.000448484409
 H      1.00783     -1.188295837262    -0.541454468341    -1.595880897854
 H      1.00783     -0.223948036315    -1.367292634244     1.514460983922
 H      1.00783     -0.560782781918     1.870120416284     0.672672624931

$actual_temperature
  0.000000

$frequency_scale_factor
  1.000000

$dipole_derivatives
15
   -1.6549899762E-01   -5.2586074928E-03    6.9173070017E-02
   -4.7306725276E-03    6.3541076298E-02    1.0362597201E-03
    6.8820162806E-02    1.1875387869E-03    4.3080162378E-02
    7.9286427484E-02   -9.5412574471E-04    5.4700845731E-04
   -9.5419581513E-04    7.8786090903E-02    3.6540899720E-03
    5.4705381021E-04    3.6540946277E-03    7.6689876291E-02
   -1.9586120740E-02   -3.7850266699E-02   -1.1170957101E-01
   -3.8179232451E-02    4.6148107694E-02   -5.1839325204E-02
   -1.1154454389E-01   -5.1322262003E-02   -8.5817458599E-02
    6.0830712394E-02   -1.7825085257E-02    1.9799027253E-02
   -1.7920792138E-02   -4.6411957251E-02    1.2164083339E-01
    1.9876271418E-02    1.2146515431E-01   -7.0900133836E-02
    4.4967978484E-02    6.1888085194E-02    2.2190465279E-02
    6.1784892932E-02   -1.4206331764E-01   -7.4491857883E-02
    2.2301055858E-02   -7.4984525726E-02    3.6947553766E-02

#
# The IR spectrum
#  wavenumber T**2 TX TY TZ
#
$ir_spectrum
15
      0.00   0.00000000     0.000000     0.000000     0.000000
      0.00   0.00000000     0.000000     0.000000     0.000000
      0.00   0.00000000     0.000000     0.000000     0.000000
      0.00   0.00000000     0.000000     0.000000     0.000000
      0.00   0.00000000     0.000000     0.000000     0.000000
      0.00   0.00000000     0.000000     0.000000     0.000000
   1461.61   0.00045943     0.004025    -0.017094    -0.012290
   1463.45   0.00046622     0.020849     0.000932     0.005538
   1468.27   0.00048395    -0.003956    -0.013236     0.017120
   1671.12   0.00000007     0.000019    -0.000255    -0.000091
   1671.16   0.00000017     0.000398    -0.000014     0.000116
   3097.06   0.00003627    -0.001061     0.005494    -0.002228
   3180.01   0.00087116    -0.004916     0.022789     0.018101
   3193.09   0.00086446    -0.028644    -0.001158    -0.006528
   3231.47   0.00080612     0.004450     0.017665    -0.021778


$end

