
$orca_hessian_file

$act_atom
  0

$act_coord
  0

$act_energy
        0.000000

$multiplicity
  1

$hessian
15
                    0                  1                  2                  3                  4        
    0      3.2377544895E-01   6.4750587853E-03  -8.1585514528E-02  -2.9744643286E-01  -5.7837226345E-03
    1      6.4750587853E-03   5.4163180250E-02  -1.9524445970E-03  -5.7846109022E-03  -5.6713962935E-02
    2     -8.1585514528E-02  -1.9524445970E-03   7.8692675296E-02   7.2866899292E-02   1.7348391028E-03
    3     -2.9744643286E-01  -5.7846109022E-03   7.2866899292E-02   5.7854013646E-01  -6.4077177144E-05
    4     -5.7837226345E-03  -5.6713962935E-02   1.7348391028E-03  -6.4077177144E-05   5.9088662944E-01
    5      7.2823719836E-02   1.7340716527E-03  -7.8633590091E-02   5.0298490145E-03   9.5192582480E-04
    6     -1.7834681718E-02  -9.0133962337E-03  -2.7835628258E-02  -1.4728075323E-01  -4.2153809448E-02
    7     -4.9826926845E-05  -1.1710360717E-03   3.5536386072E-04  -4.2087280714E-02  -7.4266527798E-02
    8      6.3389596261E-03   3.8864854382E-03   1.1064139033E-02  -1.2416845303E-01  -5.6618992407E-02
    9     -1.2469456141E-03  -2.4434155029E-02   2.5955611723E-02  -5.8403583291E-02  -2.0071639452E-02
   10     -5.6613557576E-04   2.3150405409E-04  -1.4281914499E-03  -1.9895830154E-02  -1.7772915309E-01
   11      5.9555479264E-04   5.1820838586E-03  -6.9335606573E-03   2.1958511251E-02   1.3555560127E-01
   12     -7.2473887588E-03   3.2757103379E-02   1.0598631770E-02  -7.5409367076E-02   6.8073248712E-02
   13     -7.5373648270E-05   3.4903147026E-03   1.2904330834E-03   6.7831798947E-02  -2.8217698562E-01
   14      1.8272802727E-03  -8.8501963526E-03  -4.1896635809E-03   2.4313193477E-02  -8.1623373789E-02
                    5                  6                  7                  8                  9        
    0      7.2823719836E-02  -1.7834681718E-02  -4.9826926845E-05   6.3389596261E-03  -1.2469456141E-03
    1      1.7340716527E-03  -9.0133962337E-03  -1.1710360717E-03   3.8864854382E-03  -2.4434155029E-02
    2     -7.8633590091E-02  -2.7835628258E-02   3.5536386072E-04   1.1064139033E-02   2.5955611723E-02
    3      5.0298490145E-03  -1.4728075323E-01  -4.2087280714E-02  -1.2416845303E-01  -5.8403583291E-02
    4      9.5192582480E-04  -4.2153809448E-02  -7.4266527798E-02  -5.6618992407E-02  -2.0071639452E-02
    5      5.9070346137E-01  -1.2439380705E-01  -5.6632298541E-02  -2.2198551835E-01   2.2150138706E-02
    6     -1.2439380705E-01   1.5515588387E-01   4.6818020590E-02   1.3809330063E-01   2.9302141911E-03
    7     -5.6632298541E-02   4.6818020590E-02   7.3922265709E-02   6.2964848488E-02   1.6182500731E-02
    8     -2.2198551835E-01   1.3809330063E-01   6.2964848488E-02   2.3822412525E-01  -1.4863140763E-02
    9      2.2150138706E-02   2.9302141911E-03   1.6182500731E-02  -1.4863140763E-02   5.6362664876E-02
   10      1.3553655919E-01   2.7016614633E-03   8.2722420047E-03  -8.2593260417E-03   2.2186143514E-02
   11     -2.0548919154E-01   4.4491519251E-03   1.8683618922E-02  -1.9117350199E-02  -2.4539852017E-02
   12      2.4390099491E-02   7.0293368875E-03  -2.0863413680E-02  -5.4006664545E-03   3.5764983861E-04
   13     -8.1590258129E-02   1.6475236287E-03  -6.7569438444E-03  -1.9730154776E-03   6.1371502355E-03
   14     -8.4595161387E-02   9.6869827545E-03  -2.5371532730E-02  -8.1853957327E-03  -8.7027576485E-03
                   10                 11                 12                 13                 14        
    0     -5.6613557576E-04   5.9555479264E-04  -7.2473887588E-03  -7.5373648270E-05   1.8272802727E-03
    1      2.3150405409E-04   5.1820838586E-03   3.2757103379E-02   3.4903147026E-03  -8.8501963526E-03
    2     -1.4281914499E-03  -6.9335606573E-03   1.0598631770E-02   1.2904330834E-03  -4.1896635809E-03
    3     -1.9895830154E-02   2.1958511251E-02  -7.5409367076E-02   6.7831798947E-02   2.4313193477E-02
    4     -1.7772915309E-01   1.3555560127E-01   6.8073248712E-02  -2.8217698562E-01  -8.1623373789E-02
    5      1.3553655919E-01  -2.0548919154E-01   2.4390099491E-02  -8.1590258129E-02  -8.4595161387E-02
    6      2.7016614633E-03   4.4491519251E-03   7.0293368875E-03   1.6475236287E-03   9.6869827545E-03
    7      8.2722420047E-03   1.8683618922E-02  -2.0863413680E-02  -6.7569438444E-03  -2.5371532730E-02
    8     -8.2593260417E-03  -1.9117350199E-02  -5.4006664545E-03  -1.9730154776E-03  -8.1853957327E-03
    9      2.2186143514E-02  -2.4539852017E-02   3.5764983861E-04   6.1371502355E-03  -8.7027576485E-03
   10      1.8907621711E-01  -1.5089529015E-01  -4.4258392481E-03  -1.9850810079E-02   2.5046248447E-02
   11     -1.5089529015E-01   2.1996609261E-01  -2.4633659514E-03  -8.5260139005E-03   1.1574009791E-02
   12     -4.4258392481E-03  -2.4633659514E-03   7.5269769108E-02  -7.5541099163E-02  -2.7124698855E-02
   13     -1.9850810079E-02  -8.5260139005E-03  -7.5541099163E-02   3.0529442484E-01   9.0798854424E-02
   14      2.5046248447E-02   1.1574009791E-02  -2.7124698855E-02   9.0798854424E-02   8.5396210910E-02

$vibrational_frequencies
15
    0        0.0000000000000000
    1        0.0000000000000000
    2        0.0000000000000000
    3        0.0000000000000000
    4        0.0000000000000000
    5        0.0000000000000000
    6     1460.6635372006094258
    7     1465.8735422282393301
    8     1466.8074352908774927
    9     1671.1269466314622605
   10     1671.1502000383152335
   11     3094.6933915114577758
   12     3178.1609905062455255
   13     3210.9421992532379591
   14     3217.8309295495514561

$normal_modes
15 15
                    0                  1                  2                  3                  4        
    0      0.0000000000E+00   0.0000000000E+00   0.0000000000E+00   0.0000000000E+00   0.0000000000E+00
    1      0.0000000000E+00   0.0000000000E+00   0.0000000000E+00   0.0000000000E+00   0.0000000000E+00
    2      0.0000000000E+00   0.0000000000E+00   0.0000000000E+00   0.0000000000E+00   0.0000000000E+00
    3      0.0000000000E+00   0.0000000000E+00   0.0000000000E+00   0.0000000000E+00   0.0000000000E+00
    4      0.0000000000E+00   0.0000000000E+00   0.0000000000E+00   0.0000000000E+00   0.0000000000E+00
    5      0.0000000000E+00   0.0000000000E+00   0.0000000000E+00   0.0000000000E+00   0.0000000000E+00
    6      0.0000000000E+00   0.0000000000E+00   0.0000000000E+00   0.0000000000E+00   0.0000000000E+00
    7      0.0000000000E+00   0.0000000000E+00   0.0000000000E+00   0.0000000000E+00   0.0000000000E+00
    8      0.0000000000E+00   0.0000000000E+00   0.0000000000E+00   0.0000000000E+00   0.0000000000E+00
    9      0.0000000000E+00   0.0000000000E+00   0.0000000000E+00   0.0000000000E+00   0.0000000000E+00
   10      0.0000000000E+00   0.0000000000E+00   0.0000000000E+00   0.0000000000E+00   0.0000000000E+00
   11      0.0000000000E+00   0.0000000000E+00   0.0000000000E+00   0.0000000000E+00   0.0000000000E+00
   12      0.0000000000E+00   0.0000000000E+00   0.0000000000E+00   0.0000000000E+00   0.0000000000E+00
   13      0.0000000000E+00   0.0000000000E+00   0.0000000000E+00   0.0000000000E+00   0.0000000000E+00
   14      0.0000000000E+00   0.0000000000E+00   0.0000000000E+00   0.0000000000E+00   0.0000000000E+00
                    5                  6                  7                  8                  9        
    0      0.0000000000E+00   8.9922528766E-02  -7.2205740392E-02   1.3707411837E-01  -1.2676552542E-01
    1      0.0000000000E+00  -4.5314095272E-04   5.0332627211E-01   2.1937701226E-01  -2.1297146710E-01
    2      0.0000000000E+00   5.1290977284E-03  -2.0644700400E-01   4.8497068616E-01  -4.3675133469E-01
    3      0.0000000000E+00   1.0810500871E-01   1.8409442579E-02  -3.4791332409E-02   4.2644461706E-04
    4      0.0000000000E+00   3.1441988208E-03  -1.0523092624E-01  -4.5922861130E-02   4.3587477145E-04
    5      0.0000000000E+00  -3.9318226956E-02   4.2202066210E-02  -9.9331985179E-02   8.1979412027E-04
    6      0.0000000000E+00  -4.1828874104E-01  -3.9878620601E-02  -1.8053249846E-01   3.9296409721E-01
    7      0.0000000000E+00   3.2791452965E-02   5.3889167536E-01   6.2679812783E-02   4.4155163550E-02
    8      0.0000000000E+00   3.3152979566E-01  -1.3782192788E-01   6.4516140992E-03  -3.0563847215E-01
    9      0.0000000000E+00  -4.9587919853E-01  -1.4499382859E-01   1.9185448084E-01  -8.6881142587E-02
   10      0.0000000000E+00   1.4359312449E-01   1.4029173184E-01   3.7121560327E-01   3.6680924449E-01
   11      0.0000000000E+00   1.3348754071E-02   2.0668616234E-01   3.2356311923E-01   3.1885189275E-01
   12      0.0000000000E+00  -4.6294240759E-01   3.7880110672E-02   2.6585833386E-01  -1.8439503220E-01
   13      0.0000000000E+00  -2.1336887320E-01   7.0456931500E-02  -1.0647678826E-01  -2.0318282717E-01
   14      0.0000000000E+00   1.1814774498E-01  -3.6491000285E-01   3.6774351067E-01   4.1377676594E-01
                   10                 11                 12                 13                 14        
    0      7.1792458599E-02   6.8217561781E-01  -6.1523286200E-01   1.6171086589E-02  -2.8536872754E-02
    1     -4.5617949065E-01   1.6389780906E-02  -1.4614805401E-02   1.5927686122E-02   5.6649135294E-03
    2      2.0152793259E-01  -2.0679581800E-01   1.8444725647E-01  -1.1636303107E-02   2.4647063743E-02
    3     -2.6639680647E-04  -2.4768750106E-02   7.7980559826E-02  -1.4670593363E-02   2.8449685490E-02
    4      1.1676883908E-03  -5.0058224119E-04   2.6210444890E-03   8.1140490237E-02   3.4212601794E-02
    5     -4.8518305410E-04   5.2375112077E-03  -3.1658244485E-02  -3.0943743569E-02   7.5983023315E-02
    6     -1.1450245581E-01  -2.2311480422E-01  -1.8162272267E-01   6.4126984104E-02  -4.6791877083E-01
    7      4.7185316929E-01  -9.9302827395E-02  -8.9694772748E-02   4.6922609705E-02  -2.0924949652E-01
    8     -7.5211837473E-02  -2.9130814151E-01  -2.7268620357E-01   8.4027789479E-02  -6.2206282979E-01
    9      4.9082090005E-01  -5.0095759465E-02  -3.4055143905E-02  -7.9281919596E-02   3.4324652268E-02
   10      2.5359539272E-02  -2.7368591618E-01  -3.0780103022E-01  -4.5412963923E-01   1.8352399685E-01
   11      9.3245241075E-02   3.0417790332E-01   3.3498558758E-01   5.1470271868E-01  -1.8071725615E-01
   12     -4.4493896170E-01  -1.1404778995E-01  -9.7590437789E-02   1.7366409074E-01   1.2338546013E-01
   13     -5.4936683534E-02   3.6255930965E-01   3.8090228067E-01  -5.7484657301E-01  -3.8730300218E-01
   14     -2.1378434469E-01   1.3156390753E-01   1.3020265297E-01  -2.1865235160E-01  -1.2658381913E-01

#
# The atoms: label  mass x y z (in bohrs)
#
$atoms
5
 H      1.00783      1.978846026464     0.047491071805    -0.598774630830
 C     12.00000     -0.000838332998    -0.000016613988     0.000106647573
 H      1.00783     -1.185125305445    -0.539786060453    -1.591443852697
 H      1.00783     -0.224776137221    -1.371084205124     1.518747940790
 H      1.00783     -0.558962696407     1.863577013680     0.670200708355

$actual_temperature
  0.000000

$frequency_scale_factor
  1.000000

$dipole_derivatives
15
   -1.6728618612E-01   -5.5344057457E-03    7.0012578846E-02
   -5.5361993472E-03    6.3647190633E-02    1.7237205836E-03
    7.0112720511E-02    1.7255804499E-03    4.2625255797E-02
    8.2060052625E-02    3.2882359206E-05   -2.3298747638E-03
    3.2885898648E-05    7.6302762396E-02   -4.3315012094E-04
   -2.3299975241E-03   -4.3315400900E-04    7.6400269210E-02
   -1.9724295448E-02   -3.7815388073E-02   -1.1119116654E-01
   -3.7649949818E-02    4.6912890804E-02   -5.0455704807E-02
   -1.1062844068E-01   -5.0421572669E-02   -8.4756869090E-02
    6.0245411250E-02   -1.8658767301E-02    2.0939509420E-02
   -1.8224542167E-02   -4.6615502949E-02    1.2258844660E-01
    2.0466461816E-02    1.2263680211E-01   -7.1810924478E-02
    4.4705017689E-02    6.1975678760E-02    2.2568953038E-02
    6.1377805433E-02   -1.4024734088E-01   -7.3423312258E-02
    2.2379255877E-02   -7.3507655884E-02    3.7542268562E-02

#
# The IR spectrum
#  wavenumber T**2 TX TY TZ
#
$ir_spectrum
15
      0.00   0.00000000     0.000000     0.000000     0.000000
      0.00   0.00000000     0.000000     0.000000     0.000000
      0.00   0.00000000     0.000000     0.000000     0.000000
      0.00   0.00000000     0.000000     0.000000     0.000000
      0.00   0.00000000     0.000000     0.000000     0.000000
      0.00   0.00000000     0.000000     0.000000     0.000000
   1460.66   0.00045539    -0.020046    -0.000583     0.007294
   1465.87   0.00047542    -0.003494     0.019976    -0.008011
   1466.81   0.00047880     0.006628     0.008751     0.018929
   1671.13   0.00000009    -0.000124    -0.000128    -0.000242
   1671.15   0.00000014     0.000077    -0.000341     0.000142
   3094.69   0.00007844    -0.008660    -0.000175     0.001847
   3178.16   0.00081277     0.026408     0.000887    -0.010706
   3210.94   0.00084747    -0.004853     0.026820    -0.010228
   3217.83   0.00083934     0.009368     0.011256     0.024998


$end

