
$orca_hessian_file

$act_atom
  0

$act_coord
  0

$act_energy
        0.000000

$multiplicity
  1

$hessian
15
                    0                  1                  2                  3                  4        
    0      3.3331333041E-01   6.8546336722E-03  -8.4643777634E-02  -3.0720876040E-01  -6.2159318616E-03
    1      6.8546336722E-03   5.3003270076E-02  -2.0575559893E-03  -6.0788477078E-03  -5.5386324471E-02
    2     -8.4643777634E-02  -2.0575559893E-03   7.8480049944E-02   7.6134145003E-02   1.8502446625E-03
    3     -3.0720876040E-01  -6.0788477078E-03   7.6134145003E-02   5.9069265064E-01   3.3558475248E-03
    4     -6.2159318616E-03  -5.5386324471E-02   1.8502446625E-03   3.3558475248E-03   5.7923342150E-01
    5      7.5910945967E-02   1.8034100200E-03  -7.8418844512E-02   4.9023329107E-03   9.1776788603E-04
    6     -1.7873898331E-02  -9.0816596233E-03  -2.8107135423E-02  -1.4852681037E-01  -4.2744284944E-02
    7     -4.6272232470E-05  -1.1562522008E-03   3.3357161350E-04  -4.2820223871E-02  -7.3928103697E-02
    8      6.4040051253E-03   3.9046716835E-03   1.1125103866E-02  -1.2615201332E-01  -5.7355470159E-02
    9     -1.1244980214E-03  -2.4511954904E-02   2.6032901803E-02  -5.9047537605E-02  -1.9730738873E-02
   10     -5.5850437053E-04   1.8446920587E-04  -1.3629794635E-03  -1.9727901365E-02  -1.7574471167E-01
   11      5.4165888826E-04   5.2448443237E-03  -6.9932923320E-03   2.1708078141E-02   1.3299153898E-01
   12     -7.1061736546E-03   3.2817828563E-02   1.0583866252E-02  -7.5909542260E-02   6.5335108154E-02
   13     -3.3925207673E-05   3.3548373905E-03   1.2367191768E-03   6.5271125418E-02  -2.7417428167E-01
   14      1.7871676537E-03  -8.8953700379E-03  -4.1930169658E-03   2.3407457263E-02  -7.8404081371E-02
                    5                  6                  7                  8                  9        
    0      7.5910945967E-02  -1.7873898331E-02  -4.6272232470E-05   6.4040051253E-03  -1.1244980214E-03
    1      1.8034100200E-03  -9.0816596233E-03  -1.1562522008E-03   3.9046716835E-03  -2.4511954904E-02
    2     -7.8418844512E-02  -2.8107135423E-02   3.3357161350E-04   1.1125103866E-02   2.6032901803E-02
    3      4.9023329107E-03  -1.4852681037E-01  -4.2820223871E-02  -1.2615201332E-01  -5.9047537605E-02
    4      9.1776788603E-04  -4.2744284944E-02  -7.3928103697E-02  -5.7355470159E-02  -1.9730738873E-02
    5      5.9020715995E-01  -1.2604359072E-01  -5.7408067675E-02  -2.2385306809E-01   2.1753071178E-02
    6     -1.2604359072E-01   1.5641059643E-01   4.7440833452E-02   1.3992671743E-01   2.9559740753E-03
    7     -5.7408067675E-02   4.7440833452E-02   7.3686367526E-02   6.3654729310E-02   1.6183504824E-02
    8     -2.2385306809E-01   1.3992671743E-01   6.3654729310E-02   2.3996302318E-01  -1.4848365657E-02
    9      2.1753071178E-02   2.9559740753E-03   1.6183504824E-02  -1.4848365657E-02   5.6887229738E-02
   10      1.3324694578E-01   2.7088449735E-03   8.2354050509E-03  -8.1909394868E-03   2.1953830345E-02
   11     -2.0338768878E-01   4.5040802484E-03   1.8697360266E-02  -1.9108835845E-02  -2.4292506845E-02
   12      2.3477240666E-02   7.0341381968E-03  -2.0757842173E-02  -5.3303435792E-03   3.2883181298E-04
   13     -7.8560056012E-02   1.6762661418E-03  -6.8374166797E-03  -2.0129913478E-03   6.1053586082E-03
   14     -8.4547558571E-02   9.7199284675E-03  -2.5277593515E-02  -8.1262231101E-03  -8.6451004791E-03
                   10                 11                 12                 13                 14        
    0     -5.5850437053E-04   5.4165888826E-04  -7.1061736546E-03  -3.3925207673E-05   1.7871676537E-03
    1      1.8446920587E-04   5.2448443237E-03   3.2817828563E-02   3.3548373905E-03  -8.8953700379E-03
    2     -1.3629794635E-03  -6.9932923320E-03   1.0583866252E-02   1.2367191768E-03  -4.1930169658E-03
    3     -1.9727901365E-02   2.1708078141E-02  -7.5909542260E-02   6.5271125418E-02   2.3407457263E-02
    4     -1.7574471167E-01   1.3299153898E-01   6.5335108154E-02  -2.7417428167E-01  -7.8404081371E-02
    5      1.3324694578E-01  -2.0338768878E-01   2.3477240666E-02  -7.8560056012E-02  -8.4547558571E-02
    6      2.7088449735E-03   4.5040802484E-03   7.0341381968E-03   1.6762661418E-03   9.7199284675E-03
    7      8.2354050509E-03   1.8697360266E-02  -2.0757842173E-02  -6.8374166797E-03  -2.5277593515E-02
    8     -8.1909394868E-03  -1.9108835845E-02  -5.3303435792E-03  -2.0129913478E-03  -8.1262231101E-03
    9      2.1953830345E-02  -2.4292506845E-02   3.2883181298E-04   6.1053586082E-03  -8.6451004791E-03
   10      1.8710784039E-01  -1.4849223989E-01  -4.3762695829E-03  -1.9783002976E-02   2.4799213063E-02
   11     -1.4849223989E-01   2.1799031502E-01  -2.4613104329E-03  -8.4415036773E-03   1.1499501944E-02
   12     -4.3762695829E-03  -2.4613104329E-03   7.5652745904E-02  -7.3018824961E-02  -2.6269452906E-02
   13     -1.9783002976E-02  -8.4415036773E-03  -7.3018824961E-02   2.9743986393E-01   8.7777831860E-02
   14      2.4799213063E-02   1.1499501944E-02  -2.6269452906E-02   8.7777831860E-02   8.5367296703E-02

$vibrational_frequencies
15
    0        0.0000000000000000
    1        0.0000000000000000
    2        0.0000000000000000
    3        0.0000000000000000
    4        0.0000000000000000
    5        0.0000000000000000
    6     1461.2135190027113367
    7     1464.1004794289663096
    8     1468.0194057159148997
    9     1671.1150365420535309
   10     1671.1639116594542429
   11     3096.4818353959421984
   12     3177.7480160855475333
   13     3198.8565607949813057
   14     3228.5563846920117612

$normal_modes
15 15
                    0                  1                  2                  3                  4        
    0      0.0000000000E+00   0.0000000000E+00   0.0000000000E+00   0.0000000000E+00   0.0000000000E+00
    1      0.0000000000E+00   0.0000000000E+00   0.0000000000E+00   0.0000000000E+00   0.0000000000E+00
    2      0.0000000000E+00   0.0000000000E+00   0.0000000000E+00   0.0000000000E+00   0.0000000000E+00
    3      0.0000000000E+00   0.0000000000E+00   0.0000000000E+00   0.0000000000E+00   0.0000000000E+00
    4      0.0000000000E+00   0.0000000000E+00   0.0000000000E+00   0.0000000000E+00   0.0000000000E+00
    5      0.0000000000E+00   0.0000000000E+00   0.0000000000E+00   0.0000000000E+00   0.0000000000E+00
    6      0.0000000000E+00   0.0000000000E+00   0.0000000000E+00   0.0000000000E+00   0.0000000000E+00
    7      0.0000000000E+00   0.0000000000E+00   0.0000000000E+00   0.0000000000E+00   0.0000000000E+00
    8      0.0000000000E+00   0.0000000000E+00   0.0000000000E+00   0.0000000000E+00   0.0000000000E+00
    9      0.0000000000E+00   0.0000000000E+00   0.0000000000E+00   0.0000000000E+00   0.0000000000E+00
   10      0.0000000000E+00   0.0000000000E+00   0.0000000000E+00   0.0000000000E+00   0.0000000000E+00
   11      0.0000000000E+00   0.0000000000E+00   0.0000000000E+00   0.0000000000E+00   0.0000000000E+00
   12      0.0000000000E+00   0.0000000000E+00   0.0000000000E+00   0.0000000000E+00   0.0000000000E+00
   13      0.0000000000E+00   0.0000000000E+00   0.0000000000E+00   0.0000000000E+00   0.0000000000E+00
   14      0.0000000000E+00   0.0000000000E+00   0.0000000000E+00   0.0000000000E+00   0.0000000000E+00
                    5                  6                  7                  8                  9        
    0      0.0000000000E+00   1.7238537336E-03  -1.5823959917E-01  -9.1188576901E-02  -7.3753873684E-02
    1      0.0000000000E+00   5.3586283884E-01   9.9516435705E-02  -9.4313755479E-02   4.5054447885E-01
    2      0.0000000000E+00  -2.5537983329E-02  -2.7092499928E-01  -4.6349870360E-01  -2.0734348705E-01
    3      0.0000000000E+00   3.1578717078E-02  -7.1892047423E-02   8.3833573544E-02  -1.6894687811E-04
    4      0.0000000000E+00  -1.1055827737E-01  -2.3679791050E-02   2.1199838724E-02  -7.0157517794E-04
    5      0.0000000000E+00  -4.0205681237E-03   8.6481824871E-02   7.5495849329E-02  -1.9386581452E-04
    6      0.0000000000E+00  -1.9903899660E-01   4.1611044117E-01  -4.2908203799E-02   1.2308931612E-01
    7      0.0000000000E+00   5.1778074674E-01   1.4448300410E-01   6.1451975680E-02  -4.7563448070E-01
    8      0.0000000000E+00  -4.0763986923E-02  -3.4013163390E-01   1.2165832784E-01   6.8844382068E-02
    9      0.0000000000E+00  -1.9054935537E-01   2.9375669924E-01  -4.2775510580E-01  -4.8837992971E-01
   10      0.0000000000E+00   2.8372956309E-01  -2.0611405935E-01  -2.2340871856E-01  -1.6142845579E-02
   11      0.0000000000E+00   2.9535324699E-01  -5.3965821920E-02  -2.3153696249E-01  -8.6138435656E-02
   12      0.0000000000E+00   1.1862123990E-02   3.0437875100E-01  -4.3634011148E-01   4.4105610881E-01
   13      0.0000000000E+00  -2.0974680677E-02   2.4406583480E-01   3.8476505948E-03   4.9586382884E-02
   14      0.0000000000E+00  -1.8117906088E-01  -3.6470181773E-01  -3.2553880590E-01   2.2694586768E-01
                   10                 11                 12                 13                 14        
    0     -1.2107408462E-01  -4.1914989711E-01   2.3399812008E-01   7.2787085354E-01   2.9109466375E-01
    1     -2.2177220409E-01  -7.3535348996E-03   2.3049338826E-02   1.5196357426E-02   3.9721033350E-03
    2     -4.2375037435E-01   1.2978832071E-01  -7.2892343225E-02  -2.1074949810E-01  -1.0317953191E-01
    3      8.6072495837E-04  -1.0520268771E-03  -2.3033722077E-02  -5.9887454512E-02  -6.0354048565E-02
    4      1.3054666547E-04   1.2827333149E-02   8.3807932859E-02  -1.4721665539E-02  -1.7789595816E-02
    5     -1.2674060823E-03   1.4757382796E-02  -4.1693844677E-03   6.2100853481E-02  -6.0556779036E-02
    6      3.8198758198E-01   2.0155145497E-01  -7.4912686406E-02  -9.5821261410E-02   5.0141641889E-01
    7      5.3776055047E-02   9.4754128191E-02  -1.4222606545E-02  -4.0999573948E-02   2.2993922881E-01
    8     -3.0350374012E-01   2.7425167369E-01  -9.4909847052E-02  -9.9219863204E-02   6.7694707501E-01
    9     -7.7411436885E-02   5.5248667032E-02  -7.0847708373E-02   4.6996844847E-02  -3.1218642208E-02
   10      3.7539910970E-01   3.4151224543E-01  -3.8709324575E-01   3.5648855602E-01  -1.2305487604E-01
   11      3.2522141920E-01  -3.7244727587E-01   4.4756236013E-01  -3.8658278753E-01   1.2112727446E-01
   12     -1.9375056509E-01   1.7487607891E-01   1.8602085737E-01   3.4023224097E-02  -4.2667123913E-02
   13     -2.0895735744E-01  -5.8164569697E-01  -6.1962018525E-01  -1.5539699002E-01   1.0096121360E-01
   14      4.1712348237E-01  -2.0730634728E-01  -2.3011602329E-01  -4.2872074560E-02   2.6144375951E-02

#
# The atoms: label  mass x y z (in bohrs)
#
$atoms
5
 H      1.00783      1.970267860779     0.047193176221    -0.596298179037
 C     12.00000     -0.000077290726    -0.000458872331    -0.000719639793
 H      1.00783     -1.183231515672    -0.539081029264    -1.589269693057
 H      1.00783     -0.225037958860    -1.373699158494     1.521381448313
 H      1.00783     -0.561078098807     1.871050725770     0.672755051508

$actual_temperature
  0.000000

$frequency_scale_factor
  1.000000

$dipole_derivatives
15
   -1.6437583566E-01   -5.2191696427E-03    6.9487085926E-02
   -4.8833227137E-03    6.3233900758E-02    1.5811497510E-03
    7.0025956153E-02    1.6957135333E-03    4.2793545899E-02
    7.6426557331E-02   -1.5461867956E-03   -2.2377347535E-03
   -1.5462431435E-03    8.1695183515E-02   -4.0537459580E-04
   -2.2378388403E-03   -4.0542947859E-04    7.6640049583E-02
   -1.8156786000E-02   -3.7327405924E-02   -1.1026277708E-01
   -3.7512498424E-02    4.6280234266E-02   -5.0612183720E-02
   -1.1052063110E-01   -5.0481026487E-02   -8.4822306956E-02
    6.0902645393E-02   -1.8097284900E-02    2.0481895184E-02
   -1.8088638175E-02   -4.8243738384E-02    1.2343474938E-01
    2.0370690473E-02    1.2281412148E-01   -7.1941353781E-02
    4.5203418934E-02    6.2190047262E-02    2.2531530719E-02
    6.2030702456E-02   -1.4296558016E-01   -7.3998340816E-02
    2.2361823317E-02   -7.3623379049E-02    3.7330065256E-02

#
# The IR spectrum
#  wavenumber T**2 TX TY TZ
#
$ir_spectrum
15
      0.00   0.00000000     0.000000     0.000000     0.000000
      0.00   0.00000000     0.000000     0.000000     0.000000
      0.00   0.00000000     0.000000     0.000000     0.000000
      0.00   0.00000000     0.000000     0.000000     0.000000
      0.00   0.00000000     0.000000     0.000000     0.000000
      0.00   0.00000000     0.000000     0.000000     0.000000
   1461.21   0.00045792    -0.005873     0.020564     0.000744
   1464.10   0.00046866     0.013541     0.004463    -0.016290
   1468.02   0.00048303    -0.016052    -0.004057    -0.014454
   1671.12   0.00000005     0.000052     0.000200     0.000058
   1671.16   0.00000020    -0.000247    -0.000038     0.000366
   3096.48   0.00004619    -0.000397     0.004473     0.005101
   3177.75   0.00086598    -0.007783     0.028346    -0.001386
   3198.86   0.00085106    -0.019953    -0.004895     0.020712
   3228.56   0.00081478    -0.019715    -0.005825    -0.019803


$end

