
$orca_hessian_file

$act_atom
  0

$act_coord
  0

$act_energy
        0.000000

$multiplicity
  1

$hessian
15
                    0                  1                  2                  3                  4        
    0      3.2741534701E-01   6.5725665563E-03  -8.2865249428E-02  -3.0135819358E-01  -5.8887984092E-03
    1      6.5725665563E-03   5.3707943761E-02  -1.9887210858E-03  -5.8887877974E-03  -5.6127693512E-02
    2     -8.2865249428E-02  -1.9887210858E-03   7.8623237714E-02   7.4242721554E-02   1.7813314135E-03
    3     -3.0135819358E-01  -5.8887877974E-03   7.4242721554E-02   5.8126185912E-01   1.0291223607E-06
    4     -5.8887984092E-03  -5.6127693512E-02   1.7813314135E-03   1.0291223607E-06   5.8122493171E-01
    5      7.4242823282E-02   1.7813306573E-03  -7.8450903337E-02  -4.0094973725E-06   2.6741187449E-06
    6     -1.7728754549E-02  -8.9967783569E-03  -2.7811049560E-02  -1.4497515828E-01  -4.0536100819E-02
    7     -7.3116412037E-05  -1.1626036089E-03   3.2384729923E-04  -4.0536046197E-02  -7.4451413775E-02
    8      6.2196483318E-03   3.8407875642E-03   1.0955631765E-02  -1.1951322217E-01  -5.4442578966E-02
    9     -1.1711873413E-03  -2.4377948357E-02   2.5877656444E-02  -5.9179373415E-02  -1.9476995295E-02
   10     -5.6886410644E-04   1.9381511747E-04  -1.3650218643E-03  -1.9476897348E-02  -1.7487944236E-01
   11      5.8540763768E-04   5.2322891208E-03  -6.9599082126E-03   2.1574709369E-02   1.3169611439E-01
   12     -7.1572115372E-03   3.2690947955E-02   1.0555920991E-02  -7.5749133839E-02   6.5900865401E-02
   13     -4.1787628597E-05   3.3885382431E-03   1.2485642373E-03   6.5900702220E-02  -2.7576638206E-01
   14      1.8173701771E-03  -8.8656862565E-03  -4.1680579299E-03   2.3699800740E-02  -7.9037540955E-02
                    5                  6                  7                  8                  9        
    0      7.4242823282E-02  -1.7728754549E-02  -7.3116412037E-05   6.2196483318E-03  -1.1711873413E-03
    1      1.7813306573E-03  -8.9967783569E-03  -1.1626036089E-03   3.8407875642E-03  -2.4377948357E-02
    2     -7.8450903337E-02  -2.7811049560E-02   3.2384729923E-04   1.0955631765E-02   2.5877656444E-02
    3     -4.0094973725E-06  -1.4497515828E-01  -4.0536046197E-02  -1.1951322217E-01  -5.9179373415E-02
    4      2.6741187449E-06  -4.0536100819E-02  -7.4451413775E-02  -5.4442578966E-02  -1.9476995295E-02
    5      5.8122736298E-01  -1.1951346273E-01  -5.4442615187E-02  -2.1650140011E-01   2.1574811760E-02
    6     -1.1951346273E-01   1.5287100741E-01   4.5243253688E-02   1.3339302104E-01   2.8852626038E-03
    7     -5.4442615187E-02   4.5243253688E-02   7.4161168495E-02   6.0765268333E-02   1.6015970237E-02
    8     -2.1650140011E-01   1.3339302104E-01   6.0765268333E-02   2.3270845763E-01  -1.4743551779E-02
    9      2.1574811760E-02   2.8852626038E-03   1.6015970237E-02  -1.4743551779E-02   5.7113808817E-02
   10      1.3169607714E-01   2.6954875342E-03   8.1821450683E-03  -8.1354947556E-03   2.1738484362E-02
   11     -2.0186501591E-01   4.3678912770E-03   1.8462020716E-02  -1.9005885854E-02  -2.4079447176E-02
   12      2.3699837183E-02   6.9476428133E-03  -2.0650061315E-02  -5.3558954282E-03   3.5148933558E-04
   13     -7.9037466727E-02   1.5941379545E-03  -6.7292961789E-03  -2.0279821757E-03   6.1004890535E-03
   14     -8.4410043633E-02   9.5635999699E-03  -2.5108521161E-02  -8.1568034391E-03  -8.6294692488E-03
                   10                 11                 12                 13                 14        
    0     -5.6886410644E-04   5.8540763768E-04  -7.1572115372E-03  -4.1787628597E-05   1.8173701771E-03
    1      1.9381511747E-04   5.2322891208E-03   3.2690947955E-02   3.3885382431E-03  -8.8656862565E-03
    2     -1.3650218643E-03  -6.9599082126E-03   1.0555920991E-02   1.2485642373E-03  -4.1680579299E-03
    3     -1.9476897348E-02   2.1574709369E-02  -7.5749133839E-02   6.5900702220E-02   2.3699800740E-02
    4     -1.7487944236E-01   1.3169611439E-01   6.5900865401E-02  -2.7576638206E-01  -7.9037540955E-02
    5      1.3169607714E-01  -2.0186501591E-01   2.3699837183E-02  -7.9037466727E-02  -8.4410043633E-02
    6      2.6954875342E-03   4.3678912770E-03   6.9476428133E-03   1.5941379545E-03   9.5635999699E-03
    7      8.1821450683E-03   1.8462020716E-02  -2.0650061315E-02  -6.7292961789E-03  -2.5108521161E-02
    8     -8.1354947556E-03  -1.9005885854E-02  -5.3558954282E-03  -2.0279821757E-03  -8.1568034391E-03
    9      2.1738484362E-02  -2.4079447176E-02   3.5148933558E-04   6.1004890535E-03  -8.6294692488E-03
   10      1.8625242450E-01  -1.4699093517E-01  -4.3882104412E-03  -1.9748942330E-02   2.4795374656E-02
   11     -1.4699093517E-01   2.1637163475E-01  -2.4485611082E-03  -8.3994890515E-03   1.1459175224E-02
   12     -4.3882104412E-03  -2.4485611082E-03   7.5607213227E-02  -7.3553541600E-02  -2.6451301638E-02
   13     -1.9748942330E-02  -8.3994890515E-03  -7.3553541600E-02   2.9885608233E-01   8.8216373717E-02
   14      2.4795374656E-02   1.1459175224E-02  -2.6451301638E-02   8.8216373717E-02   8.5275729778E-02

$vibrational_frequencies
15
    0        0.0000000000000000
    1        0.0000000000000000
    2        0.0000000000000000
    3        0.0000000000000000
    4        0.0000000000000000
    5        0.0000000000000000
    6     1469.2700924147200112
    7     1469.2755711199188227
    8     1469.3017817061211190
    9     1672.5496572882593682
   10     1672.5542706835035460
   11     3080.3778120017072979
   12     3176.4095303878361847
   13     3176.4198359335578061
   14     3176.4655656587633530

$normal_modes
15 15
                    0                  1                  2                  3                  4        
    0      0.0000000000E+00   0.0000000000E+00   0.0000000000E+00   0.0000000000E+00   0.0000000000E+00
    1      0.0000000000E+00   0.0000000000E+00   0.0000000000E+00   0.0000000000E+00   0.0000000000E+00
    2      0.0000000000E+00   0.0000000000E+00   0.0000000000E+00   0.0000000000E+00   0.0000000000E+00
    3      0.0000000000E+00   0.0000000000E+00   0.0000000000E+00   0.0000000000E+00   0.0000000000E+00
    4      0.0000000000E+00   0.0000000000E+00   0.0000000000E+00   0.0000000000E+00   0.0000000000E+00
    5      0.0000000000E+00   0.0000000000E+00   0.0000000000E+00   0.0000000000E+00   0.0000000000E+00
    6      0.0000000000E+00   0.0000000000E+00   0.0000000000E+00   0.0000000000E+00   0.0000000000E+00
    7      0.0000000000E+00   0.0000000000E+00   0.0000000000E+00   0.0000000000E+00   0.0000000000E+00
    8      0.0000000000E+00   0.0000000000E+00   0.0000000000E+00   0.0000000000E+00   0.0000000000E+00
    9      0.0000000000E+00   0.0000000000E+00   0.0000000000E+00   0.0000000000E+00   0.0000000000E+00
   10      0.0000000000E+00   0.0000000000E+00   0.0000000000E+00   0.0000000000E+00   0.0000000000E+00
   11      0.0000000000E+00   0.0000000000E+00   0.0000000000E+00   0.0000000000E+00   0.0000000000E+00
   12      0.0000000000E+00   0.0000000000E+00   0.0000000000E+00   0.0000000000E+00   0.0000000000E+00
   13      0.0000000000E+00   0.0000000000E+00   0.0000000000E+00   0.0000000000E+00   0.0000000000E+00
   14      0.0000000000E+00   0.0000000000E+00   0.0000000000E+00   0.0000000000E+00   0.0000000000E+00
                    5                  6                  7                  8                  9        
    0      0.0000000000E+00   1.0428912705E-01  -1.3788072899E-01  -5.4740404313E-02   1.2691580501E-01
    1      0.0000000000E+00  -4.6619134379E-01  -3.0317995972E-01  -3.2877361023E-03   2.0512122962E-01
    2      0.0000000000E+00   2.8050679815E-01  -4.3917316700E-01   1.1202731410E-01   4.3571787789E-01
    3      0.0000000000E+00  -9.9332594662E-03   1.1159048297E-02  -1.1396215435E-01   1.8101160383E-07
    4      0.0000000000E+00   9.6607673859E-02   6.2229371100E-02  -2.3270866760E-03   1.6054056782E-06
    5      0.0000000000E+00  -6.1475682206E-02   9.5989101658E-02   1.4757241490E-02   3.4845355321E-06
    6      0.0000000000E+00  -4.1914427258E-02   2.5854672968E-01   3.7485645441E-01  -3.9197956359E-01
    7      0.0000000000E+00  -5.0850255599E-01  -1.5877473341E-01  -6.9218146897E-02  -3.8326733567E-02
    8      0.0000000000E+00   1.7664560110E-01  -4.4758004169E-02  -3.0870061716E-01   3.0485206181E-01
    9      0.0000000000E+00   1.1430648576E-01  -7.1169812481E-02   5.3634803472E-01   9.0548978545E-02
   10      0.0000000000E+00  -6.3185144199E-02  -4.0593738010E-01  -8.1326634491E-02  -3.7013071388E-01
   11      0.0000000000E+00  -1.5036498878E-01  -3.4842740491E-01   3.1142618510E-02  -3.2075468326E-01
   12      0.0000000000E+00  -5.8407566834E-02  -1.8236506453E-01   5.0046376319E-01   1.7451262476E-01
   13      0.0000000000E+00  -1.1241197801E-01   1.2693761256E-01   1.8154073987E-01   2.0331710253E-01
   14      0.0000000000E+00   4.2519300566E-01  -3.1056721267E-01  -1.0181261686E-02  -4.1985674621E-01
                   10                 11                 12                 13                 14        
    0     -6.9396754413E-02   4.7646811388E-01   7.0048722701E-02  -1.0704612341E-01   7.7541949323E-01
    1      4.5368639184E-01   1.1435098312E-02  -1.3334279006E-02  -1.1886414744E-02   1.8669771512E-02
    2     -1.9336715421E-01  -1.4417001888E-01  -1.1481395859E-02   1.6964320507E-02  -2.3750666545E-01
    3      1.8299689511E-07   1.2842995871E-05   7.8691696305E-03  -9.2392223773E-03  -8.7163678737E-02
    4      2.2489384415E-06   1.0516247132E-06  -7.4605305578E-02  -4.6639533126E-02  -1.7917726471E-03
    5     -1.0156676292E-06  -8.6014288755E-06   4.6005583891E-02  -7.4052851315E-02   1.2003282841E-02
    6      1.0968669833E-01  -2.8701080869E-01  -1.1135790945E-01   4.0950405455E-01   2.0991754563E-01
    7     -4.7906838538E-01  -1.3074485568E-01  -6.6428005614E-02   1.7802275988E-01   1.0323485021E-01
    8      8.0818929197E-02  -3.8548394445E-01  -1.4244634601E-01   5.3761511887E-01   3.0784097801E-01
    9     -4.8673554939E-01  -5.4352310154E-02   8.7685723068E-02  -2.5323142523E-02   2.8383262164E-03
   10     -3.1814613293E-02  -3.3180316808E-01   5.1063670612E-01  -1.5261853529E-01   1.2378963387E-01
   11     -1.0070634765E-01   3.6753320367E-01  -5.7298163256E-01   1.4381064994E-01  -1.3510940226E-01
   12      4.4644342656E-01  -1.3525791439E-01  -1.4007339098E-01  -1.6712495062E-01   4.9667624928E-02
   13      5.7169829112E-02   4.5110040393E-01   4.5743817078E-01   5.4181112089E-01  -2.2435992565E-01
   14      2.1326666604E-01   1.6222317540E-01   1.7912876863E-01   1.8334452470E-01  -7.8145942708E-02

#
# The atoms: label  mass x y z (in bohrs)
#
$atoms
5
 H      1.00783      1.976026455057     0.047422792549    -0.597892712477
 C     12.00000      0.000007915537     0.000000636994    -0.000005307128
 H      1.00783     -1.190010155084    -0.542084860699    -1.598254049290
 H      1.00783     -0.225336200463    -1.375531858013     1.523656004031
 H      1.00783     -0.560774348451     1.870186341585     0.672553948801

$actual_temperature
  0.000000

$frequency_scale_factor
  1.000000

$dipole_derivatives
15
   -1.6587891238E-01   -5.4956020726E-03    6.9282359856E-02
   -5.4951861586E-03    6.2954718752E-02    1.6617087956E-03
    6.9278141786E-02    1.6617348257E-03    4.2122225197E-02
    8.1095854609E-02    8.7350897971E-08   -3.1642688760E-07
    8.4769939680E-08    8.1094110636E-02    2.0959675725E-07
   -3.1879516041E-07    2.1523524655E-07    8.1094496486E-02
   -1.9960374121E-02   -3.7829978042E-02   -1.1153647742E-01
   -3.7827766913E-02    4.5855132495E-02   -5.0810012312E-02
   -1.1152713601E-01   -5.0808725567E-02   -8.6717178446E-02
    6.0103160560E-02   -1.8177670634E-02    2.0135972154E-02
   -1.8174232677E-02   -4.7875118500E-02    1.2291015693E-01
    2.0132330039E-02    1.2291117855E-01   -7.3060075553E-02
    4.4640271335E-02    6.1503163397E-02    2.2118461834E-02
    6.1497100978E-02   -1.4202884338E-01   -7.3762063010E-02
    2.2116982975E-02   -7.3764403045E-02    3.6560532315E-02

#
# The IR spectrum
#  wavenumber T**2 TX TY TZ
#
$ir_spectrum
15
      0.00   0.00000000     0.000000     0.000000     0.000000
      0.00   0.00000000     0.000000     0.000000     0.000000
      0.00   0.00000000     0.000000     0.000000     0.000000
      0.00   0.00000000     0.000000     0.000000     0.000000
      0.00   0.00000000     0.000000     0.000000     0.000000
      0.00   0.00000000     0.000000     0.000000     0.000000
   1469.27   0.00045788     0.001849    -0.017985     0.011445
   1469.28   0.00045785    -0.002077    -0.011585    -0.017870
   1469.30   0.00045775     0.021214     0.000433    -0.002747
   1672.55   0.00000000    -0.000000    -0.000000    -0.000001
   1672.55   0.00000000    -0.000000    -0.000000     0.000000
   3080.38   0.00000000     0.000005     0.000000    -0.000003
   3176.41   0.00087495     0.002645    -0.025076     0.015464
   3176.42   0.00087491    -0.003105    -0.015676    -0.024890
   3176.47   0.00087474    -0.029293    -0.000602     0.004034


$end

