
$orca_hessian_file

$act_atom
  0

$act_coord
  0

$act_energy
        0.000000

$multiplicity
  1

$hessian
15
                    0                  1                  2                  3                  4        
    0      3.3254244246E-01   7.2321866679E-03  -8.3738861553E-02  -3.0655430083E-01  -6.6442119093E-03
    1      7.2321866679E-03   5.3117002404E-02  -2.1486426270E-03  -6.6806031050E-03  -5.5458266786E-02
    2     -8.3738861553E-02  -2.1486426270E-03   7.8167171666E-02   7.4886043267E-02   1.9294572788E-03
    3     -3.0655430083E-01  -6.6806031050E-03   7.4886043267E-02   5.8800972016E-01   1.1260090032E-03
    4     -6.6442119093E-03  -5.5458266786E-02   1.9294572788E-03   1.1260090032E-03   5.8414492822E-01
    5      7.4944307923E-02   1.9418707063E-03  -7.8092403546E-02   1.6228741376E-03   2.8427923746E-04
    6     -1.7513903667E-02  -8.9920990316E-03  -2.7916655886E-02  -1.4714129214E-01  -4.1444748775E-02
    7     -1.2977920324E-05  -1.2307146093E-03   3.5200454964E-04  -4.1423231232E-02  -7.4086734854E-02
    8      6.3082490149E-03   3.8875753099E-03   1.1069152600E-02  -1.2244560537E-01  -5.5348707091E-02
    9     -1.1727331421E-03  -2.4530622663E-02   2.6073385514E-02  -5.8818315395E-02  -1.9815962568E-02
   10     -5.3069087880E-04   1.7863490815E-04  -1.4025003260E-03  -1.9816215455E-02  -1.7556663146E-01
   11      5.9450935522E-04   5.2580922600E-03  -6.9647001867E-03   2.1846971393E-02   1.3428586637E-01
   12     -7.3015048197E-03   3.2971138132E-02   1.0696088657E-02  -7.5495811794E-02   6.6778914250E-02
   13     -4.4305959419E-05   3.3933440837E-03   1.2696811245E-03   6.6794040789E-02  -2.7903329512E-01
   14      1.8917952593E-03  -8.9388956492E-03  -4.1792205334E-03   2.4089716569E-02  -8.1150895798E-02
                    5                  6                  7                  8                  9        
    0      7.4944307923E-02  -1.7513903667E-02  -1.2977920324E-05   6.3082490149E-03  -1.1727331421E-03
    1      1.9418707063E-03  -8.9920990316E-03  -1.2307146093E-03   3.8875753099E-03  -2.4530622663E-02
    2     -7.8092403546E-02  -2.7916655886E-02   3.5200454964E-04   1.1069152600E-02   2.6073385514E-02
    3      1.6228741376E-03  -1.4714129214E-01  -4.1423231232E-02  -1.2244560537E-01  -5.8818315395E-02
    4      2.8427923746E-04  -4.1444748775E-02  -7.4086734854E-02  -5.5348707091E-02  -1.9815962568E-02
    5      5.8781960811E-01  -1.2247618026E-01  -5.5333733884E-02  -2.1944807437E-01   2.1836024292E-02
    6     -1.2247618026E-01   1.5476172173E-01   4.6121215118E-02   1.3634954579E-01   2.9087102317E-03
    7     -5.5333733884E-02   4.6121215118E-02   7.3740844881E-02   6.1731192711E-02   1.6133876565E-02
    8     -2.1944807437E-01   1.3634954579E-01   6.1731192711E-02   2.3553055361E-01  -1.4791553542E-02
    9      2.1836024292E-02   2.9087102317E-03   1.6133876565E-02  -1.4791553542E-02   5.6688233349E-02
   10      1.3422078836E-01   2.7275967052E-03   8.2512143646E-03  -8.2961799928E-03   2.2025311222E-02
   11     -2.0540500116E-01   4.4364633258E-03   1.8478226814E-02  -1.8936406222E-02  -2.4453912138E-02
   12      2.4072973905E-02   6.9847638467E-03  -2.0818882531E-02  -5.4206358958E-03   3.9410495698E-04
   13     -8.1113204419E-02   1.5880359833E-03  -6.6746097822E-03  -1.9738809375E-03   6.1873974443E-03
   14     -8.4874129027E-02   9.6068270268E-03  -2.5227690191E-02  -8.2152256151E-03  -8.6639441259E-03
                   10                 11                 12                 13                 14        
    0     -5.3069087880E-04   5.9450935522E-04  -7.3015048197E-03  -4.4305959419E-05   1.8917952593E-03
    1      1.7863490815E-04   5.2580922600E-03   3.2971138132E-02   3.3933440837E-03  -8.9388956492E-03
    2     -1.4025003260E-03  -6.9647001867E-03   1.0696088657E-02   1.2696811245E-03  -4.1792205334E-03
    3     -1.9816215455E-02   2.1846971393E-02  -7.5495811794E-02   6.6794040789E-02   2.4089716569E-02
    4     -1.7556663146E-01   1.3428586637E-01   6.6778914250E-02  -2.7903329512E-01  -8.1150895798E-02
    5      1.3422078836E-01  -2.0540500116E-01   2.4072973905E-02  -8.1113204419E-02  -8.4874129027E-02
    6      2.7275967052E-03   4.4364633258E-03   6.9847638467E-03   1.5880359833E-03   9.6068270268E-03
    7      8.2512143646E-03   1.8478226814E-02  -2.0818882531E-02  -6.6746097822E-03  -2.5227690191E-02
    8     -8.2961799928E-03  -1.8936406222E-02  -5.4206358958E-03  -1.9738809375E-03  -8.2152256151E-03
    9      2.2025311222E-02  -2.4453912138E-02   3.9410495698E-04   6.1873974443E-03  -8.6639441259E-03
   10      1.8722233280E-01  -1.4960258671E-01  -4.4060015935E-03  -2.0085550614E-02   2.5080478670E-02
   11     -1.4960258671E-01   2.1980270522E-01  -2.4240319366E-03  -8.4195987355E-03   1.1503402355E-02
   12     -4.4060015935E-03  -2.4240319366E-03   7.5418447810E-02  -7.4525168257E-02  -2.6924394730E-02
   13     -2.0085550614E-02  -8.4195987355E-03  -7.4525168257E-02   3.0240011143E-01   9.0237002967E-02
   14      2.5080478670E-02   1.1503402355E-02  -2.6924394730E-02   9.0237002967E-02   8.5765172820E-02

$vibrational_frequencies
15
    0        0.0000000000000000
    1        0.0000000000000000
    2        0.0000000000000000
    3        0.0000000000000000
    4        0.0000000000000000
    5        0.0000000000000000
    6     1461.9270029845577028
    7     1464.3413321558559801
    8     1467.4227813000998140
    9     1671.1916841166009817
   10     1671.1922941613547664
   11     3101.6103398825707700
   12     3197.1652223523988141
   13     3199.5692827579364348
   14     3202.7053493858470574

$normal_modes
15 15
                    0                  1                  2                  3                  4        
    0      0.0000000000E+00   0.0000000000E+00   0.0000000000E+00   0.0000000000E+00   0.0000000000E+00
    1      0.0000000000E+00   0.0000000000E+00   0.0000000000E+00   0.0000000000E+00   0.0000000000E+00
    2      0.0000000000E+00   0.0000000000E+00   0.0000000000E+00   0.0000000000E+00   0.0000000000E+00
    3      0.0000000000E+00   0.0000000000E+00   0.0000000000E+00   0.0000000000E+00   0.0000000000E+00
    4      0.0000000000E+00   0.0000000000E+00   0.0000000000E+00   0.0000000000E+00   0.0000000000E+00
    5      0.0000000000E+00   0.0000000000E+00   0.0000000000E+00   0.0000000000E+00   0.0000000000E+00
    6      0.0000000000E+00   0.0000000000E+00   0.0000000000E+00   0.0000000000E+00   0.0000000000E+00
    7      0.0000000000E+00   0.0000000000E+00   0.0000000000E+00   0.0000000000E+00   0.0000000000E+00
    8      0.0000000000E+00   0.0000000000E+00   0.0000000000E+00   0.0000000000E+00   0.0000000000E+00
    9      0.0000000000E+00   0.0000000000E+00   0.0000000000E+00   0.0000000000E+00   0.0000000000E+00
   10      0.0000000000E+00   0.0000000000E+00   0.0000000000E+00   0.0000000000E+00   0.0000000000E+00
   11      0.0000000000E+00   0.0000000000E+00   0.0000000000E+00   0.0000000000E+00   0.0000000000E+00
   12      0.0000000000E+00   0.0000000000E+00   0.0000000000E+00   0.0000000000E+00   0.0000000000E+00
   13      0.0000000000E+00   0.0000000000E+00   0.0000000000E+00   0.0000000000E+00   0.0000000000E+00
   14      0.0000000000E+00   0.0000000000E+00   0.0000000000E+00   0.0000000000E+00   0.0000000000E+00
                    5                  6                  7                  8                  9        
    0      0.0000000000E+00   2.6653852990E-03   1.5739296242E-01   8.8596053693E-02  -1.0805475058E-01
    1      0.0000000000E+00   5.3668113372E-01  -1.0606848343E-01   9.2596474136E-02   3.5683300180E-01
    2      0.0000000000E+00  -2.0997803654E-02   2.7179998846E-01   4.6112209114E-01  -3.2982458847E-01
    3      0.0000000000E+00   3.1816851570E-02   7.0938914838E-02  -8.4535606557E-02   2.4010191177E-05
    4      0.0000000000E+00  -1.1046481558E-01   2.4621508537E-02  -2.0748035984E-02  -2.2670720635E-04
    5      0.0000000000E+00  -5.3178661399E-03  -8.7017251679E-02  -7.4786173551E-02  -2.3029426923E-04
    6      0.0000000000E+00  -2.0164824000E-01  -4.1042537542E-01   4.8103003618E-02   2.3521015865E-01
    7      0.0000000000E+00   5.1450798155E-01  -1.4922894879E-01  -6.3864728439E-02  -4.3498047964E-01
    8      0.0000000000E+00  -3.7487188544E-02   3.3764685378E-01  -1.2356101535E-01  -2.8599218976E-02
    9      0.0000000000E+00  -1.9261466264E-01  -2.8887082167E-01   4.3029083276E-01  -4.8894823377E-01
   10      0.0000000000E+00   2.8799794578E-01   2.0823795653E-01   2.2119957898E-01   9.7756614367E-02
   11      0.0000000000E+00   2.9658921146E-01   5.4794440476E-02   2.2872695659E-01   1.5849056270E-02
   12      0.0000000000E+00   1.2759716503E-02  -3.0275427118E-01   4.3956109471E-01   3.6150694046E-01
   13      0.0000000000E+00  -2.3901426600E-02  -2.4610460835E-01  -2.8880147337E-03  -1.6909772661E-02
   14      0.0000000000E+00  -1.7478529818E-01   3.7185822538E-01   3.2417812386E-01   3.4531682559E-01
                   10                 11                 12                 13                 14        
    0      9.3593607246E-02  -4.7667653952E-01   1.9823225549E-01  -6.4663755671E-01  -4.0178388291E-01
    1      3.4812449797E-01  -1.2239503934E-02   2.2431360555E-02  -1.3442864763E-02  -7.6423909599E-03
    2      3.4237211370E-01   1.4296687321E-01  -6.0118592298E-02   1.8363370882E-01   1.3521392438E-01
    3     -3.3283639173E-04   5.7647801780E-05  -2.4108351125E-02   5.4648810731E-02   6.4779579149E-02
    4     -1.2914448903E-04   2.8856037866E-04   8.4373691093E-02   1.8331719776E-02   1.6152207821E-02
    5      4.4084642874E-04   4.7250736912E-04   3.4435047251E-03  -6.6495619448E-02   5.7689158829E-02
    6     -3.2782845197E-01   2.8656318941E-01  -6.5373376246E-02   9.4330125697E-02  -4.6121726863E-01
    7     -1.9838997157E-01   1.2980088479E-01  -1.0821132222E-02   4.1448727501E-02  -2.1114985126E-01
    8      3.1188459199E-01   3.8384160993E-01  -8.0485422591E-02   9.9387869982E-02  -6.2289273527E-01
    9     -8.0559352533E-02   5.4237479024E-02  -5.8078588088E-02  -5.8538229817E-02   3.8201203988E-02
   10     -3.6075541796E-01   3.3113267264E-01  -3.0670646587E-01  -4.2126463481E-01   1.5849701168E-01
   11     -3.3546159565E-01  -3.6890517220E-01   3.6224134943E-01   4.6050648832E-01  -1.6185510282E-01
   12      3.1875722315E-01   1.3518946859E-01   2.1227371549E-01  -3.9848366213E-02   5.3480596549E-02
   13      2.1255859287E-01  -4.5212989249E-01  -7.0952684755E-01   1.7498612526E-01  -1.3202634082E-01
   14     -3.2404419293E-01  -1.6352937523E-01  -2.6263855537E-01   4.8223881726E-02  -3.7361017258E-02

#
# The atoms: label  mass x y z (in bohrs)
#
$atoms
5
 H      1.00783      1.973305416002     0.051678192920    -0.590191558299
 C     12.00000     -0.000149730113    -0.000895842643    -0.001378574118
 H      1.00783     -1.190894656537    -0.538496242519    -1.593818928294
 H      1.00783     -0.223794933504    -1.366439167164     1.525036775228
 H      1.00783     -0.556833015155     1.863923861641     0.675388157215

$actual_temperature
  0.000000

$frequency_scale_factor
  1.000000

$dipole_derivatives
15
   -1.6503038099E-01   -5.5014291533E-03    6.9118416836E-02
   -6.2843538690E-03    6.4319373805E-02    1.7326690701E-03
    6.7866574883E-02    1.4656970181E-03    4.2522916907E-02
    7.8520972849E-02    2.4152309311E-04    3.3215052349E-04
    2.4150499250E-04    7.7693717088E-02    5.0419221752E-05
    3.3212821819E-04    5.0452696475E-05    7.8481651608E-02
   -1.8758511951E-02   -3.7827563880E-02   -1.1074741358E-01
   -3.7388951205E-02    4.7345998087E-02   -4.9961300540E-02
   -1.1012308729E-01   -5.0266015368E-02   -8.4399540429E-02
    6.0399431266E-02   -1.8545570669E-02    1.9595824053E-02
   -1.8548897042E-02   -4.6632197093E-02    1.2248068157E-01
    1.9836320311E-02    1.2392620902E-01   -7.3274235035E-02
    4.4868488822E-02    6.1633040609E-02    2.1701022168E-02
    6.1980697124E-02   -1.4272689189E-01   -7.4302469320E-02
    2.2088063876E-02   -7.5176343366E-02    3.6669206950E-02

#
# The IR spectrum
#  wavenumber T**2 TX TY TZ
#
$ir_spectrum
15
      0.00   0.00000000     0.000000     0.000000     0.000000
      0.00   0.00000000     0.000000     0.000000     0.000000
      0.00   0.00000000     0.000000     0.000000     0.000000
      0.00   0.00000000     0.000000     0.000000     0.000000
      0.00   0.00000000     0.000000     0.000000     0.000000
      0.00   0.00000000     0.000000     0.000000     0.000000
   1461.93   0.00048342    -0.006079     0.021105     0.001017
   1464.34   0.00047105    -0.013395    -0.004649     0.016432
   1467.42   0.00045579     0.015726     0.003860     0.013913
   1671.19   0.00000000    -0.000004     0.000038     0.000038
   1671.19   0.00000001     0.000055     0.000021    -0.000072
   3101.61   0.00000008     0.000028     0.000149     0.000239
   3197.17   0.00087560    -0.008123     0.028430     0.001163
   3199.57   0.00086052     0.018217     0.006109    -0.022166
   3202.71   0.00084143     0.021296     0.005311     0.018966


$end

