
$orca_hessian_file

$act_atom
  0

$act_coord
  0

$act_energy
        0.000000

$multiplicity
  1

$hessian
15
                    0                  1                  2                  3                  4        
    0      3.3165832931E-01   6.6832664689E-03  -8.4102043587E-02  -3.0532885571E-01  -6.0003312932E-03
    1      6.6832664689E-03   5.3307872187E-02  -2.0085924851E-03  -6.0001028252E-03  -5.5617737167E-02
    2     -8.4102043587E-02  -2.0085924851E-03   7.8562190671E-02   7.5383214694E-02   1.7812093443E-03
    3     -3.0532885571E-01  -6.0001028252E-03   7.5383214694E-02   5.8394468940E-01  -1.8791041048E-05
    4     -6.0003312932E-03  -5.5617737167E-02   1.7812093443E-03  -1.8791041048E-05   5.8804084541E-01
    5      7.5393865712E-02   1.7813958193E-03  -7.8276404754E-02   1.6858262986E-03   3.2623127003E-04
    6     -1.7886920613E-02  -9.0912975194E-03  -2.8099756469E-02  -1.4533967217E-01  -4.1251955593E-02
    7     -9.2812389519E-05  -1.1501099428E-03   2.9516680066E-04  -4.1269844019E-02  -7.4621827417E-02
    8      6.2194136738E-03   3.8421811624E-03   1.0975223151E-02  -1.2195686006E-01  -5.5846826085E-02
    9     -1.2062568678E-03  -2.4601496507E-02   2.6139674565E-02  -5.8320340784E-02  -1.9206043840E-02
   10     -5.7913600818E-04   1.5368356891E-04  -1.2821944387E-03  -1.9252392687E-02  -1.7720760798E-01
   11      6.2288246516E-04   5.3755248159E-03  -7.0795646750E-03   2.1156692587E-02   1.3452340569E-01
   12     -7.2362961156E-03   3.3009630382E-02   1.0678910797E-02  -7.4955820733E-02   6.6477121768E-02
   13     -1.0986778053E-05   3.3062913537E-03   1.2144107789E-03   6.6541130572E-02  -2.8059367285E-01
   14      1.8658817359E-03  -8.9905093124E-03  -4.1814443933E-03   2.3731126483E-02  -8.0784020220E-02
                    5                  6                  7                  8                  9        
    0      7.5393865712E-02  -1.7886920613E-02  -9.2812389519E-05   6.2194136738E-03  -1.2062568678E-03
    1      1.7813958193E-03  -9.0912975194E-03  -1.1501099428E-03   3.8421811624E-03  -2.4601496507E-02
    2     -7.8276404754E-02  -2.8099756469E-02   2.9516680066E-04   1.0975223151E-02   2.6139674565E-02
    3      1.6858262986E-03  -1.4533967217E-01  -4.1269844019E-02  -1.2195686006E-01  -5.8320340784E-02
    4      3.2623127003E-04  -4.1251955593E-02  -7.4621827417E-02  -5.5846826085E-02  -1.9206043840E-02
    5      5.8798916889E-01  -1.2189649372E-01  -5.5843354013E-02  -2.2041322841E-01   2.1106146626E-02
    6     -1.2189649372E-01   1.5339213667E-01   4.6012631091E-02   1.3581790016E-01   2.8726189018E-03
    7     -5.5843354013E-02   4.6012631091E-02   7.4093838029E-02   6.2171945026E-02   1.6122385634E-02
    8     -2.2041322841E-01   1.3581790016E-01   6.2171945026E-02   2.3643569603E-01  -1.4757577814E-02
    9      2.1106146626E-02   2.8726189018E-03   1.6122385634E-02  -1.4757577814E-02   5.6352840320E-02
   10      1.3452823134E-01   2.7178920755E-03   8.2850484859E-03  -8.2504094896E-03   2.1559051142E-02
   11     -2.0462849440E-01   4.4838066774E-03   1.8506750380E-02  -1.8910231798E-02  -2.3817662708E-02
   12      2.3710655082E-02   6.9618372126E-03  -2.0772360317E-02  -5.3228759613E-03   3.0113843042E-04
   13     -8.0792504412E-02   1.6127299459E-03  -6.6069491554E-03  -1.9168906138E-03   6.1261035702E-03
   14     -8.4671041323E-02   9.6945433454E-03  -2.5130508194E-02  -8.0874589646E-03  -8.6705806681E-03
                   10                 11                 12                 13                 14        
    0     -5.7913600818E-04   6.2288246516E-04  -7.2362961156E-03  -1.0986778053E-05   1.8658817359E-03
    1      1.5368356891E-04   5.3755248159E-03   3.3009630382E-02   3.3062913537E-03  -8.9905093124E-03
    2     -1.2821944387E-03  -7.0795646750E-03   1.0678910797E-02   1.2144107789E-03  -4.1814443933E-03
    3     -1.9252392687E-02   2.1156692587E-02  -7.4955820733E-02   6.6541130572E-02   2.3731126483E-02
    4     -1.7720760798E-01   1.3452340569E-01   6.6477121768E-02  -2.8059367285E-01  -8.0784020220E-02
    5      1.3452823134E-01  -2.0462849440E-01   2.3710655082E-02  -8.0792504412E-02  -8.4671041323E-02
    6      2.7178920755E-03   4.4838066774E-03   6.9618372126E-03   1.6127299459E-03   9.6945433454E-03
    7      8.2850484859E-03   1.8506750380E-02  -2.0772360317E-02  -6.6069491554E-03  -2.5130508194E-02
    8     -8.2504094896E-03  -1.8910231798E-02  -5.3228759613E-03  -1.9168906138E-03  -8.0874589646E-03
    9      2.1559051142E-02  -2.3817662708E-02   3.0113843042E-04   6.1261035702E-03  -8.6705806681E-03
   10      1.8845224094E-01  -1.4990822030E-01  -4.4454145222E-03  -1.9683365016E-02   2.4912592895E-02
   11     -1.4990822030E-01   2.1903672843E-01  -2.4457190217E-03  -8.4974605844E-03   1.1581562451E-02
   12     -4.4454145222E-03  -2.4457190217E-03   7.4929141206E-02  -7.4268977310E-02  -2.6620970896E-02
   13     -1.9683365016E-02  -8.4974605844E-03  -7.4268977310E-02   3.0357769566E-01   8.9992444831E-02
   14      2.4912592895E-02   1.1581562451E-02  -2.6620970896E-02   8.9992444831E-02   8.5358382230E-02

$vibrational_frequencies
15
    0        0.0000000000000000
    1        0.0000000000000000
    2        0.0000000000000000
    3        0.0000000000000000
    4        0.0000000000000000
    5        0.0000000000000000
    6     1461.4389673073496851
    7     1465.7461015504318311
    8     1466.5070122344695847
    9     1671.1887946196320627
   10     1671.1952741456111653
   11     3101.6108190729760281
   12     3196.7334634197336527
   13     3200.9647435806273279
   14     3201.7425020877649331

$normal_modes
15 15
                    0                  1                  2                  3                  4        
    0      0.0000000000E+00   0.0000000000E+00   0.0000000000E+00   0.0000000000E+00   0.0000000000E+00
    1      0.0000000000E+00   0.0000000000E+00   0.0000000000E+00   0.0000000000E+00   0.0000000000E+00
    2      0.0000000000E+00   0.0000000000E+00   0.0000000000E+00   0.0000000000E+00   0.0000000000E+00
    3      0.0000000000E+00   0.0000000000E+00   0.0000000000E+00   0.0000000000E+00   0.0000000000E+00
    4      0.0000000000E+00   0.0000000000E+00   0.0000000000E+00   0.0000000000E+00   0.0000000000E+00
    5      0.0000000000E+00   0.0000000000E+00   0.0000000000E+00   0.0000000000E+00   0.0000000000E+00
    6      0.0000000000E+00   0.0000000000E+00   0.0000000000E+00   0.0000000000E+00   0.0000000000E+00
    7      0.0000000000E+00   0.0000000000E+00   0.0000000000E+00   0.0000000000E+00   0.0000000000E+00
    8      0.0000000000E+00   0.0000000000E+00   0.0000000000E+00   0.0000000000E+00   0.0000000000E+00
    9      0.0000000000E+00   0.0000000000E+00   0.0000000000E+00   0.0000000000E+00   0.0000000000E+00
   10      0.0000000000E+00   0.0000000000E+00   0.0000000000E+00   0.0000000000E+00   0.0000000000E+00
   11      0.0000000000E+00   0.0000000000E+00   0.0000000000E+00   0.0000000000E+00   0.0000000000E+00
   12      0.0000000000E+00   0.0000000000E+00   0.0000000000E+00   0.0000000000E+00   0.0000000000E+00
   13      0.0000000000E+00   0.0000000000E+00   0.0000000000E+00   0.0000000000E+00   0.0000000000E+00
   14      0.0000000000E+00   0.0000000000E+00   0.0000000000E+00   0.0000000000E+00   0.0000000000E+00
                    5                  6                  7                  8                  9        
    0      0.0000000000E+00  -9.0752250167E-02   7.2712444809E-02  -1.3746025772E-01  -1.2730994094E-01
    1      0.0000000000E+00   4.3979170166E-04  -5.0612873591E-01  -2.2095233469E-01  -2.0876432170E-01
    2      0.0000000000E+00  -3.9931324259E-03   2.0828036958E-01  -4.8713681599E-01  -4.3814947852E-01
    3      0.0000000000E+00  -1.0817020594E-01  -1.8405071899E-02   3.4676254884E-02   1.6800859022E-04
    4      0.0000000000E+00  -3.1429792058E-03   1.0517548089E-01   4.6027345919E-02   1.6925378270E-04
    5      0.0000000000E+00   3.9230224840E-02  -4.2322742631E-02   9.9301841406E-02   3.2925201800E-04
    6      0.0000000000E+00   4.1869576091E-01   3.8917711028E-02   1.8277140467E-01   3.9167233477E-01
    7      0.0000000000E+00  -3.2454401517E-02  -5.3569767792E-01  -6.3151192528E-02   4.0563652581E-02
    8      0.0000000000E+00  -3.3010910370E-01   1.3749838676E-01  -8.0971775287E-03  -3.0357536962E-01
    9      0.0000000000E+00   4.9645803112E-01   1.4807370995E-01  -1.9179023963E-01  -8.8949030627E-02
   10      0.0000000000E+00  -1.4256582903E-01  -1.3943693027E-01  -3.6988202302E-01   3.6870455033E-01
   11      0.0000000000E+00  -1.4473876931E-02  -2.0585420630E-01  -3.2194420383E-01   3.2024319121E-01
   12      0.0000000000E+00   4.6356256873E-01  -4.0557827815E-02  -2.6640513355E-01  -1.7741381271E-01
   13      0.0000000000E+00   2.1200335380E-01  -7.1043088329E-02   1.0594582770E-01  -2.0251915700E-01
   14      0.0000000000E+00  -1.1853145326E-01   3.6400509581E-01  -3.6519181606E-01   4.1756130956E-01
                   10                 11                 12                 13                 14        
    0      7.0451028819E-02  -4.7815555237E-01   7.8411515834E-01   1.8637290516E-02  -3.4554292802E-02
    1     -4.5650100492E-01  -1.1470182095E-02   1.8710906448E-02   1.7198430362E-02   6.2815286931E-03
    2      1.9702856301E-01   1.4442695101E-01  -2.3562959269E-01  -1.3201614336E-02   2.7742654943E-02
    3     -1.0302198262E-04   5.0820130844E-04  -8.2404920652E-02  -1.4214994474E-02   2.6841015260E-02
    4      4.6261337583E-04   9.8684377356E-06  -2.4283817938E-03   8.0709904691E-02   3.5279168993E-02
    5     -1.8921716330E-04  -5.0420754760E-05   3.0148821338E-02  -3.2355311095E-02   7.6210782917E-02
    6     -1.1121793719E-01   2.8543911637E-01   1.1999235018E-01   6.3079777014E-02  -4.5153773400E-01
    7      4.7591435786E-01   1.3066626857E-01   6.2081387985E-02   4.5776743508E-02  -2.0247318784E-01
    8     -7.8991286283E-02   3.8552911808E-01   1.9069225389E-01   8.2746247070E-02  -6.0282801204E-01
    9      4.8741586197E-01   5.2886557599E-02   1.6546799582E-02  -7.9299609595E-02   3.5143704184E-02
   10      3.0443571510E-02   3.3176902597E-01   2.0957421198E-01  -4.6665026512E-01   1.9552653960E-01
   11      9.7481544416E-02  -3.6733896035E-01  -2.2644064997E-01   5.2780724464E-01  -1.9405340327E-01
   12     -4.4542228850E-01   1.3377881249E-01   6.0526964638E-02   1.6683804598E-01   1.3135695227E-01
   13     -5.5365182660E-02  -4.5108261425E-01  -2.6145218042E-01  -5.5732391683E-01  -4.1939790169E-01
   14     -2.1326584480E-01  -1.6201675746E-01  -8.7598861852E-02  -2.1210273123E-01  -1.3828997554E-01

#
# The atoms: label  mass x y z (in bohrs)
#
$atoms
5
 H      1.00783      1.970549808986     0.047262481408    -0.594854970473
 C     12.00000     -0.001626069033    -0.000032615790     0.000203895656
 H      1.00783     -1.181814311026    -0.541792896024    -1.598879803098
 H      1.00783     -0.217109134627    -1.373423262770     1.520486376856
 H      1.00783     -0.552265037929     1.868342028006     0.670820646072

$actual_temperature
  0.000000

$frequency_scale_factor
  1.000000

$dipole_derivatives
15
   -1.6767993172E-01   -5.5748224039E-03    6.9931809390E-02
   -5.5691897594E-03    6.3395015006E-02    1.5927247615E-03
    6.9677740609E-02    1.5883316690E-03    4.2278583785E-02
    7.7629863646E-02   -6.0001930633E-06    3.6765679467E-04
   -5.9976027829E-06    7.8543120984E-02    6.6795984781E-05
    3.6769347887E-04    6.6800884864E-05    7.8524170643E-02
   -1.7757228968E-02   -3.7294198007E-02   -1.1041945585E-01
   -3.7667978663E-02    4.6118101784E-02   -5.0466810792E-02
   -1.1168096399E-01   -5.0539443057E-02   -8.5410853325E-02
    6.1577995345E-02   -1.7502689218E-02    1.8894668293E-02
   -1.8493985995E-02   -4.7245994299E-02    1.2235836034E-01
    1.9975647672E-02    1.2225429001E-01   -7.2285220133E-02
    4.6229301695E-02    6.0377709822E-02    2.1225321371E-02
    6.1737152020E-02   -1.4081024347E-01   -7.3551070290E-02
    2.1659882231E-02   -7.3369979505E-02    3.6893319030E-02

#
# The IR spectrum
#  wavenumber T**2 TX TY TZ
#
$ir_spectrum
15
      0.00   0.00000000     0.000000     0.000000     0.000000
      0.00   0.00000000     0.000000     0.000000     0.000000
      0.00   0.00000000     0.000000     0.000000     0.000000
      0.00   0.00000000     0.000000     0.000000     0.000000
      0.00   0.00000000     0.000000     0.000000     0.000000
      0.00   0.00000000     0.000000     0.000000     0.000000
   1461.44   0.00048603     0.020718     0.000602    -0.007513
   1465.75   0.00046400     0.003452    -0.019725     0.007937
   1466.51   0.00046023    -0.006480    -0.008600    -0.018555
   1671.19   0.00000000    -0.000028    -0.000027    -0.000053
   1671.20   0.00000001     0.000017    -0.000075     0.000031
   3101.61   0.00000007     0.000266     0.000005    -0.000029
   3196.73   0.00087860    -0.027827    -0.000820     0.010179
   3200.96   0.00085183    -0.004709     0.026735    -0.010718
   3201.74   0.00084713     0.008862     0.011646     0.025159


$end

