
$orca_hessian_file

$act_atom
  0

$act_coord
  0

$act_energy
        0.000000

$multiplicity
  1

$hessian
15
                    0                  1                  2                  3                  4        
    0      3.3676354875E-01   6.8226573954E-03  -8.6018326444E-02  -3.1059176078E-01  -6.1340406343E-03
    1      6.8226573954E-03   5.2641322452E-02  -2.0643952363E-03  -6.1340256994E-03  -5.5148403091E-02
    2     -8.6018326444E-02  -2.0643952363E-03   7.8504650340E-02   7.7334625702E-02   1.8555367163E-03
    3     -3.1059176078E-01  -6.1340256994E-03   7.7334625702E-02   5.9220196878E-01   8.8589049513E-07
    4     -6.1340406343E-03  -5.5148403091E-02   1.8555367163E-03   8.8589049513E-07   5.9216782143E-01
    5      7.7334758158E-02   1.8555353963E-03  -7.8401257863E-02  -3.4471589481E-06   2.2989264248E-06
    6     -1.7857729750E-02  -9.1049966890E-03  -2.8182762540E-02  -1.4769663693E-01  -4.2224723478E-02
    7     -4.5421410765E-05  -1.1819340540E-03   3.3451602651E-04  -4.2224650922E-02  -7.4235204114E-02
    8      6.3662478042E-03   3.9050222821E-03   1.1117825172E-02  -1.2449179734E-01  -5.6710472762E-02
    9     -1.1317158893E-03  -2.4696249132E-02   2.6197926174E-02  -5.8326735035E-02  -2.0288468041E-02
   10     -5.2451142842E-04   2.1584092128E-04  -1.4272478337E-03  -2.0288322340E-02  -1.7884726249E-01
   11      5.2043310603E-04   5.2705524648E-03  -7.0075327750E-03   2.2473512877E-02   1.3718288970E-01
   12     -7.1823423247E-03   3.3112614125E-02   1.0668537108E-02  -7.5586836036E-02   6.8646346263E-02
   13     -1.1868392189E-04   3.4731737719E-03   1.3015903272E-03   6.8646113071E-02  -2.8393695173E-01
   14      1.7968873757E-03  -8.9667149069E-03  -4.2136848733E-03   2.4687105920E-02  -8.2330252576E-02
                    5                  6                  7                  8                  9        
    0      7.7334758158E-02  -1.7857729750E-02  -4.5421410765E-05   6.3662478042E-03  -1.1317158893E-03
    1      1.8555353963E-03  -9.1049966890E-03  -1.1819340540E-03   3.9050222821E-03  -2.4696249132E-02
    2     -7.8401257863E-02  -2.8182762540E-02   3.3451602651E-04   1.1117825172E-02   2.6197926174E-02
    3     -3.4471589481E-06  -1.4769663693E-01  -4.2224650922E-02  -1.2449179734E-01  -5.8326735035E-02
    4      2.2989264248E-06  -4.2224723478E-02  -7.4235204114E-02  -5.6710472762E-02  -2.0288468041E-02
    5      5.9216954760E-01  -1.2449212921E-01  -5.6710526436E-02  -2.2220254247E-01   2.2473663897E-02
    6     -1.2449212921E-01   1.5557831298E-01   4.6965233143E-02   1.3847002843E-01   2.9313486465E-03
    7     -5.6710526436E-02   4.6965233143E-02   7.3872745766E-02   6.3078000940E-02   1.6240429284E-02
    8     -2.2220254247E-01   1.3847002843E-01   6.3078000940E-02   2.3845436823E-01  -1.4923701184E-02
    9      2.2473663897E-02   2.9313486465E-03   1.6240429284E-02  -1.4923701184E-02   5.6176409188E-02
   10      1.3718282646E-01   2.7170280679E-03   8.3007551748E-03  -8.2984943994E-03   2.2565954669E-02
   11     -2.0695707981E-01   4.4788751824E-03   1.8704200173E-02  -1.9156716276E-02  -2.4996020514E-02
   12      2.4687154312E-02   7.0447050500E-03  -2.0935590094E-02  -5.4207777106E-03   3.5069309075E-04
   13     -8.2330134347E-02   1.6474589560E-03  -6.7563627728E-03  -1.9740560607E-03   6.1783332204E-03
   14     -8.4608667450E-02   9.7259881348E-03  -2.5406190703E-02  -8.2129346542E-03  -8.7518683732E-03
                   10                 11                 12                 13                 14        
    0     -5.2451142842E-04   5.2043310603E-04  -7.1823423247E-03  -1.1868392189E-04   1.7968873757E-03
    1      2.1584092128E-04   5.2705524648E-03   3.3112614125E-02   3.4731737719E-03  -8.9667149069E-03
    2     -1.4272478337E-03  -7.0075327750E-03   1.0668537108E-02   1.3015903272E-03  -4.2136848733E-03
    3     -2.0288322340E-02   2.2473512877E-02  -7.5586836036E-02   6.8646113071E-02   2.4687105920E-02
    4     -1.7884726249E-01   1.3718288970E-01   6.8646346263E-02  -2.8393695173E-01  -8.2330252576E-02
    5      1.3718282646E-01  -2.0695707981E-01   2.4687154312E-02  -8.2330134347E-02  -8.4608667450E-02
    6      2.7170280679E-03   4.4788751824E-03   7.0447050500E-03   1.6474589560E-03   9.7259881348E-03
    7      8.3007551748E-03   1.8704200173E-02  -2.0935590094E-02  -6.7563627728E-03  -2.5406190703E-02
    8     -8.2984943994E-03  -1.9156716276E-02  -5.4207777106E-03  -1.9740560607E-03  -8.2129346542E-03
    9      2.2565954669E-02  -2.4996020514E-02   3.5069309075E-04   6.1783332204E-03  -8.7518683732E-03
   10      1.9023071782E-01  -1.5258611333E-01  -4.4701489684E-03  -1.9900051426E-02   2.5129029102E-02
   11     -1.5258611333E-01   2.2149637776E-01  -2.4768006517E-03  -8.5715290038E-03   1.1624951106E-02
   12     -4.4701489684E-03  -2.4768006517E-03   7.5373780220E-02  -7.6353221325E-02  -2.7458113057E-02
   13     -1.9900051426E-02  -8.5715290038E-03  -7.6353221325E-02   3.0712019216E-01   9.1574129085E-02
   14      2.5129029102E-02   1.1624951106E-02  -2.7458113057E-02   9.1574129085E-02   8.5410335872E-02

$vibrational_frequencies
15
    0        0.0000000000000000
    1        0.0000000000000000
    2        0.0000000000000000
    3        0.0000000000000000
    4        0.0000000000000000
    5        0.0000000000000000
    6     1459.6956595795763860
    7     1459.7008731905627883
    8     1459.7265982851474746
    9     1669.7444747901911342
   10     1669.7491504810764127
   11     3123.0820674825454262
   12     3223.4600401560792307
   13     3223.4674343211036103
   14     3223.5043699920215658

$normal_modes
15 15
                    0                  1                  2                  3                  4        
    0      0.0000000000E+00   0.0000000000E+00   0.0000000000E+00   0.0000000000E+00   0.0000000000E+00
    1      0.0000000000E+00   0.0000000000E+00   0.0000000000E+00   0.0000000000E+00   0.0000000000E+00
    2      0.0000000000E+00   0.0000000000E+00   0.0000000000E+00   0.0000000000E+00   0.0000000000E+00
    3      0.0000000000E+00   0.0000000000E+00   0.0000000000E+00   0.0000000000E+00   0.0000000000E+00
    4      0.0000000000E+00   0.0000000000E+00   0.0000000000E+00   0.0000000000E+00   0.0000000000E+00
    5      0.0000000000E+00   0.0000000000E+00   0.0000000000E+00   0.0000000000E+00   0.0000000000E+00
    6      0.0000000000E+00   0.0000000000E+00   0.0000000000E+00   0.0000000000E+00   0.0000000000E+00
    7      0.0000000000E+00   0.0000000000E+00   0.0000000000E+00   0.0000000000E+00   0.0000000000E+00
    8      0.0000000000E+00   0.0000000000E+00   0.0000000000E+00   0.0000000000E+00   0.0000000000E+00
    9      0.0000000000E+00   0.0000000000E+00   0.0000000000E+00   0.0000000000E+00   0.0000000000E+00
   10      0.0000000000E+00   0.0000000000E+00   0.0000000000E+00   0.0000000000E+00   0.0000000000E+00
   11      0.0000000000E+00   0.0000000000E+00   0.0000000000E+00   0.0000000000E+00   0.0000000000E+00
   12      0.0000000000E+00   0.0000000000E+00   0.0000000000E+00   0.0000000000E+00   0.0000000000E+00
   13      0.0000000000E+00   0.0000000000E+00   0.0000000000E+00   0.0000000000E+00   0.0000000000E+00
   14      0.0000000000E+00   0.0000000000E+00   0.0000000000E+00   0.0000000000E+00   0.0000000000E+00
                    5                  6                  7                  8                  9        
    0      0.0000000000E+00   1.0529793046E-01  -1.3736744626E-01   5.4430382475E-02   1.2691876799E-01
    1      0.0000000000E+00  -4.6421234793E-01  -3.0620716713E-01   3.3504424456E-03   2.0510516392E-01
    2      0.0000000000E+00   2.8314582122E-01  -4.3705867883E-01  -1.1367474310E-01   4.3572636397E-01
    3      0.0000000000E+00  -9.8028904009E-03   1.0809629260E-02   1.1398242352E-01   1.6386450869E-07
    4      0.0000000000E+00   9.6185659864E-02   6.2835329390E-02   2.3131891769E-03   1.4519099881E-06
    5      0.0000000000E+00  -6.2109187645E-02   9.5604195723E-02  -1.4408051008E-02   3.1522167549E-06
    6      0.0000000000E+00  -4.4281133997E-02   2.5930943872E-01  -3.7407808602E-01  -3.9198467041E-01
    7      0.0000000000E+00  -5.0736047683E-01  -1.6219212846E-01   6.9737695675E-02  -3.8308685559E-02
    8      0.0000000000E+00   1.7743242888E-01  -4.4227110901E-02   3.0836730678E-01   3.0484947713E-01
    9      0.0000000000E+00   1.1384600262E-01  -6.9104071471E-02  -5.3672155027E-01   9.0567206610E-02
   10      0.0000000000E+00  -6.0265921425E-02  -4.0658020731E-01   8.0459080073E-02  -3.7012821585E-01
   11      0.0000000000E+00  -1.4831878043E-01  -3.4928111179E-01  -3.1784176997E-02  -3.2074996787E-01
   12      0.0000000000E+00  -5.8141462493E-02  -1.8154632470E-01  -5.0079993573E-01   1.7449674471E-01
   13      0.0000000000E+00  -1.1342742746E-01   1.2681000069E-01  -1.8108996543E-01   2.0331444985E-01
   14      0.0000000000E+00   4.2726398719E-01  -3.0777587821E-01   8.6458083011E-03  -4.1986340613E-01
                   10                 11                 12                 13                 14        
    0      6.9392187283E-02   4.7651659147E-01  -7.8032111181E-02  -1.1294424502E-01  -7.7376547500E-01
    1     -4.5369474295E-01   1.1436197251E-02   1.2783027706E-02  -1.2303494134E-02  -1.8637827170E-02
    2      1.9335134201E-01  -1.4418422877E-01   1.3636810623E-02   1.9150640081E-02   2.3720012117E-01
    3     -1.6513689810E-07   8.1756365664E-06  -7.4780864003E-03  -8.1858071487E-03   8.7335524530E-02
    4     -2.0348924183E-06   6.6824784072E-07   7.3496681628E-02  -4.8427374705E-02   1.7542155812E-03
    5      9.1897075630E-07  -5.4752451858E-06  -4.7878467547E-02  -7.3060616934E-02  -1.0947782136E-02
    6     -1.0967234896E-01  -2.8700988069E-01   1.1969893543E-01   4.0451475077E-01  -2.1490305729E-01
    7      4.7906860246E-01  -1.3074398766E-01   6.9828103830E-02   1.7537659946E-01  -1.0545954535E-01
    8     -8.0829660769E-02  -3.8548043937E-01   1.5323686146E-01   5.3094316372E-01  -3.1413653757E-01
    9      4.8673252942E-01  -5.4350125616E-02  -8.8257827790E-02  -2.3204604356E-02  -2.1390287861E-03
   10      3.1828036153E-02  -3.3178361522E-01  -5.1504988390E-01  -1.4133937170E-01  -1.1876631058E-01
   11      1.0071773408E-01   3.6751209522E-01   5.7718581480E-01   1.3135077975E-01   1.2976515990E-01
   12     -4.4645040148E-01  -1.3525393106E-01   1.3563129718E-01  -1.7089889805E-01  -4.9081567346E-02
   13     -5.7177666550E-02   4.5108344892E-01  -4.4267364446E-01   5.5488272050E-01   2.2197653870E-01
   14     -2.1325035735E-01   1.6221776572E-01  -1.7397877625E-01   1.8847566567E-01   7.7524622838E-02

#
# The atoms: label  mass x y z (in bohrs)
#
$atoms
5
 H      1.00783      1.966638510651     0.047197485220    -0.595052107002
 C     12.00000      0.000007709211     0.000000620113    -0.000005168949
 H      1.00783     -1.184355426557    -0.539508911079    -1.590659211440
 H      1.00783     -0.224265363449    -1.368994808966     1.516415011049
 H      1.00783     -0.558109512902     1.861298851243     0.669357853184

$actual_temperature
  0.000000

$frequency_scale_factor
  1.000000

$dipole_derivatives
15
   -1.6422687153E-01   -5.4870248764E-03    6.9174141851E-02
   -5.4866012927E-03    6.4249544432E-02    1.6590791272E-03
    6.9169898758E-02    1.6591053129E-03    4.3449571057E-02
    7.5397320016E-02    1.6796998956E-07   -6.4797581319E-07
    1.6656137385E-07    7.5393522680E-02    4.3215216072E-07
   -6.4810319565E-07    4.3092478764E-07    7.5394256030E-02
   -1.8536192052E-02   -3.7770856355E-02   -1.1136205935E-01
   -3.7768630427E-02    4.7176752984E-02   -5.0730555994E-02
   -1.1135261989E-01   -5.0729246060E-02   -8.5188093096E-02
    6.1402241140E-02   -1.8149331260E-02    2.0104612715E-02
   -1.8145829631E-02   -4.6406705956E-02    1.2271771914E-01
    2.0100908373E-02    1.2271878496E-01   -7.1552370313E-02
    4.5963502426E-02    6.1407044521E-02    2.2083952758E-02
    6.1400894789E-02   -1.4041311414E-01   -7.3646674421E-02
    2.2082460858E-02   -7.3649075142E-02    3.7896636322E-02

#
# The IR spectrum
#  wavenumber T**2 TX TY TZ
#
$ir_spectrum
15
      0.00   0.00000000     0.000000     0.000000     0.000000
      0.00   0.00000000     0.000000     0.000000     0.000000
      0.00   0.00000000     0.000000     0.000000     0.000000
      0.00   0.00000000     0.000000     0.000000     0.000000
      0.00   0.00000000     0.000000     0.000000     0.000000
      0.00   0.00000000     0.000000     0.000000     0.000000
   1459.70   0.00048242     0.001874    -0.018384     0.011871
   1459.70   0.00048239    -0.002066    -0.012010    -0.018273
   1459.73   0.00048228    -0.021783    -0.000442     0.002753
   1669.74   0.00000000    -0.000000    -0.000000    -0.000001
   1669.75   0.00000000     0.000000     0.000000    -0.000000
   3123.08   0.00000000     0.000003     0.000000    -0.000002
   3223.46   0.00084368    -0.002467     0.024250    -0.015797
   3223.47   0.00084365    -0.002701    -0.015978    -0.024105
   3223.50   0.00084349     0.028812     0.000579    -0.003612


$end

