
$orca_hessian_file

$act_atom
  0

$act_coord
  0

$act_energy
        0.000000

$multiplicity
  1

$hessian
15
                    0                  1                  2                  3                  4        
    0      3.3189814556E-01   7.1947997408E-03  -8.4620469584E-02  -3.0574186125E-01  -6.6065142312E-03
    1      7.1947997408E-03   5.3243809730E-02  -2.0855898937E-03  -6.6289535932E-03  -5.5635972585E-02
    2     -8.4620469584E-02  -2.0855898937E-03   7.8654551565E-02   7.6009013933E-02   2.1048689594E-03
    3     -3.0574186125E-01  -6.6289535932E-03   7.6009013933E-02   5.8616416420E-01   1.8449034267E-03
    4     -6.6065142312E-03  -5.5635972585E-02   2.1048689594E-03   1.8449034267E-03   5.8720334446E-01
    5      7.5996740539E-02   2.1113595288E-03  -7.8626559742E-02  -7.3831569209E-04   6.2140660484E-04
    6     -1.7841789831E-02  -9.0427520344E-03  -2.8011674201E-02  -1.4614512366E-01  -4.1646149939E-02
    7     -6.3478452957E-05  -1.1551965233E-03   3.4136692542E-04  -4.1662496439E-02  -7.4742805113E-02
    8      6.2827400005E-03   3.8477289904E-03   1.1018828638E-02  -1.2181045226E-01  -5.6118091820E-02
    9     -9.7387473566E-04  -2.4493742028E-02   2.5926895910E-02  -5.8989008675E-02  -2.0311071460E-02
   10     -5.1148718458E-04   2.3782156073E-04  -1.5531241463E-03  -2.0293619636E-02  -1.7687441060E-01
   11      4.3452838300E-04   5.1044312339E-03  -6.8978061509E-03   2.2560357901E-02   1.3438621441E-01
   12     -7.3406197436E-03   3.2970647915E-02   1.0696233942E-02  -7.5288170615E-02   6.6718832204E-02
   13     -1.3319872007E-05   3.3095378183E-03   1.1924781552E-03   6.6740166242E-02  -2.7995015616E-01
   14      1.9064606618E-03  -8.9779298593E-03  -4.1490143101E-03   2.3979396123E-02  -8.0994398150E-02
                    5                  6                  7                  8                  9        
    0      7.5996740539E-02  -1.7841789831E-02  -6.3478452957E-05   6.2827400005E-03  -9.7387473566E-04
    1      2.1113595288E-03  -9.0427520344E-03  -1.1551965233E-03   3.8477289904E-03  -2.4493742028E-02
    2     -7.8626559742E-02  -2.8011674201E-02   3.4136692542E-04   1.1018828638E-02   2.5926895910E-02
    3     -7.3831569209E-04  -1.4614512366E-01  -4.1662496439E-02  -1.2181045226E-01  -5.8989008675E-02
    4      6.2140660484E-04  -4.1646149939E-02  -7.4742805113E-02  -5.6118091820E-02  -2.0311071460E-02
    5      5.8662026979E-01  -1.2180710088E-01  -5.6138517669E-02  -2.1910850913E-01   2.2580187897E-02
    6     -1.2180710088E-01   1.5406897145E-01   4.6445255021E-02   1.3574209470E-01   2.9064969364E-03
    7     -5.6138517669E-02   4.6445255021E-02   7.4268605234E-02   6.2243087948E-02   1.6088720705E-02
    8     -2.1910850913E-01   1.3574209470E-01   6.2243087948E-02   2.3545391227E-01  -1.4928200485E-02
    9      2.2580187897E-02   2.9064969364E-03   1.6088720705E-02  -1.4928200485E-02   5.6695291665E-02
   10      1.3438932619E-01   2.6469007440E-03   8.2008290277E-03  -8.1316036470E-03   2.2562620767E-02
   11     -2.0412920305E-01   4.3183889487E-03   1.8655431276E-02  -1.9289196233E-02  -2.4873943407E-02
   12      2.3968488132E-02   7.0114451078E-03  -2.0808000833E-02  -5.2861819485E-03   3.6109480892E-04
   13     -8.0983574655E-02   1.5967462093E-03  -6.5714326254E-03  -1.8411214717E-03   6.1534720158E-03
   14     -8.4755997871E-02   9.7582914300E-03  -2.5101368481E-02  -8.0750355436E-03  -8.7049399142E-03
                   10                 11                 12                 13                 14        
    0     -5.1148718458E-04   4.3452838300E-04  -7.3406197436E-03  -1.3319872007E-05   1.9064606618E-03
    1      2.3782156073E-04   5.1044312339E-03   3.2970647915E-02   3.3095378183E-03  -8.9779298593E-03
    2     -1.5531241463E-03  -6.8978061509E-03   1.0696233942E-02   1.1924781552E-03  -4.1490143101E-03
    3     -2.0293619636E-02   2.2560357901E-02  -7.5288170615E-02   6.6740166242E-02   2.3979396123E-02
    4     -1.7687441060E-01   1.3438621441E-01   6.6718832204E-02  -2.7995015616E-01  -8.0994398150E-02
    5      1.3438932619E-01  -2.0412920305E-01   2.3968488132E-02  -8.0983574655E-02  -8.4755997871E-02
    6      2.6469007440E-03   4.3183889487E-03   7.0114451078E-03   1.5967462093E-03   9.7582914300E-03
    7      8.2008290277E-03   1.8655431276E-02  -2.0808000833E-02  -6.5714326254E-03  -2.5101368481E-02
    8     -8.1316036470E-03  -1.9289196233E-02  -5.2861819485E-03  -1.8411214717E-03  -8.0750355436E-03
    9      2.2562620767E-02  -2.4873943407E-02   3.6109480892E-04   6.1534720158E-03  -8.7049399142E-03
   10      1.8830337488E-01  -1.4967698958E-01  -4.4044146907E-03  -1.9867614867E-02   2.4972391182E-02
   11     -1.4967698958E-01   2.1879040903E-01  -2.4393318258E-03  -8.4690873367E-03   1.1525796411E-02
   12     -4.4044146907E-03  -2.4393318258E-03   7.5256250442E-02  -7.4477064595E-02  -2.6939208300E-02
   13     -1.9867614867E-02  -8.4690873367E-03  -7.4477064595E-02   3.0307966583E-01   9.0101305308E-02
   14      2.4972391182E-02   1.1525796411E-02  -2.6939208300E-02   9.0101305308E-02   8.5454251314E-02

$vibrational_frequencies
15
    0        0.0000000000000000
    1        0.0000000000000000
    2        0.0000000000000000
    3        0.0000000000000000
    4        0.0000000000000000
    5        0.0000000000000000
    6     1463.1709336104859176
    7     1464.7859454271872437
    8     1465.7357469911244152
    9     1669.7488503629224397
   10     1672.6229620904719013
   11     3101.6294117526272203
   12     3197.7657030785217103
   13     3200.1563390941937541
   14     3201.5696750271549718

$normal_modes
15 15
                    0                  1                  2                  3                  4        
    0      0.0000000000E+00   0.0000000000E+00   0.0000000000E+00   0.0000000000E+00   0.0000000000E+00
    1      0.0000000000E+00   0.0000000000E+00   0.0000000000E+00   0.0000000000E+00   0.0000000000E+00
    2      0.0000000000E+00   0.0000000000E+00   0.0000000000E+00   0.0000000000E+00   0.0000000000E+00
    3      0.0000000000E+00   0.0000000000E+00   0.0000000000E+00   0.0000000000E+00   0.0000000000E+00
    4      0.0000000000E+00   0.0000000000E+00   0.0000000000E+00   0.0000000000E+00   0.0000000000E+00
    5      0.0000000000E+00   0.0000000000E+00   0.0000000000E+00   0.0000000000E+00   0.0000000000E+00
    6      0.0000000000E+00   0.0000000000E+00   0.0000000000E+00   0.0000000000E+00   0.0000000000E+00
    7      0.0000000000E+00   0.0000000000E+00   0.0000000000E+00   0.0000000000E+00   0.0000000000E+00
    8      0.0000000000E+00   0.0000000000E+00   0.0000000000E+00   0.0000000000E+00   0.0000000000E+00
    9      0.0000000000E+00   0.0000000000E+00   0.0000000000E+00   0.0000000000E+00   0.0000000000E+00
   10      0.0000000000E+00   0.0000000000E+00   0.0000000000E+00   0.0000000000E+00   0.0000000000E+00
   11      0.0000000000E+00   0.0000000000E+00   0.0000000000E+00   0.0000000000E+00   0.0000000000E+00
   12      0.0000000000E+00   0.0000000000E+00   0.0000000000E+00   0.0000000000E+00   0.0000000000E+00
   13      0.0000000000E+00   0.0000000000E+00   0.0000000000E+00   0.0000000000E+00   0.0000000000E+00
   14      0.0000000000E+00   0.0000000000E+00   0.0000000000E+00   0.0000000000E+00   0.0000000000E+00
                    5                  6                  7                  8                  9        
    0      0.0000000000E+00   5.5194457180E-02   1.7108998585E-01  -2.5965974771E-02   1.2650838828E-01
    1      0.0000000000E+00  -3.2011771562E-01   1.2953418849E-01   4.3624875200E-01  -2.7590929348E-01
    2      0.0000000000E+00   3.2437841058E-01   4.0364063189E-01   1.2478196506E-01   3.9485052633E-01
    3      0.0000000000E+00  -8.3935705773E-02   3.7904759207E-02  -6.8798771102E-02  -5.0618440889E-08
    4      0.0000000000E+00   6.4420846117E-02  -2.4761439232E-02  -9.1853613531E-02  -1.0125014568E-06
    5      0.0000000000E+00  -4.5230159479E-02  -1.0560702463E-01  -3.1561207579E-03   2.5956334729E-06
    6      0.0000000000E+00   1.9206512643E-01  -3.9735613788E-01   1.2006790974E-01  -3.0105276023E-01
    7      0.0000000000E+00  -4.0876822485E-01   2.1247491655E-02   3.4723119110E-01   3.8576745339E-01
    8      0.0000000000E+00  -6.7665968883E-02   2.2414661992E-01  -2.7220229131E-01   9.2798328388E-02
    9      0.0000000000E+00   4.4660860719E-01  -1.4236886538E-01   2.9217669091E-01   4.6065797390E-01
   10      0.0000000000E+00  -6.1984548080E-02   3.6431143328E-01   1.9765681867E-01  -1.6952778183E-01
   11      0.0000000000E+00  -5.6991278553E-02   2.4103255750E-01   2.9004456795E-01  -8.4381595215E-02
   12      0.0000000000E+00   3.0553987812E-01  -8.2690456690E-02   4.3289655516E-01  -2.8611299925E-01
   13      0.0000000000E+00   2.3822510301E-02  -2.2026289857E-01   1.1254847834E-01   5.9681677600E-02
   14      0.0000000000E+00   3.3882659703E-01   3.8862494055E-01  -1.0504485253E-01  -4.0329816527E-01
                   10                 11                 12                 13                 14        
    0      7.0580397823E-02  -4.7642734093E-01   4.4534992801E-01   4.5706588696E-01  -4.5814703902E-01
    1      4.1445235335E-01  -1.1859746821E-02   2.1762611313E-02   1.6375572535E-02   1.9528650213E-03
    2      2.6698707469E-01   1.4435904502E-01  -1.4568209803E-01  -1.2444782843E-01   1.4313156310E-01
    3      2.3286268838E-07  -1.0474566705E-05  -6.4029827934E-02  -2.9056449306E-02   5.2877406723E-02
    4      2.4165545986E-06  -8.5430579664E-07   4.9191657954E-02   1.9027538560E-02   7.0521157730E-02
    5      2.2896297793E-06   7.0129034726E-06  -3.4564539936E-02   8.0909164020E-02   2.4059008718E-03
    6     -2.7405531226E-01   2.8690668364E-01   2.6643705111E-01  -2.8484004901E-01  -2.6757756900E-01
    7     -2.8642781002E-01   1.3119278229E-01   1.3794962356E-01  -1.2493072667E-01  -1.1389193359E-01
    8      3.0151778837E-01   3.8540700563E-01   3.6781848578E-01  -3.5862515683E-01  -3.7383640899E-01
    9     -1.8126014771E-01   5.4807234104E-02  -6.7123797460E-02   4.7851030894E-02  -4.3493696166E-02
   10     -3.3052929162E-01   3.3182197244E-01  -3.1669446545E-01   3.2244976776E-01  -3.0860866995E-01
   11     -3.2553591159E-01  -3.6742857113E-01   3.5415614896E-01  -3.3620709311E-01   3.5816291203E-01
   12      3.8473228949E-01   1.3483814206E-01   1.1772901007E-01   1.2589329515E-01   1.3961608119E-01
   13      2.0247597478E-01  -4.5114483584E-01  -4.2873441325E-01  -4.4045225550E-01  -4.1913560502E-01
   14     -2.4299621370E-01  -1.6242098096E-01  -1.6473848123E-01  -1.4409147641E-01  -1.5610471565E-01

#
# The atoms: label  mass x y z (in bohrs)
#
$atoms
5
 H      1.00783      1.970401382081     0.053399278598    -0.599066670486
 C     12.00000      0.000007814721     0.000000657334    -0.000005251024
 H      1.00783     -1.185711502607    -0.547226310038    -1.593371403183
 H      1.00783     -0.231332797221    -1.372691022128     1.518683361730
 H      1.00783     -0.553450130801     1.866510226803     0.673817234978

$actual_temperature
  0.000000

$frequency_scale_factor
  1.000000

$dipole_derivatives
15
   -1.6503919995E-01   -5.0067916642E-03    6.8995481801E-02
   -6.0353701206E-03    6.3645839090E-02    1.9248868724E-03
    6.9476312265E-02    1.6251984102E-03    4.2734135968E-02
    7.8244796802E-02   -2.9996495396E-05    7.7012961140E-06
   -3.0016946181E-05    7.8224171229E-02   -7.2657561826E-06
    7.7091865144E-06   -7.2679965040E-06    7.8243255665E-02
   -1.9236275448E-02   -3.7387841962E-02   -1.1141037303E-01
   -3.8105809265E-02    4.6456544943E-02   -5.1335664167E-02
   -1.1149207181E-01   -5.0408568045E-02   -8.5899610122E-02
    6.0663042984E-02   -1.8525238347E-02    2.0649014869E-02
   -1.7764022970E-02   -4.7109226430E-02    1.2295666344E-01
    1.9771061983E-02    1.2274438677E-01   -7.2242580079E-02
    4.5367635610E-02    6.0949868469E-02    2.1758175068E-02
    6.1935219302E-02   -1.4121732883E-01   -7.3538620391E-02
    2.2236988376E-02   -7.3953749134E-02    3.7164798567E-02

#
# The IR spectrum
#  wavenumber T**2 TX TY TZ
#
$ir_spectrum
15
      0.00   0.00000000     0.000000     0.000000     0.000000
      0.00   0.00000000     0.000000     0.000000     0.000000
      0.00   0.00000000     0.000000     0.000000     0.000000
      0.00   0.00000000     0.000000     0.000000     0.000000
      0.00   0.00000000     0.000000     0.000000     0.000000
      0.00   0.00000000     0.000000     0.000000     0.000000
   1463.17   0.00047236     0.015853    -0.012168     0.008543
   1464.79   0.00046962    -0.007148     0.004670     0.019918
   1465.74   0.00046808     0.012964     0.017310     0.000595
   1669.75   0.00000000     0.000000     0.000000    -0.000000
   1672.62   0.00000000    -0.000000    -0.000000    -0.000000
   3101.63   0.00000000    -0.000004    -0.000000     0.000003
   3197.77   0.00086729    -0.021469     0.016494    -0.011589
   3200.16   0.00085785    -0.009666     0.006329     0.026914
   3201.57   0.00085230     0.017507     0.023349     0.000797


$end

