
$orca_hessian_file

$act_atom
  0

$act_coord
  0

$act_energy
        0.000000

$multiplicity
  1

$hessian
15
                    0                  1                  2                  3                  4        
    0      3.3219695589E-01   6.1979130806E-03  -8.4235161596E-02  -3.0612209174E-01  -5.4135491560E-03
    1      6.1979130806E-03   5.3120364704E-02  -1.9675113825E-03  -5.3912070712E-03  -5.5653820718E-02
    2     -8.4235161596E-02  -1.9675113825E-03   7.8479129611E-02   7.5540567640E-02   1.5323709457E-03
    3     -3.0612209174E-01  -5.3912070712E-03   7.5540567640E-02   5.8720848843E-01  -1.8435055382E-03
    4     -5.4135491560E-03  -5.5653820718E-02   1.5323709457E-03  -1.8435055382E-03   5.8609802761E-01
    5      7.5549365247E-02   1.5258263967E-03  -7.8228415462E-02   7.3286261743E-04  -6.1777054721E-04
    6     -1.7745587024E-02  -9.0589174024E-03  -2.7980356555E-02  -1.4650279264E-01  -4.1097188528E-02
    7     -5.5671356852E-05  -1.1899968379E-03   3.1676962697E-04  -4.1082249831E-02  -7.3950524658E-02
    8      6.3019542404E-03   3.8977265038E-03   1.1053254113E-02  -1.2214891192E-01  -5.5012614235E-02
    9     -1.3298010057E-03  -2.4577186639E-02   2.6146452455E-02  -5.8529966369E-02  -1.9447703554E-02
   10     -5.8418877922E-04   1.7201503015E-04  -1.2379440899E-03  -1.9463192890E-02  -1.7681640779E-01
   11      6.7452355085E-04   5.3984257790E-03  -7.0705678311E-03   2.1477999246E-02   1.3444195903E-01
   12     -6.9994761147E-03   3.2829398032E-02   1.0528498056E-02  -7.6053637677E-02   6.7801946776E-02
   13     -1.4450378847E-04   3.5514378217E-03   1.3563148997E-03   6.7780155330E-02  -2.7967727444E-01
   14      1.7093185574E-03  -8.8544672970E-03  -4.2334004307E-03   2.4397482417E-02  -8.0343945196E-02
                    5                  6                  7                  8                  9        
    0      7.5549365247E-02  -1.7745587024E-02  -5.5671356852E-05   6.3019542404E-03  -1.3298010057E-03
    1      1.5258263967E-03  -9.0589174024E-03  -1.1899968379E-03   3.8977265038E-03  -2.4577186639E-02
    2     -7.8228415462E-02  -2.7980356555E-02   3.1676962697E-04   1.1053254113E-02   2.6146452455E-02
    3      7.3286261743E-04  -1.4650279264E-01  -4.1082249831E-02  -1.2214891192E-01  -5.8529966369E-02
    4     -6.1777054721E-04  -4.1097188528E-02  -7.3950524658E-02  -5.5012614235E-02  -1.9447703554E-02
    5      5.8668115697E-01  -1.2214949766E-01  -5.4992819306E-02  -2.1954308716E-01   2.1459840379E-02
    6     -1.2214949766E-01   1.5435745345E-01   4.5746902588E-02   1.3607348996E-01   2.9101684091E-03
    7     -5.4992819306E-02   4.5746902588E-02   7.3773483153E-02   6.1579133103E-02   1.6165336640E-02
    8     -2.1954308716E-01   1.3607348996E-01   6.1579133103E-02   2.3566051967E-01  -1.4737174832E-02
    9      2.1459840379E-02   2.9101684091E-03   1.6165336640E-02  -1.4737174832E-02   5.6609073044E-02
   10      1.3443577865E-01   2.7662610084E-03   8.2816194791E-03  -8.3002103786E-03   2.1734788847E-02
   11     -2.0464639298E-01   4.5269452818E-03   1.8508322518E-02  -1.8874958699E-02  -2.4193465418E-02
   12      2.4407429414E-02   6.9807578031E-03  -2.0774318040E-02  -5.4893574494E-03   3.4052592224E-04
   13     -8.0351015197E-02   1.6429423343E-03  -6.9145811365E-03  -2.1640349926E-03   6.1247647059E-03
   14     -8.4263261362E-02   9.5294189695E-03  -2.5411405942E-02  -8.2957279259E-03  -8.6756525844E-03
                   10                 11                 12                 13                 14        
    0     -5.8418877922E-04   6.7452355085E-04  -6.9994761147E-03  -1.4450378847E-04   1.7093185574E-03
    1      1.7201503015E-04   5.3984257790E-03   3.2829398032E-02   3.5514378217E-03  -8.8544672970E-03
    2     -1.2379440899E-03  -7.0705678311E-03   1.0528498056E-02   1.3563148997E-03  -4.2334004307E-03
    3     -1.9463192890E-02   2.1477999246E-02  -7.6053637677E-02   6.7780155330E-02   2.4397482417E-02
    4     -1.7681640779E-01   1.3444195903E-01   6.7801946776E-02  -2.7967727444E-01  -8.0343945196E-02
    5      1.3443577865E-01  -2.0464639298E-01   2.4407429414E-02  -8.0351015197E-02  -8.4263261362E-02
    6      2.7662610084E-03   4.5269452818E-03   6.9807578031E-03   1.6429423343E-03   9.5294189695E-03
    7      8.2816194791E-03   1.8508322518E-02  -2.0774318040E-02  -6.9145811365E-03  -2.5411405942E-02
    8     -8.3002103786E-03  -1.8874958699E-02  -5.4893574494E-03  -2.1640349926E-03  -8.2957279259E-03
    9      2.1734788847E-02  -2.4193465418E-02   3.4052592224E-04   6.1247647059E-03  -8.6756525844E-03
   10      1.8814514797E-01  -1.4984802800E-01  -4.4536681869E-03  -1.9782374692E-02   2.4950403815E-02
   11     -1.4984802800E-01   2.1903495457E-01  -2.4860026609E-03  -8.5006793309E-03   1.1556964950E-02
   12     -4.4536681869E-03  -2.4860026609E-03   7.5731830066E-02  -7.5403358582E-02  -2.6960567359E-02
   13     -1.9782374692E-02  -8.5006793309E-03  -7.5403358582E-02   3.0282279245E-01   8.9659414620E-02
   14      2.4950403815E-02   1.1556964950E-02  -2.6960567359E-02   8.9659414620E-02   8.5235424769E-02

$vibrational_frequencies
15
    0        0.0000000000000000
    1        0.0000000000000000
    2        0.0000000000000000
    3        0.0000000000000000
    4        0.0000000000000000
    5        0.0000000000000000
    6     1463.3941493260788320
    7     1464.3359492759295790
    8     1465.9624647819730399
    9     1669.7499455995816788
   10     1672.6218325878071482
   11     3101.6293425013054730
   12     3198.0950761426206554
   13     3199.4885417049836178
   14     3201.9077440060304980

$normal_modes
15 15
                    0                  1                  2                  3                  4        
    0      0.0000000000E+00   0.0000000000E+00   0.0000000000E+00   0.0000000000E+00   0.0000000000E+00
    1      0.0000000000E+00   0.0000000000E+00   0.0000000000E+00   0.0000000000E+00   0.0000000000E+00
    2      0.0000000000E+00   0.0000000000E+00   0.0000000000E+00   0.0000000000E+00   0.0000000000E+00
    3      0.0000000000E+00   0.0000000000E+00   0.0000000000E+00   0.0000000000E+00   0.0000000000E+00
    4      0.0000000000E+00   0.0000000000E+00   0.0000000000E+00   0.0000000000E+00   0.0000000000E+00
    5      0.0000000000E+00   0.0000000000E+00   0.0000000000E+00   0.0000000000E+00   0.0000000000E+00
    6      0.0000000000E+00   0.0000000000E+00   0.0000000000E+00   0.0000000000E+00   0.0000000000E+00
    7      0.0000000000E+00   0.0000000000E+00   0.0000000000E+00   0.0000000000E+00   0.0000000000E+00
    8      0.0000000000E+00   0.0000000000E+00   0.0000000000E+00   0.0000000000E+00   0.0000000000E+00
    9      0.0000000000E+00   0.0000000000E+00   0.0000000000E+00   0.0000000000E+00   0.0000000000E+00
   10      0.0000000000E+00   0.0000000000E+00   0.0000000000E+00   0.0000000000E+00   0.0000000000E+00
   11      0.0000000000E+00   0.0000000000E+00   0.0000000000E+00   0.0000000000E+00   0.0000000000E+00
   12      0.0000000000E+00   0.0000000000E+00   0.0000000000E+00   0.0000000000E+00   0.0000000000E+00
   13      0.0000000000E+00   0.0000000000E+00   0.0000000000E+00   0.0000000000E+00   0.0000000000E+00
   14      0.0000000000E+00   0.0000000000E+00   0.0000000000E+00   0.0000000000E+00   0.0000000000E+00
                    5                  6                  7                  8                  9        
    0      0.0000000000E+00  -2.3545427934E-02   1.7197501952E-01  -5.1781169203E-02   7.0952614724E-02
    1      0.0000000000E+00   4.4134141440E-01   1.1830096260E-01   3.1651768858E-01   4.1468376160E-01
    2      0.0000000000E+00   1.2483744898E-01   4.0625027177E-01  -3.2230727794E-01   2.6652843001E-01
    3      0.0000000000E+00  -6.7625279491E-02   3.7858380873E-02   8.4816753268E-02   2.4446328971E-07
    4      0.0000000000E+00  -9.2984972571E-02  -2.2922005810E-02  -6.3595872630E-02   2.4520382421E-06
    5      0.0000000000E+00  -4.0411581399E-03  -1.0608823573E-01   4.4007466425E-02   2.3145584479E-06
    6      0.0000000000E+00   1.1276437315E-01  -3.9678886087E-01  -1.9723495041E-01  -2.7409982671E-01
    7      0.0000000000E+00   3.5264586375E-01   1.4815440597E-02   4.0554464212E-01  -2.8686582487E-01
    8      0.0000000000E+00  -2.6708492086E-01   2.2633513861E-01   7.4553855824E-02   3.0106079102E-01
    9      0.0000000000E+00   2.8715269632E-01  -1.4338466494E-01  -4.5110196388E-01  -1.8168181585E-01
   10      0.0000000000E+00   2.0284678919E-01   3.6054031511E-01   6.3517808608E-02  -3.3072336228E-01
   11      0.0000000000E+00   2.9205828703E-01   2.3624221706E-01   5.8404173340E-02  -3.2510350682E-01
   12      0.0000000000E+00   4.2883097592E-01  -8.2574748934E-02  -3.0978046702E-01   3.8482611705E-01
   13      0.0000000000E+00   1.1032207105E-01  -2.2072832209E-01  -2.8354979029E-02   2.0287622955E-01
   14      0.0000000000E+00  -1.0169343750E-01   3.9434682049E-01  -3.3464011467E-01  -2.4251327325E-01
                   10                 11                 12                 13                 14        
    0      1.2580946149E-01   4.7655694771E-01  -4.4774584885E-01  -4.5830337207E-01  -4.5555069304E-01
    1     -2.7559647366E-01   1.1011624413E-02   4.0637473152E-03  -1.3164563666E-02  -2.0045220960E-02
    2      3.9529222738E-01  -1.4399768537E-01   1.3839876472E-01   1.2362846011E-01   1.4836691677E-01
    3     -6.2862838736E-08   1.0475434107E-05   5.1602699753E-02   2.8984850387E-02   6.5208001008E-02
    4     -9.9744539470E-07   8.6017724622E-07   7.1042680769E-02  -1.7485763681E-02  -4.8851692058E-02
    5      2.5700464227E-06  -7.0155059473E-06   3.1217402883E-03  -8.1216365546E-02   3.3790761514E-02
    6     -3.0081659603E-01  -2.8711173998E-01  -2.6971083168E-01   2.8484920116E-01  -2.6588438609E-01
    7      3.8574568033E-01  -1.3029681906E-01  -1.1206366845E-01   1.2200967621E-01  -1.3590882327E-01
    8      9.3650035116E-02  -3.8555820296E-01  -3.7470966148E-01   3.5854879863E-01  -3.6814082943E-01
    9      4.6059931407E-01  -5.3896602701E-02  -4.1299038666E-02  -4.6201336625E-02   6.4437034281E-02
   10     -1.6926572725E-01  -3.3176261353E-01  -3.0808942215E-01  -3.2992170222E-01   3.0893812463E-01
   11     -8.5223787050E-02   3.6761731364E-01   3.5739465534E-01   3.4593604893E-01  -3.4688972497E-01
   12     -2.8559143103E-01  -1.3567333422E-01   1.4433121373E-01  -1.2546214039E-01  -1.1942245183E-01
   13      5.9128396993E-02   4.5103756620E-01  -4.2980368572E-01   4.2927658219E-01   4.2868464775E-01
   14     -4.0374907655E-01   1.6202210712E-01  -1.5825378538E-01   1.3891604305E-01   1.6432282925E-01

#
# The atoms: label  mass x y z (in bohrs)
#
$atoms
5
 H      1.00783      1.972263583628     0.041220999171    -0.593878148992
 C     12.00000      0.000007810026     0.000000599773    -0.000005225054
 H      1.00783     -1.188654079033    -0.534367461740    -1.595541857546
 H      1.00783     -0.218268766690    -1.371835644850     1.521387653351
 H      1.00783     -0.565433730552     1.864974966025     0.668094567007

$actual_temperature
  0.000000

$frequency_scale_factor
  1.000000

$dipole_derivatives
15
   -1.6506512538E-01   -5.9767424842E-03    6.9463009967E-02
   -4.9473793051E-03    6.3566296655E-02    1.3936348464E-03
    6.8975397980E-02    1.6933984589E-03    4.2839651195E-02
    7.8227039002E-02    3.2447128623E-05   -1.7183488924E-05
    3.2466115182E-05    7.8242810081E-02    1.3591661407E-05
   -1.7193493100E-05    1.3594192003E-05    7.8242249344E-02
   -1.9256404307E-02   -3.8214395840E-02   -1.1148752549E-01
   -3.7492688427E-02    4.6583271483E-02   -5.0207415994E-02
   -1.1138856054E-01   -5.1131669086E-02   -8.6006174312E-02
    6.0850748593E-02   -1.7802613530E-02    1.9594445130E-02
   -1.8556113325E-02   -4.7169438516E-02    1.2267152628E-01
    2.0464413452E-02    1.2288723265E-01   -7.2370108665E-02
    4.5243742092E-02    6.1961304726E-02    2.2447253882E-02
    6.0963714942E-02   -1.4122293970E-01   -7.3871336791E-02
    2.1965942604E-02   -7.3462556217E-02    3.7294382438E-02

#
# The IR spectrum
#  wavenumber T**2 TX TY TZ
#
$ir_spectrum
15
      0.00   0.00000000     0.000000     0.000000     0.000000
      0.00   0.00000000     0.000000     0.000000     0.000000
      0.00   0.00000000     0.000000     0.000000     0.000000
      0.00   0.00000000     0.000000     0.000000     0.000000
      0.00   0.00000000     0.000000     0.000000     0.000000
      0.00   0.00000000     0.000000     0.000000     0.000000
   1463.39   0.00047197     0.012769     0.017559     0.000763
   1464.34   0.00047037    -0.007142     0.004325     0.020016
   1465.96   0.00046772    -0.015980     0.011983    -0.008292
   1669.75   0.00000000    -0.000000    -0.000000    -0.000000
   1672.62   0.00000000     0.000000     0.000000    -0.000000
   3101.63   0.00000000     0.000004     0.000000    -0.000003
   3198.10   0.00086599     0.017284     0.023794     0.001046
   3199.49   0.00086048     0.009663    -0.005829    -0.027076
   3201.91   0.00085098     0.021566    -0.016156     0.011175


$end

