
$orca_hessian_file

$act_atom
  0

$act_coord
  0

$act_energy
        0.000000

$multiplicity
  1

$hessian
15
                    0                  1                  2                  3                  4        
    0      3.3230643069E-01   6.9006564249E-03  -8.4036177068E-02  -3.0629541626E-01  -6.3108748320E-03
    1      6.9006564249E-03   5.3284741269E-02  -2.1164518772E-03  -6.3207405682E-03  -5.5563538926E-02
    2     -8.4036177068E-02  -2.1164518772E-03   7.8205257899E-02   7.5178285648E-02   1.8509426004E-03
    3     -3.0629541626E-01  -6.3207405682E-03   7.5178285648E-02   5.8745098844E-01   5.3856604345E-04
    4     -6.3108748320E-03  -5.5563538926E-02   1.8509426004E-03   5.3856604345E-04   5.8782599590E-01
    5      7.5203588451E-02   1.8545384914E-03  -7.8145337692E-02   1.0262150176E-03  -6.2194256732E-04
    6     -1.7492619889E-02  -8.9899257062E-03  -2.7937402008E-02  -1.4705491644E-01  -4.1550031248E-02
    7      3.2030573163E-07  -1.2584628492E-03   3.9380884126E-04  -4.1545039350E-02  -7.4283637641E-02
    8      6.3552016062E-03   3.9319666800E-03   1.1137185313E-02  -1.2210421872E-01  -5.5525923807E-02
    9     -1.2184748157E-03  -2.4532023533E-02   2.6093293099E-02  -5.8660255810E-02  -1.9796293966E-02
   10     -5.6769777408E-04   1.9947197790E-04  -1.3502753259E-03  -1.9802206201E-02  -1.7761513533E-01
   11      5.9566974912E-04   5.3207479320E-03  -7.0290040675E-03   2.1927275463E-02   1.3445231202E-01
   12     -7.2999197228E-03   3.2942033382E-02   1.0702000329E-02  -7.5440399928E-02   6.7118634003E-02
   13     -2.2404124552E-05   3.3377885279E-03   1.2219757614E-03   6.7129420076E-02  -2.8036368400E-01
   14      1.8817172611E-03  -8.9908012261E-03  -4.1681014526E-03   2.3972442596E-02  -8.0155388246E-02
                    5                  6                  7                  8                  9        
    0      7.5203588451E-02  -1.7492619889E-02   3.2030573163E-07   6.3552016062E-03  -1.2184748157E-03
    1      1.8545384914E-03  -8.9899257062E-03  -1.2584628492E-03   3.9319666800E-03  -2.4532023533E-02
    2     -7.8145337692E-02  -2.7937402008E-02   3.9380884126E-04   1.1137185313E-02   2.6093293099E-02
    3      1.0262150176E-03  -1.4705491644E-01  -4.1545039350E-02  -1.2210421872E-01  -5.8660255810E-02
    4     -6.2194256732E-04  -4.1550031248E-02  -7.4283637641E-02  -5.5525923807E-02  -1.9796293966E-02
    5      5.8471058980E-01  -1.2213078999E-01  -5.5531328248E-02  -2.1865770866E-01   2.1925052148E-02
    6     -1.2213078999E-01   1.5464141878E-01   4.6240672682E-02   1.3609454227E-01   2.9132431119E-03
    7     -5.5531328248E-02   4.6240672682E-02   7.4131761541E-02   6.1819117683E-02   1.6067943099E-02
    8     -2.1865770866E-01   1.3609454227E-01   6.1819117683E-02   2.3501817658E-01  -1.4906553571E-02
    9      2.1925052148E-02   2.9132431119E-03   1.6067943099E-02  -1.4906553571E-02   5.6697520771E-02
   10      1.3447871972E-01   2.6771081653E-03   8.2128692792E-03  -8.1621822647E-03   2.2175620208E-02
   11     -2.0371732090E-01   4.3546630311E-03   1.8641983089E-02  -1.9258114903E-02  -2.4367321332E-02
   12      2.3975934374E-02   6.9928744371E-03  -2.0763896737E-02  -5.4389715837E-03   2.6796674267E-04
   13     -8.0179987396E-02   1.6221761073E-03  -6.8025303299E-03  -2.0629782908E-03   6.0847541912E-03
   14     -8.4190222545E-02   9.6189866944E-03  -2.5323581365E-02  -8.2395383255E-03  -8.7444703433E-03
                   10                 11                 12                 13                 14        
    0     -5.6769777408E-04   5.9566974912E-04  -7.2999197228E-03  -2.2404124552E-05   1.8817172611E-03
    1      1.9947197790E-04   5.3207479320E-03   3.2942033382E-02   3.3377885279E-03  -8.9908012261E-03
    2     -1.3502753259E-03  -7.0290040675E-03   1.0702000329E-02   1.2219757614E-03  -4.1681014526E-03
    3     -1.9802206201E-02   2.1927275463E-02  -7.5440399928E-02   6.7129420076E-02   2.3972442596E-02
    4     -1.7761513533E-01   1.3445231202E-01   6.7118634003E-02  -2.8036368400E-01  -8.0155388246E-02
    5      1.3447871972E-01  -2.0371732090E-01   2.3975934374E-02  -8.0179987396E-02  -8.4190222545E-02
    6      2.6771081653E-03   4.3546630311E-03   6.9928744371E-03   1.6221761073E-03   9.6189866944E-03
    7      8.2128692792E-03   1.8641983089E-02  -2.0763896737E-02  -6.8025303299E-03  -2.5323581365E-02
    8     -8.1621822647E-03  -1.9258114903E-02  -5.4389715837E-03  -2.0629782908E-03  -8.2395383255E-03
    9      2.2175620208E-02  -2.4367321332E-02   2.6796674267E-04   6.0847541912E-03  -8.7444703433E-03
   10      1.8871900904E-01  -1.4986103983E-01  -4.4828243981E-03  -1.9516214968E-02   2.4894777699E-02
   11     -1.4986103983E-01   2.1837261042E-01  -2.5102869109E-03  -8.5540032120E-03   1.1631829455E-02
   12     -4.4828243981E-03  -2.5102869109E-03   7.5479478471E-02  -7.4813946250E-02  -2.6728676208E-02
   13     -1.9516214968E-02  -8.5540032120E-03  -7.4813946250E-02   3.0334464077E-01   8.9574993138E-02
   14      2.4894777699E-02   1.1631829455E-02  -2.6728676208E-02   8.9574993138E-02   8.4966032868E-02

$vibrational_frequencies
15
    0        0.0000000000000000
    1        0.0000000000000000
    2        0.0000000000000000
    3        0.0000000000000000
    4        0.0000000000000000
    5        0.0000000000000000
    6     1463.0810489345335554
    7     1465.1108368116197198
    8     1465.5005834449034410
    9     1669.7440192390524771
   10     1672.6277205260014398
   11     3101.6292834242190111
   12     3197.6330178053399322
   13     3200.6389751415754290
   14     3201.2191823960956754

$normal_modes
15 15
                    0                  1                  2                  3                  4        
    0      0.0000000000E+00   0.0000000000E+00   0.0000000000E+00   0.0000000000E+00   0.0000000000E+00
    1      0.0000000000E+00   0.0000000000E+00   0.0000000000E+00   0.0000000000E+00   0.0000000000E+00
    2      0.0000000000E+00   0.0000000000E+00   0.0000000000E+00   0.0000000000E+00   0.0000000000E+00
    3      0.0000000000E+00   0.0000000000E+00   0.0000000000E+00   0.0000000000E+00   0.0000000000E+00
    4      0.0000000000E+00   0.0000000000E+00   0.0000000000E+00   0.0000000000E+00   0.0000000000E+00
    5      0.0000000000E+00   0.0000000000E+00   0.0000000000E+00   0.0000000000E+00   0.0000000000E+00
    6      0.0000000000E+00   0.0000000000E+00   0.0000000000E+00   0.0000000000E+00   0.0000000000E+00
    7      0.0000000000E+00   0.0000000000E+00   0.0000000000E+00   0.0000000000E+00   0.0000000000E+00
    8      0.0000000000E+00   0.0000000000E+00   0.0000000000E+00   0.0000000000E+00   0.0000000000E+00
    9      0.0000000000E+00   0.0000000000E+00   0.0000000000E+00   0.0000000000E+00   0.0000000000E+00
   10      0.0000000000E+00   0.0000000000E+00   0.0000000000E+00   0.0000000000E+00   0.0000000000E+00
   11      0.0000000000E+00   0.0000000000E+00   0.0000000000E+00   0.0000000000E+00   0.0000000000E+00
   12      0.0000000000E+00   0.0000000000E+00   0.0000000000E+00   0.0000000000E+00   0.0000000000E+00
   13      0.0000000000E+00   0.0000000000E+00   0.0000000000E+00   0.0000000000E+00   0.0000000000E+00
   14      0.0000000000E+00   0.0000000000E+00   0.0000000000E+00   0.0000000000E+00   0.0000000000E+00
                    5                  6                  7                  8                  9        
    0      0.0000000000E+00  -1.7089943596E-01  -5.3073662176E-02   2.4210780799E-02   1.3877514874E-01
    1      0.0000000000E+00  -1.2374567671E-01   3.3393355237E-01  -4.2802264775E-01   9.8584112649E-02
    2      0.0000000000E+00  -4.0680297004E-01  -3.1671513933E-01  -1.3357705233E-01   4.6803429710E-01
    3      0.0000000000E+00  -3.7405099727E-02   8.2212011691E-02   7.0984941115E-02   1.2227874241E-07
    4      0.0000000000E+00   2.3820061623E-02  -6.7080730594E-02   9.0133856985E-02   1.0191649654E-06
    5      0.0000000000E+00   1.0619140358E-01   4.4004728382E-02   4.7851228594E-03   3.4837356016E-06
    6      0.0000000000E+00   3.9546025154E-01  -1.9154023081E-01  -1.2272862798E-01  -4.0631455614E-01
    7      0.0000000000E+00  -1.7161810136E-02   4.1909248567E-01  -3.3671083708E-01   6.9774814628E-02
    8      0.0000000000E+00  -2.2497092638E-01   6.2702324951E-02   2.7246038489E-01   2.7944819520E-01
    9      0.0000000000E+00   1.4015969429E-01  -4.3992852548E-01  -3.0529504299E-01   1.9703697225E-01
   10      0.0000000000E+00  -3.6211208340E-01   6.9810598817E-02  -1.9634871416E-01  -3.5336755231E-01
   11      0.0000000000E+00  -2.3973841336E-01   6.7716781838E-02  -2.8844493170E-01  -2.9048958932E-01
   12      0.0000000000E+00   8.0655604406E-02  -2.9434192033E-01  -4.4139264268E-01   7.0500979196E-02
   13      0.0000000000E+00   2.1939817731E-01  -2.4117869825E-02  -1.1212619456E-01   1.8499649001E-01
   14      0.0000000000E+00  -3.9289054018E-01  -3.3766072949E-01   9.2585961031E-02  -4.5703438323E-01
                   10                 11                 12                 13                 14        
    0     -3.9392219805E-02  -4.7661144445E-01   4.5459693905E-01   4.3684084892E-01   4.7003097706E-01
    1      4.8804035613E-01  -1.1627284340E-02   1.5116723054E-02   2.1917747928E-02  -2.0428890277E-03
    2     -9.1121161140E-02   1.4376865314E-01  -1.2232900839E-01  -1.4146902094E-01  -1.4484130759E-01
    3      2.0533593872E-07  -1.0474778840E-05  -2.8507388424E-02  -6.2947845947E-02  -5.4620874321E-02
    4      2.4142666349E-06  -8.5472984922E-07   1.8172818160E-02   5.1590619227E-02  -6.9081006722E-02
    5     -1.9932212660E-07   7.0205607475E-06   8.1051139501E-02  -3.3708790046E-02  -3.7233346733E-03
    6      1.9415104772E-02   2.8737770845E-01  -2.8752626726E-01   2.5633504904E-01   2.7801593379E-01
    7     -4.7549675105E-01   1.3077961378E-01  -1.2462639189E-01   1.3268931116E-01   1.1705873322E-01
    8      1.4695416362E-01   3.8519608405E-01  -3.6090328220E-01   3.5208907808E-01   3.8503915621E-01
    9     -4.5419871782E-01   5.4265668391E-02   4.7213425650E-02  -6.6947045411E-02   3.9606833293E-02
   10     -1.1362045296E-01   3.3214018953E-01   3.2752840946E-01  -3.2296348589E-01   2.9907339628E-01
   11     -1.6988741675E-01  -3.6722179331E-01  -3.4129748051E-01   3.6014103093E-01  -3.4561148950E-01
   12      4.7417338796E-01   1.3509278901E-01   1.2514849269E-01   1.2328036503E-01  -1.3729235115E-01
   13      1.0104810163E-01  -4.5128234186E-01  -4.3439937312E-01  -4.4592423793E-01   4.0844647174E-01
   14      1.1405678757E-01  -1.6182653649E-01  -1.4053226141E-01  -1.6939629991E-01   1.4974674895E-01

#
# The atoms: label  mass x y z (in bohrs)
#
$atoms
5
 H      1.00783      1.973035902761     0.050062109293    -0.590624442633
 C     12.00000      0.000007814694     0.000000649090    -0.000005193468
 H      1.00783     -1.192443551994    -0.541310330199    -1.590365528420
 H      1.00783     -0.223584637091    -1.377230607071     1.515731014899
 H      1.00783     -0.557100761902     1.868471099375     0.665320793883

$actual_temperature
  0.000000

$frequency_scale_factor
  1.000000

$dipole_derivatives
15
   -1.6509371507E-01   -5.3040249201E-03    6.9686202735E-02
   -5.7600381300E-03    6.3704206397E-02    1.7100211967E-03
    6.8609737040E-02    1.5462021643E-03    4.2730345044E-02
    7.8229139483E-02   -1.0085367146E-05   -1.3694597436E-05
   -1.0094309036E-05    7.8219225301E-02    8.0266614721E-06
   -1.3707625627E-05    8.0282189207E-06    7.8263695147E-02
   -1.9380302839E-02   -3.7904167834E-02   -1.1198332851E-01
   -3.7710669818E-02    4.6612837671E-02   -5.0932662073E-02
   -1.1084195406E-01   -5.0672604235E-02   -8.5911787730E-02
    6.0831073122E-02   -1.7987818145E-02    2.0127802494E-02
   -1.8222635116E-02   -4.7255313507E-02    1.2336229475E-01
    2.0199698958E-02    1.2221332259E-01   -7.2264536529E-02
    4.5413805305E-02    6.1206096266E-02    2.2183017875E-02
    6.1703437374E-02   -1.4128095586E-01   -7.4147680530E-02
    2.2046225689E-02   -7.3094948736E-02    3.7182284068E-02

#
# The IR spectrum
#  wavenumber T**2 TX TY TZ
#
$ir_spectrum
15
      0.00   0.00000000     0.000000     0.000000     0.000000
      0.00   0.00000000     0.000000     0.000000     0.000000
      0.00   0.00000000     0.000000     0.000000     0.000000
      0.00   0.00000000     0.000000     0.000000     0.000000
      0.00   0.00000000     0.000000     0.000000     0.000000
      0.00   0.00000000     0.000000     0.000000     0.000000
   1463.08   0.00047251     0.007065    -0.004499    -0.020059
   1465.11   0.00046909    -0.015500     0.012648    -0.008297
   1465.50   0.00046845    -0.013379    -0.016989    -0.000902
   1669.74   0.00000000    -0.000000    -0.000000    -0.000001
   1672.63   0.00000000    -0.000000    -0.000000     0.000000
   3101.63   0.00000000    -0.000004    -0.000000     0.000003
   3197.63   0.00086782    -0.009563     0.006096     0.027188
   3200.64   0.00085595    -0.020906     0.017134    -0.011195
   3201.22   0.00085368    -0.018106    -0.022898    -0.001234


$end

