
$orca_hessian_file

$act_atom
  0

$act_coord
  0

$act_energy
      -56.408790

$multiplicity
  1

$hessian
12
                    0                  1                  2                  3                  4        
    0      6.5849259489E-01  -1.1859596638E-11  -2.1136436500E-05  -3.7922219333E-01   2.4271062525E-10
    1     -1.1859596638E-11   6.5849143888E-01  -8.9855900498E-13  -4.8991447658E-11  -5.9733317301E-02
    2     -2.1136436500E-05  -8.9855900498E-13   2.4160619171E-01   1.2353923144E-01  -3.2786183966E-09
    3     -3.7922219333E-01  -4.8991447658E-11   1.2353923144E-01   4.1322910295E-01  -2.1485958824E-10
    4      2.4271062525E-10  -5.9733317301E-02  -3.2786183966E-09  -2.1485958824E-10   5.8656774484E-02
    5      1.8440564878E-01  -3.9584505407E-11  -8.0545864912E-02  -1.4742275297E-01   1.7410145070E-10
    6     -1.3962029103E-01   1.3836242190E-01  -6.1768870595E-02  -1.7010792032E-02   3.3590942110E-02
    7      1.3835202424E-01  -2.9935600539E-01   1.0697502031E-01  -3.2330831038E-03   5.2659706217E-04
    8     -9.2192265608E-02   1.5968358687E-01  -8.0529441175E-02   1.1933175511E-02  -1.4454305522E-02
    9     -1.3965011053E-01  -1.3836242184E-01  -6.1749224410E-02  -1.6996117587E-02  -3.3590942138E-02
   10     -1.3835202447E-01  -2.9940211619E-01  -1.0697501703E-01   3.2330833678E-03   5.4994575483E-04
   11     -9.2192246734E-02  -1.5968358683E-01  -8.0530885620E-02   1.1950346020E-02   1.4454308627E-02
                    5                  6                  7                  8                  9        
    0      1.8440564878E-01  -1.3962029103E-01   1.3835202424E-01  -9.2192265608E-02  -1.3965011053E-01
    1     -3.9584505407E-11   1.3836242190E-01  -2.9935600539E-01   1.5968358687E-01  -1.3836242184E-01
    2     -8.0545864912E-02  -6.1768870595E-02   1.0697502031E-01  -8.0529441175E-02  -6.1749224410E-02
    3     -1.4742275297E-01  -1.7010792032E-02  -3.2330831038E-03   1.1933175511E-02  -1.6996117587E-02
    4      1.7410145070E-10   3.3590942110E-02   5.2659706217E-04  -1.4454305522E-02  -3.3590942138E-02
    5      7.8468204330E-02  -1.8491037217E-02   3.1002492605E-03   1.0385872418E-03  -1.8491858593E-02
    6     -1.8491037217E-02   1.4733326444E-01  -1.5354535100E-01   7.3705636047E-02   9.2978186215E-03
    7      3.1002492605E-03  -1.5354535100E-01   3.2459789945E-01  -1.2765587963E-01   1.8426409864E-02
    8      1.0385872418E-03   7.3705636047E-02  -1.2765587963E-01   7.8452505996E-02   6.5534540511E-03
    9     -1.8491858593E-02   9.2978186215E-03   1.8426409864E-02   6.5534540511E-03   1.4734840950E-01
   10     -3.1002493955E-03  -1.8408013010E-02  -2.5768491123E-02  -1.7573401715E-02   1.5352695411E-01
   11      1.0390733398E-03   6.5542717632E-03   1.7580610061E-02   1.0383479368E-03   7.3687628951E-02
                   10                 11        
     0     -1.3835202447E-01  -9.2192246734E-02
     1     -2.9940211619E-01  -1.5968358683E-01
     2     -1.0697501703E-01  -8.0530885620E-02
     3      3.2330833678E-03   1.1950346020E-02
     4      5.4994575483E-04   1.4454308627E-02
     5     -3.1002493955E-03   1.0390733398E-03
     6     -1.8408013010E-02   6.5542717632E-03
     7     -2.5768491123E-02   1.7580610061E-02
     8     -1.7573401715E-02   1.0383479368E-03
     9      1.5352695411E-01   7.3687628951E-02
    10      3.2462066156E-01   1.2764866814E-01
    11      1.2764866814E-01   7.8453464343E-02

$vibrational_frequencies
12
    0        0.0000000000000000
    1        0.0000000000000000
    2        0.0000000000000000
    3        0.0000000000000000
    4        0.0000000000000000
    5        0.0000000000000000
    6     1128.5567900188757449
    7     1674.5015627723341822
    8     1674.8350172651842058
    9     3524.9230217454723970
   10     3662.4572908317559268
   11     3662.7986703781489268

$normal_modes
12 12
                    0                  1                  2                  3                  4        
    0      0.0000000000E+00   0.0000000000E+00   0.0000000000E+00   0.0000000000E+00   0.0000000000E+00
    1      0.0000000000E+00   0.0000000000E+00   0.0000000000E+00   0.0000000000E+00   0.0000000000E+00
    2      0.0000000000E+00   0.0000000000E+00   0.0000000000E+00   0.0000000000E+00   0.0000000000E+00
    3      0.0000000000E+00   0.0000000000E+00   0.0000000000E+00   0.0000000000E+00   0.0000000000E+00
    4      0.0000000000E+00   0.0000000000E+00   0.0000000000E+00   0.0000000000E+00   0.0000000000E+00
    5      0.0000000000E+00   0.0000000000E+00   0.0000000000E+00   0.0000000000E+00   0.0000000000E+00
    6      0.0000000000E+00   0.0000000000E+00   0.0000000000E+00   0.0000000000E+00   0.0000000000E+00
    7      0.0000000000E+00   0.0000000000E+00   0.0000000000E+00   0.0000000000E+00   0.0000000000E+00
    8      0.0000000000E+00   0.0000000000E+00   0.0000000000E+00   0.0000000000E+00   0.0000000000E+00
    9      0.0000000000E+00   0.0000000000E+00   0.0000000000E+00   0.0000000000E+00   0.0000000000E+00
   10      0.0000000000E+00   0.0000000000E+00   0.0000000000E+00   0.0000000000E+00   0.0000000000E+00
   11      0.0000000000E+00   0.0000000000E+00   0.0000000000E+00   0.0000000000E+00   0.0000000000E+00
                    5                  6                  7                  8                  9        
    0      0.0000000000E+00   6.5778315130E-06   3.0627103725E-02  -5.8871684724E-02   5.2202166783E-06
    1      0.0000000000E+00   1.1529694865E-06   5.8814874297E-02   3.0599011253E-02  -1.3913174683E-05
    2      0.0000000000E+00   1.0585966118E-01  -5.8322611542E-06   4.7687919758E-06  -3.8342519629E-02
    3      0.0000000000E+00  -1.9584750684E-01   6.0635711026E-02  -1.1656610591E-01  -5.4072906368E-01
    4      0.0000000000E+00  -8.7760474601E-06  -6.6071916457E-01  -3.4374764017E-01   3.2266973402E-05
    5      0.0000000000E+00  -4.9031467696E-01   9.9632981035E-02  -1.9148554216E-01   1.7761739806E-01
    6      0.0000000000E+00   9.7875060989E-02  -5.8107021462E-01   2.9149098579E-01   2.7030025536E-01
    7      0.0000000000E+00  -1.6961819342E-01  -2.5367303230E-01   2.9634174652E-01  -4.6814277781E-01
    8      0.0000000000E+00  -4.9034350212E-01   1.1670733892E-01   1.8232420024E-01   1.7755254906E-01
    9      0.0000000000E+00   9.7881041403E-02   9.4845374755E-02   6.4314623910E-01   2.7035626906E-01
   10      0.0000000000E+00   1.6961094799E-01   9.7110506125E-02  -3.7779286689E-01   4.6830384600E-01
   11      0.0000000000E+00  -4.9035002939E-01  -2.1625927583E-01   9.0950755779E-03   1.7763131523E-01
                   10                 11        
     0     -7.8129698303E-02   5.6216295623E-03
     1      5.6162087930E-03   7.8069685398E-02
     2      4.8248350910E-08  -5.8753498971E-06
     3      7.3260478832E-01  -5.2789159072E-02
     4      6.0211010883E-04   8.1745443712E-03
     5     -2.5409490276E-01   1.8309969657E-02
     6      1.9970208383E-01   3.0918934593E-01
     7     -3.6044811902E-01  -5.2346656591E-01
     8      1.4294454050E-01   2.1187244223E-01
     9      1.5337039384E-01  -3.3451741432E-01
    10      2.8180410756E-01  -5.6955131513E-01
    11      1.1114969180E-01  -2.3010076901E-01

#
# The atoms: label  mass x y z (in bohrs)
#
$atoms
4
 N     14.00700      0.000019391642     0.000000000000     0.088704751020
 H      1.00800      1.766387526060    -0.000000000000    -0.653240173853
 H      1.00800     -0.883203458851     1.529744367053    -0.653146724874
 H      1.00800     -0.883203458850    -1.529744367052    -0.653146724874

$actual_temperature
  0.000000

$frequency_scale_factor
  1.000000

$dipole_derivatives
12
   -3.4463679379E-01    2.4690805046E-12   -1.0453359300E-05
    2.0651049501E-12   -3.4463633219E-01   -2.3980817332E-12
   -8.9948689948E-06    1.7334951893E-11   -6.0314472639E-01
    6.3563279817E-02    1.5309357031E-12    9.0768975812E-02
    4.6868308252E-12    1.6667308316E-01    2.3869795029E-12
    1.6358701688E-01    7.3307114874E-13    2.0130805752E-01
    1.4082112310E-01    4.4377742030E-02   -4.5252771741E-02
    4.4498788618E-02    8.9332927361E-02    7.8558699462E-02
   -8.1788899598E-02    1.4166470928E-01    2.0132155201E-01
    1.4025239088E-01   -4.4377742034E-02   -4.5505750711E-02
   -4.4498788624E-02    8.8630321673E-02   -7.8558699462E-02
   -8.1789122415E-02   -1.4166470930E-01    2.0051511686E-01

#
# The IR spectrum
#  wavenumber T**2 TX TY TZ
#
$ir_spectrum
12
      0.00   0.00000000     0.000000     0.000000     0.000000
      0.00   0.00000000     0.000000     0.000000     0.000000
      0.00   0.00000000     0.000000     0.000000     0.000000
      0.00   0.00000000     0.000000     0.000000     0.000000
      0.00   0.00000000     0.000000     0.000000     0.000000
      0.00   0.00000000     0.000000     0.000000     0.000000
   1128.56   0.00909420    -0.000008    -0.000028    -0.095364
   1674.50   0.00074084    -0.012589    -0.024132     0.000022
   1674.84   0.00073726     0.024106    -0.012497    -0.000019
   3524.92   0.00000490    -0.000007    -0.000042    -0.002213
   3662.46   0.00001714     0.004128    -0.000320    -0.000008
   3662.80   0.00001650    -0.000273    -0.004052     0.000034


$end

