
$orca_hessian_file

$act_atom
  0

$act_coord
  0

$act_energy
        0.000000

$multiplicity
  1

$hessian
9
                    0                  1                  2                  3                  4        
    0      5.3668103367E-01  -2.7208672643E-16  -8.8679064092E-15  -2.6834051684E-01   1.0488821689E-16
    1     -2.7208672643E-16  -4.0807429114E-05  -5.7100991287E-17   7.1915825296E-17   2.0403714548E-05
    2     -8.8679064092E-15  -5.7100991287E-17   8.0344208725E-01  -3.0571797973E-01   1.5022995797E-16
    3     -2.6834051684E-01   7.1915825296E-17  -3.0571797973E-01   2.5048143585E-01  -7.8541264471E-17
    4      1.0488821689E-16   2.0403714548E-05   1.5022995797E-16  -7.8541264471E-17  -2.6766797870E-05
    5     -2.4077266865E-01   1.6307750440E-16  -4.0172104363E-01   2.7324532419E-01  -1.4314175307E-16
    6     -2.6834051684E-01   1.9916438918E-16   3.0571797973E-01   1.7859080982E-02  -2.5825261876E-17
    7      1.6820502151E-16   2.0403714566E-05  -9.3203403242E-17   6.1037486352E-18   6.3630833213E-06
    8      2.4077266865E-01  -1.0590207656E-16  -4.0172104363E-01   3.2474995590E-02  -6.5654943422E-18
                    5                  6                  7                  8        
     0     -2.4077266865E-01  -2.6834051684E-01   1.6820502151E-16   2.4077266865E-01
     1      1.6307750440E-16   1.9916438918E-16   2.0403714566E-05  -1.0590207656E-16
     2     -4.0172104363E-01   3.0571797973E-01  -9.3203403242E-17  -4.0172104363E-01
     3      2.7324532419E-01   1.7859080982E-02   6.1037486352E-18   3.2474995590E-02
     4     -1.4314175307E-16  -2.5825261876E-17   6.3630833213E-06  -6.5654943422E-18
     5      4.3551136541E-01  -3.2474995590E-02  -2.0458461889E-17  -3.3790321786E-02
     6     -3.2474995590E-02   2.5048143585E-01  -1.7382394872E-16  -2.7324532419E-01
     7     -2.0458461889E-17  -1.7382394872E-16  -2.6766797887E-05   1.1306471802E-16
     8     -3.3790321786E-02  -2.7324532419E-01   1.1306471802E-16   4.3551136541E-01

$vibrational_frequencies
9
    0        0.0000000000000000
    1        0.0000000000000000
    2        0.0000000000000000
    3        0.0000000000000000
    4        0.0000000000000000
    5        0.0000000000000000
    6     1750.6946956628007683
    7     4142.3035595874762294
    8     4237.5587252034492849

$normal_modes
9 9
                    0                  1                  2                  3                  4        
    0      0.0000000000E+00   0.0000000000E+00   0.0000000000E+00   0.0000000000E+00   0.0000000000E+00
    1      0.0000000000E+00   0.0000000000E+00   0.0000000000E+00   0.0000000000E+00   0.0000000000E+00
    2      0.0000000000E+00   0.0000000000E+00   0.0000000000E+00   0.0000000000E+00   0.0000000000E+00
    3      0.0000000000E+00   0.0000000000E+00   0.0000000000E+00   0.0000000000E+00   0.0000000000E+00
    4      0.0000000000E+00   0.0000000000E+00   0.0000000000E+00   0.0000000000E+00   0.0000000000E+00
    5      0.0000000000E+00   0.0000000000E+00   0.0000000000E+00   0.0000000000E+00   0.0000000000E+00
    6      0.0000000000E+00   0.0000000000E+00   0.0000000000E+00   0.0000000000E+00   0.0000000000E+00
    7      0.0000000000E+00   0.0000000000E+00   0.0000000000E+00   0.0000000000E+00   0.0000000000E+00
    8      0.0000000000E+00   0.0000000000E+00   0.0000000000E+00   0.0000000000E+00   0.0000000000E+00
                    5                  6                  7                  8        
     0      0.0000000000E+00   7.0443963846E-02   5.0202796934E-02   7.1893436958E-15
     1      0.0000000000E+00   2.6983015569E-17  -1.6939890669E-17  -4.1582094096E-18
     2      0.0000000000E+00   5.3358563698E-16   9.4893146375E-15  -7.0728207368E-02
     3      0.0000000000E+00  -5.5904413570E-01  -3.9840999412E-01   4.2713134684E-01
     4      0.0000000000E+00   5.9375989750E-17   5.5117164814E-17  -9.6829101173E-17
     5      0.0000000000E+00   4.3010286946E-01  -5.8310317798E-01   5.6129989568E-01
     6      0.0000000000E+00  -5.5904413570E-01  -3.9840999412E-01  -4.2713134684E-01
     7      0.0000000000E+00  -4.6077624135E-17  -5.6779984413E-17   4.0299497457E-17
     8      0.0000000000E+00  -4.3010286946E-01   5.8310317798E-01   5.6129989568E-01

#
# The atoms: label  mass x y z (in bohrs)
#
$atoms
3
 O     15.99900     -0.120498211746     0.000000000000    -0.000000000000
 H      1.00800      0.956275242918     0.000000000000     1.415004616832
 H      1.00800      0.956275242918     0.000000000000    -1.415004616832

$actual_temperature
  0.000000

$frequency_scale_factor
  1.000000

$dipole_derivatives
9
   -4.1430381461E-01   -4.0058152349E-16    3.9640153923E-15
    6.3462153862E-17   -7.8104389276E-01   -1.2976752447E-16
   -1.2260014434E-14   -9.6779129289E-16   -5.2866106536E-01
    2.0716869450E-01    1.1982244315E-16   -9.6030319661E-02
   -4.6026800485E-16    3.9053987245E-01   -8.2584403622E-18
   -4.1072652470E-02    3.0951342410E-16    2.6434285642E-01
    2.0716869450E-01    2.8248609868E-16    9.6030319661E-02
    3.8175591486E-16    3.9053987245E-01    1.3705344994E-16
    4.1072652470E-02    6.5797273205E-16    2.6434285642E-01

#
# The IR spectrum
#  wavenumber eps Int TX TY TZ
#
$ir_spectrum
9
      0.00   0.00000000   0.00000000     0.000000     0.000000     0.000000
      0.00   0.00000000   0.00000000     0.000000     0.000000     0.000000
      0.00   0.00000000   0.00000000     0.000000     0.000000     0.000000
      0.00   0.00000000   0.00000000     0.000000     0.000000     0.000000
      0.00   0.00000000   0.00000000     0.000000     0.000000     0.000000
      0.00   0.00000000   0.00000000     0.000000     0.000000     0.000000
   1750.69   0.01563104  78.99285722    -0.052785    -0.000000     0.000000
   4142.30   0.00351171  17.74672610    -0.016265     0.000000    -0.000000
   4237.56   0.01132132  57.21329888    -0.000000     0.000000     0.028874


$end

