
$orca_hessian_file

$act_atom
  0

$act_coord
  0

$act_energy
      -56.408790

$multiplicity
  1

$hessian
12
                    0                  1                  2                  3                  4        
    0      6.5849259489E-01  -1.1859596638E-11  -2.1136436500E-05  -3.7922219333E-01   2.4271062525E-10
    1     -1.1859596638E-11   6.5849143888E-01  -8.9855900498E-13  -4.8991447658E-11  -5.9733317301E-02
    2     -2.1136436500E-05  -8.9855900498E-13   2.4160619171E-01   1.2353923144E-01  -3.2786183966E-09
    3     -3.7922219333E-01  -4.8991447658E-11   1.2353923144E-01   4.1322910295E-01  -2.1485958824E-10
    4      2.4271062525E-10  -5.9733317301E-02  -3.2786183966E-09  -2.1485958824E-10   5.8656774484E-02
    5      1.8440564878E-01  -3.9584505407E-11  -8.0545864912E-02  -1.4742275297E-01   1.7410145070E-10
    6     -1.3962029103E-01   1.3836242190E-01  -6.1768870595E-02  -1.7010792032E-02   3.3590942110E-02
    7      1.3835202424E-01  -2.9935600539E-01   1.0697502031E-01  -3.2330831038E-03   5.2659706217E-04
    8     -9.2192265608E-02   1.5968358687E-01  -8.0529441175E-02   1.1933175511E-02  -1.4454305522E-02
    9     -1.3965011053E-01  -1.3836242184E-01  -6.1749224410E-02  -1.6996117587E-02  -3.3590942138E-02
   10     -1.3835202447E-01  -2.9940211619E-01  -1.0697501703E-01   3.2330833678E-03   5.4994575483E-04
   11     -9.2192246734E-02  -1.5968358683E-01  -8.0530885620E-02   1.1950346020E-02   1.4454308627E-02
                    5                  6                  7                  8                  9        
    0      1.8440564878E-01  -1.3962029103E-01   1.3835202424E-01  -9.2192265608E-02  -1.3965011053E-01
    1     -3.9584505407E-11   1.3836242190E-01  -2.9935600539E-01   1.5968358687E-01  -1.3836242184E-01
    2     -8.0545864912E-02  -6.1768870595E-02   1.0697502031E-01  -8.0529441175E-02  -6.1749224410E-02
    3     -1.4742275297E-01  -1.7010792032E-02  -3.2330831038E-03   1.1933175511E-02  -1.6996117587E-02
    4      1.7410145070E-10   3.3590942110E-02   5.2659706217E-04  -1.4454305522E-02  -3.3590942138E-02
    5      7.8468204330E-02  -1.8491037217E-02   3.1002492605E-03   1.0385872418E-03  -1.8491858593E-02
    6     -1.8491037217E-02   1.4733326444E-01  -1.5354535100E-01   7.3705636047E-02   9.2978186215E-03
    7      3.1002492605E-03  -1.5354535100E-01   3.2459789945E-01  -1.2765587963E-01   1.8426409864E-02
    8      1.0385872418E-03   7.3705636047E-02  -1.2765587963E-01   7.8452505996E-02   6.5534540511E-03
    9     -1.8491858593E-02   9.2978186215E-03   1.8426409864E-02   6.5534540511E-03   1.4734840950E-01
   10     -3.1002493955E-03  -1.8408013010E-02  -2.5768491123E-02  -1.7573401715E-02   1.5352695411E-01
   11      1.0390733398E-03   6.5542717632E-03   1.7580610061E-02   1.0383479368E-03   7.3687628951E-02
                   10                 11        
     0     -1.3835202447E-01  -9.2192246734E-02
     1     -2.9940211619E-01  -1.5968358683E-01
     2     -1.0697501703E-01  -8.0530885620E-02
     3      3.2330833678E-03   1.1950346020E-02
     4      5.4994575483E-04   1.4454308627E-02
     5     -3.1002493955E-03   1.0390733398E-03
     6     -1.8408013010E-02   6.5542717632E-03
     7     -2.5768491123E-02   1.7580610061E-02
     8     -1.7573401715E-02   1.0383479368E-03
     9      1.5352695411E-01   7.3687628951E-02
    10      3.2462066156E-01   1.2764866814E-01
    11      1.2764866814E-01   7.8453464343E-02

$vibrational_frequencies
12
    0        0.0000000000000000
    1        0.0000000000000000
    2        0.0000000000000000
    3        0.0000000000000000
    4        0.0000000000000000
    5        0.0000000000000000
    6     1128.5772501522183120
    7     1676.1882997544310001
    8     1676.5746228339810386
    9     3524.9869318704754733
   10     3667.9328423734832541
   11     3668.0054923456041251

$normal_modes
12 12
                    0                  1                  2                  3                  4        
    0      0.0000000000E+00   0.0000000000E+00   0.0000000000E+00   0.0000000000E+00   0.0000000000E+00
    1      0.0000000000E+00   0.0000000000E+00   0.0000000000E+00   0.0000000000E+00   0.0000000000E+00
    2      0.0000000000E+00   0.0000000000E+00   0.0000000000E+00   0.0000000000E+00   0.0000000000E+00
    3      0.0000000000E+00   0.0000000000E+00   0.0000000000E+00   0.0000000000E+00   0.0000000000E+00
    4      0.0000000000E+00   0.0000000000E+00   0.0000000000E+00   0.0000000000E+00   0.0000000000E+00
    5      0.0000000000E+00   0.0000000000E+00   0.0000000000E+00   0.0000000000E+00   0.0000000000E+00
    6      0.0000000000E+00   0.0000000000E+00   0.0000000000E+00   0.0000000000E+00   0.0000000000E+00
    7      0.0000000000E+00   0.0000000000E+00   0.0000000000E+00   0.0000000000E+00   0.0000000000E+00
    8      0.0000000000E+00   0.0000000000E+00   0.0000000000E+00   0.0000000000E+00   0.0000000000E+00
    9      0.0000000000E+00   0.0000000000E+00   0.0000000000E+00   0.0000000000E+00   0.0000000000E+00
   10      0.0000000000E+00   0.0000000000E+00   0.0000000000E+00   0.0000000000E+00   0.0000000000E+00
   11      0.0000000000E+00   0.0000000000E+00   0.0000000000E+00   0.0000000000E+00   0.0000000000E+00
                    5                  6                  7                  8                  9        
    0      0.0000000000E+00  -6.8962212503E-06  -2.4653934871E-02   6.1181628018E-02  -7.3970685615E-07
    1      0.0000000000E+00  -7.3818771396E-07  -6.1180189604E-02  -2.4654815862E-02   1.4980990390E-05
    2      0.0000000000E+00  -1.1498680522E-01   4.5637169446E-06  -5.0405658838E-06   3.8868775798E-02
    3      0.0000000000E+00   2.1273449619E-01  -5.5280487422E-02   1.3719817147E-01   5.4811234946E-01
    4      0.0000000000E+00   4.7878541521E-06   7.0395122204E-01   2.8368567211E-01  -2.8496822653E-05
    5      0.0000000000E+00   5.3259375202E-01  -9.5939145279E-02   2.3805511763E-01  -1.8006549015E-01
    6      0.0000000000E+00  -1.0631814856E-01   5.6314855388E-01  -3.4690792950E-01  -2.7401561811E-01
    7      0.0000000000E+00   1.8423935125E-01   2.1989632203E-01  -3.3474449479E-01   4.7457480628E-01
    8      0.0000000000E+00   5.3261937703E-01  -1.5822423053E-01  -2.0207316403E-01  -1.7997379227E-01
    9      0.0000000000E+00  -1.0632051889E-01  -1.6528109648E-01  -6.4045994797E-01  -2.7408645251E-01
   10      0.0000000000E+00  -1.8423388137E-01  -7.3697826040E-02   3.9365803476E-01  -4.7475448280E-01
   11      0.0000000000E+00   5.3262435183E-01   2.5409995916E-01  -3.5911910732E-02  -1.8007474794E-01
                   10                 11        
     0      7.4313206425E-02  -2.6982353901E-02
     1     -2.6981567891E-02  -7.4314483326E-02
     2      3.8387594779E-07   7.0871879667E-06
     3     -7.0800382808E-01   2.5716571254E-01
     4     -7.1376174855E-03  -1.9614936704E-02
     5      2.8915024224E-01  -1.0502092912E-01
     6     -2.7673776993E-01  -2.5621074474E-01
     7      5.0616879395E-01   4.1179649696E-01
     8     -2.3548929267E-01  -1.9793347357E-01
     9     -4.7902332936E-02   3.7398732496E-01
    10     -1.2409980597E-01   6.4048011430E-01
    11     -5.3666283845E-02   3.0285592031E-01

#
# The atoms: label  mass x y z (in bohrs)
#
$atoms
4
 N     14.00700      0.000019391642     0.000000000000     0.088704751020
 H      1.00800      1.766387526060    -0.000000000000    -0.653240173853
 H      1.00800     -0.883203458851     1.529744367053    -0.653146724874
 H      1.00800     -0.883203458850    -1.529744367052    -0.653146724874

$actual_temperature
  0.000000

$frequency_scale_factor
  1.000000

$dipole_derivatives
12
   -3.4463679379E-01    2.4690805046E-12   -1.0453359300E-05
    2.0651049501E-12   -3.4463633219E-01   -2.3980817332E-12
   -8.9948689948E-06    1.7334951893E-11   -6.0314472639E-01
    6.3563279817E-02    1.5309357031E-12    9.0768975812E-02
    4.6868308252E-12    1.6667308316E-01    2.3869795029E-12
    1.6358701688E-01    7.3307114874E-13    2.0130805752E-01
    1.4082112310E-01    4.4377742030E-02   -4.5252771741E-02
    4.4498788618E-02    8.9332927361E-02    7.8558699462E-02
   -8.1788899598E-02    1.4166470928E-01    2.0132155201E-01
    1.4025239088E-01   -4.4377742034E-02   -4.5505750711E-02
   -4.4498788624E-02    8.8630321673E-02   -7.8558699462E-02
   -8.1789122415E-02   -1.4166470930E-01    2.0051511686E-01

#
# The IR spectrum
#  wavenumber eps Int TX TY TZ
#
$ir_spectrum
12
      0.00   0.00000000   0.00000000     0.000000     0.000000     0.000000
      0.00   0.00000000   0.00000000     0.000000     0.000000     0.000000
      0.00   0.00000000   0.00000000     0.000000     0.000000     0.000000
      0.00   0.00000000   0.00000000     0.000000     0.000000     0.000000
      0.00   0.00000000   0.00000000     0.000000     0.000000     0.000000
      0.00   0.00000000   0.00000000     0.000000     0.000000     0.000000
   1128.58   0.03288856 166.20532383     0.000008     0.000028     0.095363
   1676.19   0.00331601  16.75773353     0.009300     0.023040    -0.000025
   1676.57   0.00329124  16.63256449    -0.022966     0.009229     0.000021
   3524.99   0.00005536   0.27976621     0.000006     0.000042     0.002213
   3667.93   0.00006033   0.30487494    -0.002124     0.000787    -0.000001
   3668.01   0.00005765   0.29135053     0.000746     0.002085    -0.000038


$end

