
$orca_hessian_file

$act_atom
  0

$act_coord
  0

$act_energy
      -56.452992

$multiplicity
  1

$hessian
12
                    0                  1                  2                  3                  4        
    0      6.5089764069E-01   4.5087988898E-11  -1.9022550500E-05  -3.7498278252E-01  -1.9174745795E-12
    1      4.5087988898E-11   6.5091306885E-01  -2.1681892393E-12   4.1741498056E-11  -5.8943828861E-02
    2     -1.9022550500E-05  -2.1681892393E-12   2.3199724760E-01   1.2300633456E-01   1.1392943596E-13
    3     -3.7498278252E-01   4.1741498056E-11   1.2300633456E-01   4.1063406158E-01   1.0637984417E-11
    4     -1.9174745795E-12  -5.8943828861E-02   1.1392943596E-13   1.0637984417E-11   5.9445103305E-02
    5      1.8243389169E-01  -6.5777517245E-11  -7.7343988676E-02  -1.4610798901E-01   2.0681792867E-11
    6     -1.3795634333E-01   1.3685634128E-01  -6.1494444630E-02  -1.7824698387E-02   3.4469663565E-02
    7      1.3685223473E-01  -2.9598147825E-01   1.0651309016E-01  -4.0290414091E-03  -2.5259787141E-04
    8     -9.1207430852E-02   1.5797910910E-01  -7.7328034203E-02   1.1550834170E-02  -1.4302453399E-02
    9     -1.3795851484E-01  -1.3685634136E-01  -6.1492867372E-02  -1.7826580676E-02  -3.4469663575E-02
   10     -1.3685223478E-01  -2.9598776174E-01  -1.0651309016E-01   4.0290413580E-03  -2.4867657289E-04
   11     -9.1207438295E-02  -1.5797910903E-01  -7.7325224716E-02   1.1550820274E-02   1.4302453378E-02
                    5                  6                  7                  8                  9        
    0      1.8243389169E-01  -1.3795634333E-01   1.3685223473E-01  -9.1207430852E-02  -1.3795851484E-01
    1     -6.5777517245E-11   1.3685634128E-01  -2.9598147825E-01   1.5797910910E-01  -1.3685634136E-01
    2     -7.7343988676E-02  -6.1494444630E-02   1.0651309016E-01  -7.7328034203E-02  -6.1492867372E-02
    3     -1.4610798901E-01  -1.7824698387E-02  -4.0290414091E-03   1.1550834170E-02  -1.7826580676E-02
    4      2.0681792867E-11   3.4469663565E-02  -2.5259787141E-04  -1.4302453399E-02  -3.4469663575E-02
    5      7.6910402926E-02  -1.8162512376E-02   2.8505317605E-03   2.1725894837E-04  -1.8163390301E-02
    6     -1.8162512376E-02   1.4724459430E-01  -1.5207264284E-01   7.3044989052E-02   8.5364474213E-03
    7      2.8505317605E-03  -1.5207264284E-01   3.2284360871E-01  -1.2651865047E-01   1.9249449515E-02
    8      2.1725894837E-04   7.3044989052E-02  -1.2651865047E-01   7.6895578905E-02   6.6116076222E-03
    9     -1.8163390301E-02   8.5364474213E-03   1.9249449515E-02   6.6116076222E-03   1.4724864809E-01
   10     -2.8505317152E-03  -1.9253361993E-02  -2.6609532586E-02  -1.7158005217E-02   1.5207655542E-01
   11      2.1632680158E-04   6.6119679619E-03   1.7155028542E-02   2.1519634936E-04   7.3044650055E-02
                   10                 11        
     0     -1.3685223478E-01  -9.1207438295E-02
     1     -2.9598776174E-01  -1.5797910903E-01
     2     -1.0651309016E-01  -7.7325224716E-02
     3      4.0290413580E-03   1.1550820274E-02
     4     -2.4867657289E-04   1.4302453378E-02
     5     -2.8505317152E-03   2.1632680158E-04
     6     -1.9253361993E-02   6.6119679619E-03
     7     -2.6609532586E-02   1.7155028542E-02
     8     -1.7158005217E-02   2.1519634936E-04
     9      1.5207655542E-01   7.3044650055E-02
    10      3.2284597090E-01   1.2652162710E-01
    11      1.2652162710E-01   7.6893701565E-02

$vibrational_frequencies
12
    0        0.0000000000000000
    1        0.0000000000000000
    2        0.0000000000000000
    3        0.0000000000000000
    4        0.0000000000000000
    5        0.0000000000000000
    6     1087.9534113415907086
    7     1686.4846920488537307
    8     1686.5134894035654725
    9     3511.4802484126485069
   10     3654.3626202897025905
   11     3654.3874955461860736

$normal_modes
12 12
                    0                  1                  2                  3                  4        
    0      0.0000000000E+00   0.0000000000E+00   0.0000000000E+00   0.0000000000E+00   0.0000000000E+00
    1      0.0000000000E+00   0.0000000000E+00   0.0000000000E+00   0.0000000000E+00   0.0000000000E+00
    2      0.0000000000E+00   0.0000000000E+00   0.0000000000E+00   0.0000000000E+00   0.0000000000E+00
    3      0.0000000000E+00   0.0000000000E+00   0.0000000000E+00   0.0000000000E+00   0.0000000000E+00
    4      0.0000000000E+00   0.0000000000E+00   0.0000000000E+00   0.0000000000E+00   0.0000000000E+00
    5      0.0000000000E+00   0.0000000000E+00   0.0000000000E+00   0.0000000000E+00   0.0000000000E+00
    6      0.0000000000E+00   0.0000000000E+00   0.0000000000E+00   0.0000000000E+00   0.0000000000E+00
    7      0.0000000000E+00   0.0000000000E+00   0.0000000000E+00   0.0000000000E+00   0.0000000000E+00
    8      0.0000000000E+00   0.0000000000E+00   0.0000000000E+00   0.0000000000E+00   0.0000000000E+00
    9      0.0000000000E+00   0.0000000000E+00   0.0000000000E+00   0.0000000000E+00   0.0000000000E+00
   10      0.0000000000E+00   0.0000000000E+00   0.0000000000E+00   0.0000000000E+00   0.0000000000E+00
   11      0.0000000000E+00   0.0000000000E+00   0.0000000000E+00   0.0000000000E+00   0.0000000000E+00
                    5                  6                  7                  8                  9        
    0      0.0000000000E+00  -4.7746281630E-06   3.6059110297E-02  -5.5751077964E-02  -8.1977985891E-06
    1      0.0000000000E+00  -3.7120527240E-07   5.5750652579E-02   3.6058709065E-02   6.0832866650E-06
    2      0.0000000000E+00  -1.1506512636E-01  -2.1915930613E-06   3.3030922643E-06  -3.8692615529E-02
    3      0.0000000000E+00   2.1180881378E-01   7.8191647288E-02  -1.2088920783E-01  -5.4829560846E-01
    4      0.0000000000E+00   1.9356931805E-07  -6.3734798375E-01  -4.1223094572E-01   2.0363373480E-06
    5      0.0000000000E+00   5.3295810138E-01   1.4042951820E-01  -2.1711802382E-01   1.7921273467E-01
    6      0.0000000000E+00  -1.0587255459E-01  -6.1794650484E-01   2.3544601465E-01   2.7423092788E-01
    7      0.0000000000E+00   1.8343050961E-01  -2.8102814975E-01   2.8389670896E-01  -4.7498363500E-01
    8      0.0000000000E+00   5.3298260661E-01   1.1783688119E-01   2.3015527234E-01   1.7924721654E-01
    9      0.0000000000E+00  -1.0586991175E-01   3.8683470711E-02   6.6015088072E-01   2.7417859583E-01
   10      0.0000000000E+00  -1.8342554497E-01   1.4367435703E-01  -3.7273157462E-01   4.7489706633E-01
   11      0.0000000000E+00   5.3298511037E-01  -2.5823594537E-01  -1.3083147747E-02   1.7920618541E-01
                   10                 11        
     0      7.5993542836E-02   2.0265075331E-02
     1     -2.0265369556E-02   7.5994375360E-02
     2     -6.9819275847E-06   9.4217000429E-07
     3     -7.2832693972E-01  -1.9417699328E-01
     4     -6.4744456214E-03   2.4273343591E-02
     5      2.9599404681E-01   7.8919264478E-02
     6     -2.5073290333E-01   2.8215373358E-01
     7      4.6984603230E-01  -4.5321350543E-01
     8     -2.1629240567E-01   2.1682085260E-01
     9     -7.6933762607E-02  -3.6957684959E-01
    10     -1.8176738889E-01  -6.2706501244E-01
    11     -7.9604621438E-02  -2.9575320932E-01

#
# The atoms: label  mass x y z (in bohrs)
#
$atoms
4
 N     14.00700      0.000011144611     0.000000000000     0.087808800762
 H      1.00800      1.761929981051    -0.000000000000    -0.652942177015
 H      1.00800     -0.880970562831     1.525896283166    -0.652847748164
 H      1.00800     -0.880970562831    -1.525896283167    -0.652847748165

$actual_temperature
  0.000000

$frequency_scale_factor
  1.000000

$dipole_derivatives
12
   -3.6788923756E-01    1.8704641296E-11   -8.0718446149E-06
   -2.5859636359E-12   -3.6789183151E-01   -1.1324274851E-12
   -7.3979195665E-06    2.1455263831E-12   -5.5360931725E-01
    8.8888247759E-02   -2.1816916877E-12    9.6224859568E-02
   -4.5842182047E-12    1.5623316317E-01    5.1070259133E-13
    1.3827091230E-01    5.4637831208E-12    1.8453973028E-01
    1.3945596316E-01    2.9147483129E-02   -4.8056864498E-02
    2.9181493640E-02    1.0573509487E-01    8.3320413376E-02
   -6.9131724007E-02    1.1973994546E-01    1.8455314311E-01
    1.3954502664E-01   -2.9147483145E-02   -4.8159923225E-02
   -2.9181493633E-02    1.0592357347E-01   -8.3320413376E-02
   -6.9131790371E-02   -1.1973994547E-01    1.8451644385E-01

#
# The IR spectrum
#  wavenumber eps Int TX TY TZ
#
$ir_spectrum
12
      0.00   0.00000000   0.00000000     0.000000     0.000000     0.000000
      0.00   0.00000000   0.00000000     0.000000     0.000000     0.000000
      0.00   0.00000000   0.00000000     0.000000     0.000000     0.000000
      0.00   0.00000000   0.00000000     0.000000     0.000000     0.000000
      0.00   0.00000000   0.00000000     0.000000     0.000000     0.000000
      0.00   0.00000000   0.00000000     0.000000     0.000000     0.000000
   1087.95   0.02882125 145.65077584    -0.000001    -0.000007     0.090923
   1686.48   0.00303575  15.34143825    -0.012880    -0.019896    -0.000003
   1686.51   0.00304280  15.37707374     0.019925    -0.012884    -0.000007
   3511.48   0.00026611   1.34482005     0.000006     0.000011    -0.004863
   3654.36   0.00063848   3.22661191    -0.007136     0.001899    -0.000002
   3654.39   0.00064158   3.24228638    -0.001907    -0.007152     0.000006


$end

