
$orca_hessian_file

$act_atom
  0

$act_coord
  0

$act_energy
     -188.558524

$multiplicity
  1

$hessian
9
                    0                  1                  2                  3                  4        
    0      1.4383845633E-01   2.1932795300E-07   2.4575229633E-06  -7.1951109613E-02   1.5914973830E-06
    1      2.1932795300E-07   1.4383922483E-01   7.0142035954E-06   1.3678305185E-06  -7.1948032277E-02
    2      2.4575229633E-06   7.0142035954E-06   1.9574650879E+00  -4.8695491501E-07  -3.9918165719E-07
    3     -7.1951109613E-02   1.3678305185E-06  -4.8695491501E-07   3.5442602206E-02  -1.2957520277E-06
    4      1.5914973830E-06  -7.1948032277E-02  -3.9918165719E-07  -1.2957520277E-06   3.5439327660E-02
    5      1.6948195488E-06  -1.3000424947E-05  -9.7860297972E-01   3.7511706981E-06   2.6532935902E-06
    6     -7.1887346719E-02  -1.5871587798E-06  -1.9705686001E-06   3.6508507407E-02  -2.9574548631E-07
    7     -1.8108250277E-06  -7.1891192557E-02  -6.6150231696E-06  -7.2078359859E-08   3.6508704617E-02
    8     -4.1523419603E-06   5.9862225830E-06  -9.7886210819E-01  -3.2642112242E-06  -2.2541194023E-06
                    5                  6                  7                  8        
     0      1.6948195488E-06  -7.1887346719E-02  -1.8108250277E-06  -4.1523419603E-06
     1     -1.3000424947E-05  -1.5871587798E-06  -7.1891192557E-02   5.9862225830E-06
     2     -9.7860297972E-01  -1.9705686001E-06  -6.6150231696E-06  -9.7886210819E-01
     3      3.7511706981E-06   3.6508507407E-02  -7.2078359859E-08  -3.2642112242E-06
     4      2.6532935902E-06  -2.9574548631E-07   3.6508704617E-02  -2.2541194023E-06
     5      1.0600863702E+00  -5.4459948058E-06   1.0347138826E-05  -8.1483390451E-02
     6     -5.4459948058E-06   3.5378839312E-02   1.8829038268E-06   7.4165582952E-06
     7      1.0347138826E-05   1.8829038268E-06   3.5382487940E-02  -3.7321094185E-06
     8     -8.1483390451E-02   7.4165582952E-06  -3.7321094185E-06   1.0603454986E+00

$vibrational_frequencies
9
    0        0.0000000000000000
    1        0.0000000000000000
    2        0.0000000000000000
    3        0.0000000000000000
    4        0.0000000000000000
    5      659.7226900139523877
    6      659.7247189912569638
    7     1373.1997030424968216
    8     2433.7222708136523579

$normal_modes
9 9
                    0                  1                  2                  3                  4        
    0      0.0000000000E+00   0.0000000000E+00   0.0000000000E+00   0.0000000000E+00   0.0000000000E+00
    1      0.0000000000E+00   0.0000000000E+00   0.0000000000E+00   0.0000000000E+00   0.0000000000E+00
    2      0.0000000000E+00   0.0000000000E+00   0.0000000000E+00   0.0000000000E+00   0.0000000000E+00
    3      0.0000000000E+00   0.0000000000E+00   0.0000000000E+00   0.0000000000E+00   0.0000000000E+00
    4      0.0000000000E+00   0.0000000000E+00   0.0000000000E+00   0.0000000000E+00   0.0000000000E+00
    5      0.0000000000E+00   0.0000000000E+00   0.0000000000E+00   0.0000000000E+00   0.0000000000E+00
    6      0.0000000000E+00   0.0000000000E+00   0.0000000000E+00   0.0000000000E+00   0.0000000000E+00
    7      0.0000000000E+00   0.0000000000E+00   0.0000000000E+00   0.0000000000E+00   0.0000000000E+00
    8      0.0000000000E+00   0.0000000000E+00   0.0000000000E+00   0.0000000000E+00   0.0000000000E+00
                    5                  6                  7                  8        
     0     -8.5370162497E-01  -2.2659608313E-01  -6.2707979366E-06  -1.1970001467E-06
     1      2.2659608298E-01  -8.5370162484E-01   2.0365438869E-05  -3.4155296423E-06
     2      2.7967641688E-07   3.6099498443E-06   9.9847026377E-05  -8.8326227299E-01
     3      3.2045158835E-01   8.5056737190E-02   2.3538529679E-06   4.3952736045E-07
     4     -8.5056737131E-02   3.2045158830E-01  -7.6445180008E-06   1.2842167029E-06
     5      7.1728909822E-06  -1.3011096610E-05  -7.0714425576E-01   3.3148330600E-01
     6      3.2045160669E-01   8.5056742059E-02   2.3538508896E-06   4.5910185154E-07
     7     -8.5056742000E-02   3.2045160665E-01  -7.6445179550E-06   1.2799389652E-06
     8     -7.3828536951E-06   1.0300983004E-05   7.0706929716E-01   3.3161208502E-01

#
# The atoms: label  mass x y z (in bohrs)
#
$atoms
3
 C     12.01100      0.000000043164    -0.000000009433    -0.000000041855
 O     15.99900     -0.000000021582     0.000000004717     2.193296213444
 O     15.99900     -0.000000021582     0.000000004717    -2.193296171589

$actual_temperature
  0.000000

$frequency_scale_factor
  1.000000

$dipole_derivatives
9
    5.4623467116E-01   -6.0053613444E-08   -9.9726381397E-08
    2.1208611015E-08    5.4623467401E-01    1.6030674313E-07
    1.0279438526E-09   -4.0891811456E-09    2.3532013272E+00
   -2.7335259742E-01    6.1612339211E-09    2.1989007488E-07
    4.5573632274E-07   -2.7335263772E-01   -2.0517959316E-08
    3.3683519236E-08   -6.8973738021E-09   -1.1786679893E+00
   -2.7288207374E-01    5.3892379523E-08   -1.2016369349E-07
   -4.7694493375E-07   -2.7288203629E-01   -1.3978878382E-07
   -3.4711463089E-08    1.0986554948E-08   -1.1745333380E+00

#
# The IR spectrum
#  wavenumber eps Int TX TY TZ
#
$ir_spectrum
9
      0.00   0.00000000   0.00000000     0.000000     0.000000     0.000000
      0.00   0.00000000   0.00000000     0.000000     0.000000     0.000000
      0.00   0.00000000   0.00000000     0.000000     0.000000     0.000000
      0.00   0.00000000   0.00000000     0.000000     0.000000     0.000000
      0.00   0.00000000   0.00000000     0.000000     0.000000     0.000000
    659.72   0.00659097  33.30805536    -0.053967     0.014324     0.000000
    659.72   0.00659097  33.30805331    -0.014324    -0.053967     0.000001
   1373.20   0.00000013   0.00064236    -0.000000     0.000001     0.000170
   2433.72   0.12232319 618.17127547    -0.000000    -0.000000    -0.125239


$end

