
$orca_hessian_file

$act_atom
  0

$act_coord
  0

$act_energy
        0.000000

$multiplicity
  1

$hessian
18
                    0                  1                  2                  3                  4        
    0      7.9308493910E-01   1.2328332799E-12  -2.8901190303E-15  -1.6536576976E-01  -1.8870292600E-12
    1      1.2328332799E-12   1.1042914775E+00   3.7074861193E-09  -2.1810223665E-12  -7.2965072568E-01
    2     -2.8901190303E-15   3.7074861193E-09   3.1257412248E-01   2.7982177075E-16  -4.2972723403E-09
    3     -1.6536576976E-01  -2.1810223665E-12   2.7982177075E-16   1.4463758377E-01   2.7684807571E-12
    4     -1.8870292600E-12  -7.2965072568E-01  -4.2972723403E-09   2.7684807571E-12   8.8349098245E-01
    5      9.3325306831E-16  -5.1780971522E-09  -1.2685451173E-01   3.0366182542E-16   4.9166077325E-09
    6     -2.6485271440E-01  -9.1034157997E-02   7.9220185533E-10   1.3920813156E-03  -5.4652203973E-02
    7     -6.4200463484E-02  -2.1714684937E-01  -3.5842323828E-11  -6.7745104886E-02  -7.0460922006E-02
    8      1.5005005996E-09   1.1301501455E-09  -9.6718685119E-02  -9.2244633613E-11  -3.4659576971E-10
    9     -2.6485271440E-01   9.1034157998E-02  -7.9220228936E-10   1.3920813162E-03   5.4652203972E-02
   10      6.4200463483E-02  -2.1714684937E-01  -3.5838274238E-11   6.7745104886E-02  -7.0460922007E-02
   11     -1.5004982533E-09   1.1301514323E-09  -9.6718685119E-02   9.2244682378E-11  -3.4659494524E-10
   12     -4.9006870273E-02   2.8313030974E-02   3.5692483730E-10   8.9720116798E-03   5.7335176812E-03
   13     -2.5785719636E-02   2.9826473482E-02   3.3073431295E-10   1.8578195540E-03  -6.4592063787E-03
   14      6.0842469723E-10  -3.9484550572E-10   3.8588797426E-03  -1.1423115003E-10   3.6927394591E-11
   15     -4.9006870274E-02  -2.8313030973E-02  -3.5692179332E-10   8.9720116800E-03  -5.7335176815E-03
   16      2.5785719638E-02   2.9826473482E-02   3.3073230166E-10  -1.8578195542E-03  -6.4592063786E-03
   17     -6.0842508631E-10  -3.9484483477E-10   3.8588797430E-03   1.1423051777E-10   3.6927434634E-11
                    5                  6                  7                  8                  9        
    0      9.3325306831E-16  -2.6485271440E-01  -6.4200463484E-02   1.5005005996E-09  -2.6485271440E-01
    1     -5.1780971522E-09  -9.1034157997E-02  -2.1714684937E-01   1.1301501455E-09   9.1034157998E-02
    2     -1.2685451173E-01   7.9220185533E-10  -3.5842323828E-11  -9.6718685119E-02  -7.9220228936E-10
    3      3.0366182542E-16   1.3920813156E-03  -6.7745104886E-02  -9.2244633613E-11   1.3920813162E-03
    4      4.9166077325E-09  -5.4652203973E-02  -7.0460922006E-02  -3.4659576971E-10   5.4652203972E-02
    5      6.7467164924E-02   1.1637233906E-10   2.2015506561E-10   3.4645405680E-02  -1.1637300982E-10
    6      1.1637233906E-10   6.8617903562E-01  -8.7738325313E-02  -3.9720431889E-09  -9.4540219687E-02
    7      2.2015506561E-10  -8.7738325313E-02   5.2136032479E-01   1.0158772197E-09   2.4339398462E-02
    8      3.4645405680E-02  -3.9720431889E-09   1.0158772197E-09   7.1914190951E-02  -1.8174441455E-10
    9     -1.1637300982E-10  -9.4540219687E-02   2.4339398462E-02  -1.8174441455E-10   6.8617903566E-01
   10      2.2015585482E-10  -2.4339398461E-02   2.6817895815E-02   1.9664708179E-10   8.7738325348E-02
   11      3.4645405680E-02   1.8174526010E-10   1.9664690121E-10   1.6094135671E-02   3.9720162448E-09
   12     -6.2587653808E-11  -3.2577612507E-01   1.8929965368E-01   2.7851518141E-09  -2.4020577803E-03
   13     -8.9410544527E-11   2.5071814128E-01  -2.5747904130E-01  -1.9578823292E-09  -7.0459444666E-03
   14     -4.9517322763E-03   2.7667084827E-09  -1.4546549743E-09  -2.9053883798E-02  -1.1501610332E-10
   15      6.2587087671E-11  -2.4020577803E-03   6.0448415403E-03  -3.9620455124E-11  -3.2577612511E-01
   16     -8.9410462572E-11   7.0459444667E-03  -3.0914079265E-03  -3.8196480332E-11  -2.5071814131E-01
   17     -4.9517322764E-03   1.1501553025E-10   5.7818243991E-11   3.1188366152E-03  -2.7666807063E-09
                   10                 11                 12                 13                 14        
    0      6.4200463483E-02  -1.5004982533E-09  -4.9006870273E-02  -2.5785719636E-02   6.0842469723E-10
    1     -2.1714684937E-01   1.1301514323E-09   2.8313030974E-02   2.9826473482E-02  -3.9484550572E-10
    2     -3.5838274238E-11  -9.6718685119E-02   3.5692483730E-10   3.3073431295E-10   3.8588797426E-03
    3      6.7745104886E-02   9.2244682378E-11   8.9720116798E-03   1.8578195540E-03  -1.1423115003E-10
    4     -7.0460922007E-02  -3.4659494524E-10   5.7335176812E-03  -6.4592063787E-03   3.6927394591E-11
    5      2.2015585482E-10   3.4645405680E-02  -6.2587653808E-11  -8.9410544527E-11  -4.9517322763E-03
    6     -2.4339398461E-02   1.8174526010E-10  -3.2577612507E-01   2.5071814128E-01   2.7667084827E-09
    7      2.6817895815E-02   1.9664690121E-10   1.8929965368E-01  -2.5747904130E-01  -1.4546549743E-09
    8      1.9664708179E-10   1.6094135671E-02   2.7851518141E-09  -1.9578823292E-09  -2.9053883798E-02
    9      8.7738325348E-02   3.9720162448E-09  -2.4020577803E-03  -7.0459444666E-03  -1.1501610332E-10
   10      5.2136032481E-01   1.0158526118E-09  -6.0448415403E-03  -3.0914079264E-03   5.7817745133E-11
   11      1.0158526118E-09   7.1914190942E-02   3.9620830699E-11  -3.8196639741E-11   3.1188366151E-03
   12     -6.0448415403E-03   3.9620830699E-11   3.6961479361E-01  -2.1852282876E-01  -3.1324977958E-09
   13     -3.0914079264E-03  -3.8196639741E-11  -2.1852282876E-01   2.3622814625E-01   1.7709016369E-09
   14      5.7817745133E-11   3.1188366151E-03  -3.1324977958E-09   1.7709016369E-09   2.5180463623E-02
   15     -1.8929965371E-01  -2.7851284860E-09  -1.4017521657E-03  -1.2214679667E-03  -1.3388100430E-11
   16     -2.5747904132E-01  -1.9578594932E-09   1.2214679668E-03   9.7503587787E-04  -1.6146308657E-11
   17     -1.4546348866E-09  -2.9053883788E-02   1.3387937210E-11  -1.6146424206E-11   1.8474360936E-03
                   15                 16                 17        
     0     -4.9006870274E-02   2.5785719638E-02  -6.0842508631E-10
     1     -2.8313030973E-02   2.9826473482E-02  -3.9484483477E-10
     2     -3.5692179332E-10   3.3073230166E-10   3.8588797430E-03
     3      8.9720116800E-03  -1.8578195542E-03   1.1423051777E-10
     4     -5.7335176815E-03  -6.4592063786E-03   3.6927434634E-11
     5      6.2587087671E-11  -8.9410462572E-11  -4.9517322764E-03
     6     -2.4020577803E-03   7.0459444667E-03   1.1501553025E-10
     7      6.0448415403E-03  -3.0914079265E-03   5.7818243991E-11
     8     -3.9620455124E-11  -3.8196480332E-11   3.1188366152E-03
     9     -3.2577612511E-01  -2.5071814131E-01  -2.7666807063E-09
    10     -1.8929965371E-01  -2.5747904132E-01  -1.4546348866E-09
    11     -2.7851284860E-09  -1.9578594932E-09  -2.9053883788E-02
    12     -1.4017521657E-03   1.2214679668E-03   1.3387937210E-11
    13     -1.2214679667E-03   9.7503587787E-04  -1.6146424206E-11
    14     -1.3388100430E-11  -1.6146308657E-11   1.8474360936E-03
    15      3.6961479365E-01   2.1852282880E-01   3.1324717773E-09
    16      2.1852282880E-01   2.3622814626E-01   1.7708804550E-09
    17      3.1324717773E-09   1.7708804550E-09   2.5180463613E-02

$vibrational_frequencies
18
    0        0.0000000000000000
    1        0.0000000000000000
    2        0.0000000000000000
    3        0.0000000000000000
    4        0.0000000000000000
    5        0.0000000000000000
    6      637.4960836894550766
    7      672.7832774741160620
    8      821.7763508740746374
    9      827.4249133435097292
   10      967.8973797260689480
   11     1021.9665431935285369
   12     1345.2815541897184630
   13     1476.0489502612667820
   14     1596.8992839235336305
   15     1903.5305663467347586
   16     3841.8238902161506303
   17     3844.5966416136179760

$normal_modes
18 18
                    0                  1                  2                  3                  4        
    0      0.0000000000E+00   0.0000000000E+00   0.0000000000E+00   0.0000000000E+00   0.0000000000E+00
    1      0.0000000000E+00   0.0000000000E+00   0.0000000000E+00   0.0000000000E+00   0.0000000000E+00
    2      0.0000000000E+00   0.0000000000E+00   0.0000000000E+00   0.0000000000E+00   0.0000000000E+00
    3      0.0000000000E+00   0.0000000000E+00   0.0000000000E+00   0.0000000000E+00   0.0000000000E+00
    4      0.0000000000E+00   0.0000000000E+00   0.0000000000E+00   0.0000000000E+00   0.0000000000E+00
    5      0.0000000000E+00   0.0000000000E+00   0.0000000000E+00   0.0000000000E+00   0.0000000000E+00
    6      0.0000000000E+00   0.0000000000E+00   0.0000000000E+00   0.0000000000E+00   0.0000000000E+00
    7      0.0000000000E+00   0.0000000000E+00   0.0000000000E+00   0.0000000000E+00   0.0000000000E+00
    8      0.0000000000E+00   0.0000000000E+00   0.0000000000E+00   0.0000000000E+00   0.0000000000E+00
    9      0.0000000000E+00   0.0000000000E+00   0.0000000000E+00   0.0000000000E+00   0.0000000000E+00
   10      0.0000000000E+00   0.0000000000E+00   0.0000000000E+00   0.0000000000E+00   0.0000000000E+00
   11      0.0000000000E+00   0.0000000000E+00   0.0000000000E+00   0.0000000000E+00   0.0000000000E+00
   12      0.0000000000E+00   0.0000000000E+00   0.0000000000E+00   0.0000000000E+00   0.0000000000E+00
   13      0.0000000000E+00   0.0000000000E+00   0.0000000000E+00   0.0000000000E+00   0.0000000000E+00
   14      0.0000000000E+00   0.0000000000E+00   0.0000000000E+00   0.0000000000E+00   0.0000000000E+00
   15      0.0000000000E+00   0.0000000000E+00   0.0000000000E+00   0.0000000000E+00   0.0000000000E+00
   16      0.0000000000E+00   0.0000000000E+00   0.0000000000E+00   0.0000000000E+00   0.0000000000E+00
   17      0.0000000000E+00   0.0000000000E+00   0.0000000000E+00   0.0000000000E+00   0.0000000000E+00
                    5                  6                  7                  8                  9        
    0      0.0000000000E+00   1.1346750713E-11   6.1392170477E-02   1.8262126377E-15  -2.3701286094E-10
    1      0.0000000000E+00   8.8645311358E-02  -1.4397644436E-11   4.6164080828E-10   1.4531530506E-15
    2      0.0000000000E+00   5.7435544357E-10   9.8073241277E-16  -1.4299303108E-01  -1.8157258438E-09
    3      0.0000000000E+00  -2.5771861490E-11  -1.6065259155E-01  -3.3611097740E-15   1.8939401664E-10
    4      0.0000000000E+00   1.0221367277E-01  -1.6433012124E-11  -6.8946702808E-10   5.5308063945E-16
    5      0.0000000000E+00  -4.9202166232E-10   2.9459107650E-16   1.8720842969E-02   2.5120091778E-10
    6      0.0000000000E+00   1.2097996617E-01   4.9149755419E-02   1.3981572272E-09  -4.5330509584E-10
    7      0.0000000000E+00  -6.9171751643E-02   1.0400287184E-01   7.1812790890E-11  -4.8901081435E-10
    8      0.0000000000E+00   1.6301842884E-10   1.2878565224E-10   5.8974641009E-03  -6.9368468690E-02
    9      0.0000000000E+00  -1.2097996615E-01   4.9149755459E-02  -1.3981574490E-09  -4.5329753994E-10
   10      0.0000000000E+00  -6.9171751672E-02  -1.0400287182E-01   7.1807313155E-11   4.8901200984E-10
   11      0.0000000000E+00   1.6301819709E-10  -1.2878473843E-10   5.8974623994E-03   6.9368468871E-02
   12      0.0000000000E+00  -1.0340204516E-02   1.2930129114E-01   7.8474288929E-09   7.1023549135E-09
   13      0.0000000000E+00  -2.4103895317E-01   2.0530145219E-01   1.5831471330E-09   1.2100245078E-09
   14      0.0000000000E+00  -2.1022220499E-09   7.1592982854E-10   6.0914305087E-01   6.4787976195E-01
   15      0.0000000000E+00   1.0340204574E-02   1.2930129115E-01  -7.8473937242E-09   7.1023378795E-09
   16      0.0000000000E+00  -2.4103895325E-01  -2.0530145212E-01   1.5831617092E-09  -1.2100692540E-09
   17      0.0000000000E+00  -2.1022268287E-09  -7.1596028220E-10   6.0914306677E-01  -6.4787974720E-01
                   10                 11                 12                 13                 14        
    0     -1.4150476040E-15   1.1550688249E-12  -1.5485883754E-01  -5.7966024840E-11  -1.9833367217E-01
    1     -1.5823418353E-09   6.9252153003E-02  -2.9415411206E-12   4.7214059934E-02  -1.0624926922E-11
    2     -2.1571815332E-01  -9.1619729779E-09  -3.3940114665E-15   1.9842588048E-10   3.1823523291E-15
    3      1.6830656223E-15   9.8638758932E-13   1.3240148810E-02   8.0312322819E-12   2.8603565370E-02
    4     -4.6787245026E-09   1.0827856829E-01   2.0219837308E-11  -9.4924212367E-02   1.3392398893E-11
    5      7.6245714605E-02   2.6413182644E-09   2.5753343615E-16  -6.6551467099E-10  -4.0216243900E-16
    6      4.5978239438E-09  -1.2372988249E-01   6.7670048327E-02   1.1102789018E-03   4.0358983730E-02
    7      2.6497747704E-09  -7.1539461857E-02   7.6023665027E-02   5.8579619001E-02  -2.1431824437E-02
    8      6.3579893452E-02   2.4865334340E-09  -7.9986462196E-10  -8.0261697094E-11  -2.8753827679E-10
    9     -4.5978242531E-09   1.2372988249E-01   6.7670048325E-02  -1.1102788651E-03   4.0358983732E-02
   10      2.6497804008E-09  -7.1539461855E-02  -7.6023665056E-02   5.8579618978E-02   2.1431824423E-02
   11      6.3579893412E-02   2.4865308747E-09   7.9986737071E-10  -8.0264894801E-11   2.8753548927E-10
   12      2.7521161195E-09  -1.7834433294E-01  -2.5709933425E-01  -3.8409821257E-01   3.1325649901E-01
   13      4.4938359977E-09  -1.3613331361E-01  -3.4850271125E-01  -4.5752785751E-01   3.5237770621E-01
   14     -3.2983691040E-01  -5.8778796303E-09   3.4042679782E-09   5.3736169933E-09  -4.8876780547E-09
   15     -2.7521209358E-09   1.7834433295E-01  -2.5709933440E-01   3.8409821255E-01   3.1325649891E-01
   16      4.4938037403E-09  -1.3613331362E-01   3.4850271142E-01  -4.5752785747E-01  -3.5237770608E-01
   17     -3.2983691003E-01  -5.8778547543E-09  -3.4042752929E-09   5.3736342616E-09   4.8876906876E-09
                   15                 16                 17        
     0      1.1984577506E-13   3.0457511114E-03   1.2867612181E-10
     1     -2.2873863722E-01  -6.0154773454E-12   1.4148626198E-04
     2     -1.2224074142E-09  -5.1716663872E-17  -6.2829471646E-12
     3      5.5965258524E-13  -4.5405635051E-04  -1.9186324290E-11
     4      1.2331395155E-01  -6.1721091838E-11   1.4564713771E-03
     5      1.1129522761E-09   9.8341153886E-18   1.1031224173E-11
     6      9.6320565477E-03   3.3536807603E-02  -3.4938376835E-02
     7      3.4153610993E-02  -2.5197862345E-02   2.5106552368E-02
     8     -2.2117385997E-10  -2.9153928059E-10   2.9820886980E-10
     9     -9.6320565472E-03   3.3536804646E-02   3.4938379673E-02
    10      3.4153610991E-02   2.5197860220E-02   2.5106554501E-02
    11     -2.2117449645E-10   2.9153642183E-10   2.9820613158E-10
    12     -1.3694647390E-01  -5.4678298972E-01   5.4581905606E-01
    13     -1.5880765662E-01   4.1129367154E-01  -4.1085916010E-01
    14      1.9560120322E-09   4.8087652204E-09  -4.7829237678E-09
    15      1.3694647388E-01  -5.4678294353E-01  -5.4581910234E-01
    16     -1.5880765660E-01  -4.1129363677E-01  -4.1085919491E-01
    17      1.9560129635E-09  -4.8087193116E-09  -4.7828786398E-09

#
# The atoms: label  mass x y z (in bohrs)
#
$atoms
6
 C     12.00000     -0.000000000001    -0.183464898756     0.000000015844
 O     15.99491     -0.000000000009    -2.463693908654    -0.000000004073
 O     15.99491      2.050563525286     1.291468566961    -0.000000002925
 O     15.99491     -2.050563525278     1.291468566974    -0.000000002925
 H      1.00783      3.484477882499     0.146004300493    -0.000000015588
 H      1.00783     -3.484477882472     0.146004300536    -0.000000015587

$actual_temperature
  0.000000

$frequency_scale_factor
  1.000000

$dipole_derivatives
18
    2.2995243730E+00   -2.3342011802E-12    2.3758460047E-15
    1.1787991933E-11    2.3373141732E+00   -4.6020162905E-09
    2.1451047758E-15   -3.3321695225E-09    7.2185593050E-01
   -8.1513466459E-01   -2.2564808600E-12    1.3658674733E-15
   -6.0994243362E-12   -1.4327602326E+00    3.2075681340E-09
    1.1692019666E-15   -8.0335874265E-09   -5.3198313636E-01
   -1.1814797733E+00   -4.1111135182E-01    9.4916433625E-10
   -3.5588761558E-01   -7.2657024915E-01    7.6351045595E-10
    6.2162997248E-09    5.3886185379E-09   -4.7848855647E-01
   -1.1814797733E+00    4.1111135183E-01   -9.4916275338E-10
    3.5588761557E-01   -7.2657024916E-01    7.6350241048E-10
   -6.2163025527E-09    5.3886158534E-09   -4.7848855647E-01
    4.3928491916E-01   -4.1174640869E-03   -5.0541824881E-10
    9.7840435337E-03    2.7429327885E-01   -6.6285040444E-11
    4.8251543218E-10    2.9425906263E-10    3.8355215940E-01
    4.3928491916E-01    4.1174640836E-03    5.0541292423E-10
   -9.7840435337E-03    2.7429327885E-01   -6.6279667838E-11
   -4.8251591319E-10    2.9426181132E-10    3.8355215940E-01

#
# The IR spectrum
#  wavenumber T**2 TX TY TZ
#
$ir_spectrum
18
      0.00   0.00000000     0.000000     0.000000     0.000000
      0.00   0.00000000     0.000000     0.000000     0.000000
      0.00   0.00000000     0.000000     0.000000     0.000000
      0.00   0.00000000     0.000000     0.000000     0.000000
      0.00   0.00000000     0.000000     0.000000     0.000000
      0.00   0.00000000     0.000000     0.000000     0.000000
    637.50   0.00046745     0.000000    -0.021621    -0.000000
    672.78   0.00356407     0.059700     0.000000    -0.000000
    821.78   0.00889465     0.000000     0.000000     0.094311
    827.42   0.00000000     0.000000    -0.000000     0.000000
    967.90   0.01618632    -0.000000    -0.000000    -0.127225
   1021.97   0.00114148     0.000000     0.033786    -0.000000
   1345.28   0.02962171    -0.172110     0.000000    -0.000000
   1476.05   0.00031233    -0.000000    -0.017673     0.000000
   1596.90   0.00290062    -0.053857     0.000000     0.000000
   1903.53   0.02311103    -0.000000    -0.152023     0.000000
   3841.82   0.00433994    -0.065878     0.000000     0.000000
   3844.60   0.00089740    -0.000000    -0.029957    -0.000000


$end

