*************************************************
******************* ORCA 6.1.0 ******************
*************************************************
$Calculation_Status
   &GeometryIndex 1
   &version [&Type "String"] "6.1.0"
   &progName [&Type "String"] "LeanSCF"
   &Status [&Type "String"] "NORMAL TERMINATION"
$End
$Geometry
   &GeometryIndex 1
   &NAtoms [&Type "Integer"] 6
   &NCorelessECP [&Type "Integer"] 0
   &NGhostAtoms [&Type "Integer"] 0
   &CartesianCoordinates [&Type "Coordinates", &Dim(6,4), &Units "Bohr"] 
              C     -0.000000000001   -0.183465967679    0.000000015844
              O     -0.000000000009   -2.463706465013   -0.000000004073
              O      2.050870629760    1.291247280946   -0.000000002927
              O     -2.050870629751    1.291247280960   -0.000000002927
              H      3.479679052348    0.149622273136   -0.000000015545
              H     -3.479679052347    0.149622273160   -0.000000015545
$End
$SCF_Energy
   &GeometryIndex 1
   &Method [&Type "String"] "SCF"
   &totalEnergy [&Type "ArrayOfDoubles", &Dim (1,1)] "Total energy of each state"
                                                         0

0                                     -2.6344921454484768e+02
   &Mult [&Type "ArrayOfIntegers", &Dim (1,1)] "Multiplicity of each state"
                                                         0

0                                                        1
$End
$SCF_Timings
   &GeometryIndex 1
   &TOTAL [&Type "Double"]       1.0371300000000000e-01
   &PREP [&Type "Double"]       3.0751800000000001e-01
   &FOCK [&Type "Double"]       8.2390999999999992e-02
   &DENS [&Type "Double"]       1.8920000000000603e-03
   &ETOT [&Type "Double"]       1.2209999999999721e-03
   &TRAFO [&Type "Double"]       2.0580000000000043e-03
   &DIIS [&Type "Double"]       2.6300000000000212e-03
   &SOSCF [&Type "Double"]       6.1800000000000188e-03
   &J [&Type "Double"]       8.0650999999999917e-02
   &FOCKSTART [&Type "Double"]       9.8599999999993138e-04
$End
$Single_Point_Data
   &GeometryIndex 1
   &FinalEnergy [&Type "Double"]      -2.6344921454484768e+02  "Final single point energy"
   &Converged [&Type "Boolean"] true
$End
$SCF_Dipole_Moment
   &GeometryIndex 1
   &dipoleMagnitude [&Type "Double", &Units "a.u."]       5.6408148525326440e-02
   &dipoleElecContrib [&Type "ArrayOfDoubles", &Dim (3,1)] "Electronic contribution"
                                                         0

0                                      0.0000000000000000e+00
1                                     -9.2345366842922730e-02
2                                      1.9944822436515862e-08
   &dipoleNucContrib [&Type "ArrayOfDoubles", &Dim (3,1)] "Nuclear contribution"
                                                         0

0                                      0.0000000000000000e+00
1                                      1.4875351536824899e-01
2                                     -1.5448907937480639e-08
   &dipoleTotal [&Type "ArrayOfDoubles", &Dim (3,1)] "Total"
                                                         0

0                                      0.0000000000000000e+00
1                                      5.6408148525326260e-02
2                                      4.4959144990352231e-09
   &doAtomicDipole [&Type "Boolean"] false
   &Method [&Type "String"] "SCF"
   &Level [&Type "String"] "Relaxed density"
   &Mult [&Type "Integer"] 1
   &State [&Type "Integer"] -1
   &Irrep [&Type "Integer"] 0
$End
$THERMOCHEMISTRY_Energies
   &GeometryIndex 1
   &temperature [&Type "Double"]       2.9814999999999998e+02
   &pressure [&Type "Double"]       1.0000000000000000e+00
   &totalMass [&Type "Double"]       6.2000393923260006e+01
   &spinDegeneracy [&Type "Integer"] 1
   &elEnergy [&Type "Double"]      -2.6344921454484768e+02
   &transEnergy [&Type "Double"]       1.4162714244859817e-03
   &rotEnergy [&Type "Double"]       1.4162714244859817e-03
   &vibEnergy [&Type "Double"]       5.2016749589163958e-04
   &numOfFreqs [&Type "Integer"] 18
   &freqScalingFactor [&Type "Double"]       1.0000000000000000e+00
   &FREQ [&Type "ArrayOfDoubles", &Units "cm^-1", &Dim (18,1)] 
                                                         0

0                                      0.0000000000000000e+00
1                                      0.0000000000000000e+00
2                                      0.0000000000000000e+00
3                                      0.0000000000000000e+00
4                                      0.0000000000000000e+00
5                                      0.0000000000000000e+00
6                                      6.3388132838579668e+02
7                                      6.7158041606464747e+02
8                                      7.9857241269176393e+02
9                                      8.0003966078461519e+02
10                                     9.6179993420628807e+02
11                                     1.0216646586179627e+03
12                                     1.3365727729417199e+03
13                                     1.4666684164065528e+03
14                                     1.5940462795538285e+03
15                                     1.9025773655934975e+03
16                                     3.8866481026385427e+03
17                                     3.8894558965319179e+03
   &zpe [&Type "Double"]       4.3202048346730172e-02
   &innerEnergyU [&Type "Double"]      -2.6340265978615605e+02
   &enthalpyH [&Type "Double"]      -2.6340171557711381e+02
   &qEl [&Type "Double"]       0.0000000000000000e+00
   &qRot [&Type "Double"]       1.0521933815454649e-02
   &qVib [&Type "Double"]       6.6290395977159266e-04
   &qTrans [&Type "Double"]       1.8194222673197206e-02
   &entropyS [&Type "Double"]       2.9379060448423446e-02
   &freeEnergyG [&Type "Double"]      -2.6343109463756224e+02
   &isLinear [&Type "Boolean"] false
$End
$Hessian
   &GeometryIndex 1
   &HESSIAN [&Type "ArrayOfDoubles", &Dim (18,18)] "The Hessian"
                                                         0                           1                           2                           3                           4                           5                           6                           7

0                                      7.9361690325976786e-01         1.0523387716787624e-12         0.0000000000000000e+00        -1.6539966288864166e-01        -2.0112210762776105e-12         0.0000000000000000e+00        -2.6487360038781660e-01        -6.3874845947792164e-02
1                                      1.0523387716787624e-12         1.1042065449367826e+00         3.6852648820988914e-09        -2.0295493900231969e-12        -7.2972342181185723e-01        -5.1808629776428279e-09        -9.0936830464623419e-02        -2.1715046596883469e-01
2                                      0.0000000000000000e+00         3.6852648820988914e-09         3.1261765606230196e-01         0.0000000000000000e+00        -4.2906504022180174e-09        -1.2688296358756662e-01         8.0173389998617480e-10        -3.4476565914362730e-11
3                                     -1.6539966288864166e-01        -2.0295493900231969e-12         0.0000000000000000e+00         1.4464538310886346e-01         2.5818561698309761e-12         0.0000000000000000e+00         1.3648076383369206e-03        -6.7749282587055204e-02
4                                     -2.0112210762776105e-12        -7.2972342181185723e-01        -4.2906504022180174e-09         2.5818561698309761e-12         8.8344382891184126e-01         4.9184171750673970e-09        -5.4678332326684037e-02        -7.0403683438299183e-02
5                                      0.0000000000000000e+00        -5.1808629776428279e-09        -1.2688296358756662e-01         0.0000000000000000e+00         4.9184171750673970e-09         6.7506129310702573e-02         1.1617080308097106e-10         2.2151980946972579e-10
6                                     -2.6487360038781660e-01        -9.0936830464623419e-02         8.0173389998617480e-10         1.3648076383369206e-03        -5.4678332326684037e-02         1.1617080308097106e-10         6.9308976158115432e-01        -9.4739327543104129e-02
7                                     -6.3874845947792164e-02        -2.1715046596883469e-01        -3.4476565914362730e-11        -6.7749282587055204e-02        -7.0403683438299183e-02         2.2151980946972579e-10        -9.4739327543104129e-02         5.2538066417092488e-01
8                                      1.5040890717006557e-09         1.1437965814419390e-09        -9.6779730839769137e-02        -9.0701109045981466e-11        -3.5119160455930290e-10         3.4658327050250362e-02        -4.0600509304704776e-09         1.0836999905322573e-09
9                                     -2.6487360038699259e-01         9.0936830465053242e-02        -8.0173470562559634e-10         1.3648076391719610e-03         5.4678332326222642e-02        -1.1617155290347106e-10        -9.4441952475210922e-02         2.4422037539376357e-02
10                                     6.3874845948233949e-02        -2.1715046597007565e-01        -3.4472992430372308e-11         6.7749282586602275e-02        -7.0403683439244205e-02         2.2152068051645001e-10        -2.4422037538541289e-02         2.6828931178128387e-02
11                                    -1.5040868069411043e-09         1.1437975383512871e-09        -9.6779730839657296e-02         9.0701088642225214e-11        -3.5119090844189160e-10         3.4658327050275717e-02         1.7910734362362799e-10         1.9325060927303103e-10
12                                    -4.9235019798149739e-02         2.8339766810364209e-02         3.6085818678796435e-10         9.0123322511619364e-03         5.7848437116455667e-03        -6.2607357596337636e-11        -3.3273276983002925e-01         1.9590165811894372e-01
13                                    -2.6059965995520885e-02         2.9908904406984134e-02         3.3716851868851383e-10         1.8840573730220704e-03        -6.4565201112416135e-03        -9.0297205645521433e-11         2.5769318797510332e-01        -2.6154591941586069e-01
14                                     6.1446636005975094e-10        -3.9599840066246733e-10         3.9123846023476315e-03        -1.1478446719843690e-10         3.7307685048534434e-11        -4.9699099118305293e-03         2.8454195711240092e-09        -1.5246881400636838e-09
15                                    -4.9235019798167308e-02        -2.8339766809821497e-02        -3.6085515430819903e-10         9.0123322511073863e-03        -5.7848437117542645e-03         6.2606834939732647e-11        -2.4062465264343934e-03         6.0397604195993534e-03
16                                     2.6059965996042656e-02         2.9908904407000600e-02         3.3716637048148048e-10        -1.8840573731219931e-03        -6.4565201111990433e-03        -9.0297026674941707e-11         7.0833398978816069e-03        -3.1095265260587292e-03
17                                    -6.1446700852104022e-10        -3.9599743429295489e-10         3.9123846023435133e-03         1.1478382573114140e-10         3.7307600012997498e-11        -4.9699099118314929e-03         1.1761958622453718e-10         6.0694418545789566e-11
                                                         8                           9                          10                          11                          12                          13                          14                          15

0                                      1.5040890717006557e-09        -2.6487360038699259e-01         6.3874845948233949e-02        -1.5040868069411043e-09        -4.9235019798149739e-02        -2.6059965995520885e-02         6.1446636005975094e-10        -4.9235019798167308e-02
1                                      1.1437965814419390e-09         9.0936830465053242e-02        -2.1715046597007565e-01         1.1437975383512871e-09         2.8339766810364209e-02         2.9908904406984134e-02        -3.9599840066246733e-10        -2.8339766809821497e-02
2                                     -9.6779730839769137e-02        -8.0173470562559634e-10        -3.4472992430372308e-11        -9.6779730839657296e-02         3.6085818678796435e-10         3.3716851868851383e-10         3.9123846023476315e-03        -3.6085515430819903e-10
3                                     -9.0701109045981466e-11         1.3648076391719610e-03         6.7749282586602275e-02         9.0701088642225214e-11         9.0123322511619364e-03         1.8840573730220704e-03        -1.1478446719843690e-10         9.0123322511073863e-03
4                                     -3.5119160455930290e-10         5.4678332326222642e-02        -7.0403683439244205e-02        -3.5119090844189160e-10         5.7848437116455667e-03        -6.4565201112416135e-03         3.7307685048534434e-11        -5.7848437117542645e-03
5                                      3.4658327050250362e-02        -1.1617155290347106e-10         2.2152068051645001e-10         3.4658327050275717e-02        -6.2607357596337636e-11        -9.0297205645521433e-11        -4.9699099118305293e-03         6.2606834939732647e-11
6                                     -4.0600509304704776e-09        -9.4441952475210922e-02        -2.4422037538541289e-02         1.7910734362362799e-10        -3.3273276983002925e-01         2.5769318797510332e-01         2.8454195711240092e-09        -2.4062465264343934e-03
7                                      1.0836999905322573e-09         2.4422037539376357e-02         2.6828931178128387e-02         1.9325060927303103e-10         1.9590165811894372e-01        -2.6154591941586069e-01        -1.5246881400636838e-09         6.0397604195993534e-03
8                                      7.0307565825247151e-02        -1.7910632984861003e-10         1.9325072964493838e-10         1.6058918671867421e-02         2.8648272853937443e-09        -2.0313424342500255e-09        -2.7370883969645099e-02        -3.9058261298174018e-11
9                                     -1.7910632984861003e-10         6.9308976158210589e-01         9.4739327541228005e-02         4.0600238310913491e-09        -2.4062465265238045e-03        -7.0833398978894825e-03        -1.1762013606100088e-10        -3.3273276983255046e-01
10                                     1.9325072964493838e-10         9.4739327541228005e-02         5.2538066416962237e-01         1.0836754420882591e-09        -6.0397604196023129e-03        -3.1095265259703485e-03         6.0693963797555158e-11        -1.9590165811788002e-01
11                                     1.6058918671867421e-02         4.0600238310913491e-09         1.0836754420882591e-09         7.0307565825259405e-02         3.9058638773591453e-11        -3.8213611709508083e-11         3.1258032620483690e-03        -2.8648038216086851e-09
12                                     2.8648272853937443e-09        -2.4062465265238045e-03        -6.0397604196023129e-03         3.9058638773591453e-11         3.7677376649505867e-01        -2.2521022383804082e-01        -3.2148089578009200e-09        -1.4120625915177796e-03
13                                    -2.0313424342500255e-09        -7.0833398978894825e-03        -3.1095265259703485e-03        -3.8213611709508083e-11        -2.2521022383804082e-01         2.4022065318654273e-01         1.8398948349034731e-09        -1.2237156166761704e-03
14                                    -2.7370883969645099e-02        -1.1762013606100088e-10         6.0693963797555158e-11         3.1258032620483690e-03        -3.2148089578009200e-09         1.8398948349034731e-09         2.3448043618851302e-02        -1.2672341956028166e-11
15                                    -3.9058261298174018e-11        -3.3273276983255046e-01        -1.9590165811788002e-01        -2.8648038216086851e-09        -1.4120625915177796e-03        -1.2237156166761704e-03        -1.2672341956028166e-11         3.7677376649756256e-01
16                                    -3.8213384652563410e-11        -2.5769318797403140e-01        -2.6154591941246064e-01        -2.0313191914467078e-09         1.2237156166915956e-03         9.8240845954578743e-04        -1.7209954066941075e-11         2.2521022383653508e-01
17                                     3.1258032620492893e-03        -2.8453913802336742e-09        -1.5246677017313001e-09        -2.7370883969793619e-02         1.2672176274583156e-11        -1.7210090943402847e-11         1.8545623982283244e-03         3.2147827723779032e-09
                                                        16                          17

0                                      2.6059965996042656e-02        -6.1446700852104022e-10
1                                      2.9908904407000600e-02        -3.9599743429295489e-10
2                                      3.3716637048148048e-10         3.9123846023435133e-03
3                                     -1.8840573731219931e-03         1.1478382573114140e-10
4                                     -6.4565201111990433e-03         3.7307600012997498e-11
5                                     -9.0297026674941707e-11        -4.9699099118314929e-03
6                                      7.0833398978816069e-03         1.1761958622453718e-10
7                                     -3.1095265260587292e-03         6.0694418545789566e-11
8                                     -3.8213384652563410e-11         3.1258032620492893e-03
9                                     -2.5769318797403140e-01        -2.8453913802336742e-09
10                                    -2.6154591941246064e-01        -1.5246677017313001e-09
11                                    -2.0313191914467078e-09        -2.7370883969793619e-02
12                                     1.2237156166915956e-03         1.2672176274583156e-11
13                                     9.8240845954578743e-04        -1.7210090943402847e-11
14                                    -1.7209954066941075e-11         1.8545623982283244e-03
15                                     2.2521022383653508e-01         3.2147827723779032e-09
16                                     2.4022065318317204e-01         1.8398731973842721e-09
17                                     1.8398731973842721e-09         2.3448043619003985e-02
   &MODES [&Type "ArrayOfDoubles", &Dim (18,18)] "The modes of vibrations"
                                                         0                           1                           2                           3                           4                           5                           6                           7

0                                      0.0000000000000000e+00         0.0000000000000000e+00         0.0000000000000000e+00         0.0000000000000000e+00         0.0000000000000000e+00         0.0000000000000000e+00         0.0000000000000000e+00         6.1648605989995935e-02
1                                      0.0000000000000000e+00         0.0000000000000000e+00         0.0000000000000000e+00         0.0000000000000000e+00         0.0000000000000000e+00         0.0000000000000000e+00         8.8805680301229345e-02         0.0000000000000000e+00
2                                      0.0000000000000000e+00         0.0000000000000000e+00         0.0000000000000000e+00         0.0000000000000000e+00         0.0000000000000000e+00         0.0000000000000000e+00         6.4933290875342311e-10         0.0000000000000000e+00
3                                      0.0000000000000000e+00         0.0000000000000000e+00         0.0000000000000000e+00         0.0000000000000000e+00         0.0000000000000000e+00         0.0000000000000000e+00         1.2091936743939043e-12        -1.6063542647186724e-01
4                                      0.0000000000000000e+00         0.0000000000000000e+00         0.0000000000000000e+00         0.0000000000000000e+00         0.0000000000000000e+00         0.0000000000000000e+00         1.0199778887042482e-01         1.0729456307121067e-12
5                                      0.0000000000000000e+00         0.0000000000000000e+00         0.0000000000000000e+00         0.0000000000000000e+00         0.0000000000000000e+00         0.0000000000000000e+00        -4.9591228172314297e-10         0.0000000000000000e+00
6                                      0.0000000000000000e+00         0.0000000000000000e+00         0.0000000000000000e+00         0.0000000000000000e+00         0.0000000000000000e+00         0.0000000000000000e+00         1.2071859328322566e-01         4.8932705891968409e-02
7                                      0.0000000000000000e+00         0.0000000000000000e+00         0.0000000000000000e+00         0.0000000000000000e+00         0.0000000000000000e+00         0.0000000000000000e+00        -6.8904384585159961e-02         1.0364025242214708e-01
8                                      0.0000000000000000e+00         0.0000000000000000e+00         0.0000000000000000e+00         0.0000000000000000e+00         0.0000000000000000e+00         0.0000000000000000e+00         1.7034103142487986e-10         1.0208665541280271e-10
9                                      0.0000000000000000e+00         0.0000000000000000e+00         0.0000000000000000e+00         0.0000000000000000e+00         0.0000000000000000e+00         0.0000000000000000e+00        -1.2071859328418451e-01         4.8932705889882327e-02
10                                     0.0000000000000000e+00         0.0000000000000000e+00         0.0000000000000000e+00         0.0000000000000000e+00         0.0000000000000000e+00         0.0000000000000000e+00        -6.8904384583318309e-02        -1.0364025242317865e-01
11                                     0.0000000000000000e+00         0.0000000000000000e+00         0.0000000000000000e+00         0.0000000000000000e+00         0.0000000000000000e+00         0.0000000000000000e+00         1.7034204916791489e-10        -1.0208560870507127e-10
12                                     0.0000000000000000e+00         0.0000000000000000e+00         0.0000000000000000e+00         0.0000000000000000e+00         0.0000000000000000e+00         0.0000000000000000e+00        -1.3553271241752110e-02         1.3108314702942719e-01
13                                     0.0000000000000000e+00         0.0000000000000000e+00         0.0000000000000000e+00         0.0000000000000000e+00         0.0000000000000000e+00         0.0000000000000000e+00        -2.4452388834553673e-01         2.0754156323961284e-01
14                                     0.0000000000000000e+00         0.0000000000000000e+00         0.0000000000000000e+00         0.0000000000000000e+00         0.0000000000000000e+00         0.0000000000000000e+00        -2.6339394758246622e-09         9.6921597496430038e-10
15                                     0.0000000000000000e+00         0.0000000000000000e+00         0.0000000000000000e+00         0.0000000000000000e+00         0.0000000000000000e+00         0.0000000000000000e+00         1.3553271238386878e-02         1.3108314702785578e-01
16                                     0.0000000000000000e+00         0.0000000000000000e+00         0.0000000000000000e+00         0.0000000000000000e+00         0.0000000000000000e+00         0.0000000000000000e+00        -2.4452388834307462e-01        -2.0754156324280534e-01
17                                     0.0000000000000000e+00         0.0000000000000000e+00         0.0000000000000000e+00         0.0000000000000000e+00         0.0000000000000000e+00         0.0000000000000000e+00        -2.6339562813968817e-09        -9.6925484321220742e-10
                                                         8                           9                          10                          11                          12                          13                          14                          15

0                                      2.6817365337237058e-10         0.0000000000000000e+00         0.0000000000000000e+00         0.0000000000000000e+00        -1.5011747853471941e-01         1.3610985573392394e-12        -2.0186926310394754e-01         0.0000000000000000e+00
1                                      0.0000000000000000e+00        -5.6737976046203985e-10        -1.4495253043753142e-09        -6.9099069783176301e-02         0.0000000000000000e+00         4.4908694082116257e-02         0.0000000000000000e+00        -2.2918653469341063e-01
2                                      9.9249522380182603e-11         1.2636931831441936e-01        -2.2585858191332764e-01         8.9769190723650494e-09         0.0000000000000000e+00         1.6981930123818665e-10         0.0000000000000000e+00        -1.2219378960902615e-09
3                                     -2.5807104415221191e-10         0.0000000000000000e+00         0.0000000000000000e+00         0.0000000000000000e+00         1.1842822303661552e-02         0.0000000000000000e+00         2.9255252725300440e-02         0.0000000000000000e+00
4                                      0.0000000000000000e+00         3.8938915926594159e-10        -4.5389367702222638e-09        -1.0785696637553624e-01         0.0000000000000000e+00        -9.5003419121861610e-02         0.0000000000000000e+00         1.2380056639620965e-01
5                                     -1.0048968356189656e-11        -1.3012307386247436e-02         7.7395826429635883e-02        -2.5383665424752123e-09         0.0000000000000000e+00        -6.4388864822983299e-10         0.0000000000000000e+00         1.1185921079584894e-09
6                                      4.6857932442215555e-10        -1.3078569545335757e-09         4.4941138959728210e-09         1.2400587417966744e-01         6.7005164556647581e-02         6.8361270554286382e-04         4.1717914659746592e-02         9.5043303349178470e-03
7                                      5.1815646962328281e-10         9.0796224168239428e-11         2.5291100692894174e-09         7.1237124373953367e-02         7.6883897050730551e-02         5.9411412131721249e-02        -1.9877239108264673e-02         3.3852579738314424e-02
8                                      6.9278832462548567e-02        -1.0626517054627828e-03         6.3864959646260253e-02        -2.3901096874188774e-09        -7.8147880936707836e-10        -7.5910028761853535e-11        -3.1257829895417844e-10        -2.2105402481017959e-10
9                                      4.6856830258027840e-10         1.3078565859775805e-09        -4.4941145598667176e-09        -1.2400587417915193e-01         6.7005164556271896e-02        -6.8361270590908520e-04         4.1717914659920294e-02        -9.5043303347094894e-03
10                                    -5.1815858797532720e-10         9.0803302448448401e-11         2.5291160927317733e-09         7.1237124374862751e-02        -7.6883897050635017e-02         5.9411412132256175e-02         1.9877239108213006e-02         3.3852579738451925e-02
11                                    -6.9278832463816054e-02        -1.0626515958398379e-03         6.3864959646698929e-02        -2.3901064448172761e-09         7.8148185982385095e-10        -7.5913552226622900e-11         3.1257539311683615e-10        -2.2105472672815647e-10
12                                    -6.9852745758688312e-09        -7.8057262865935622e-09         3.1376717085373693e-09         1.7918746990082707e-01        -2.6368612829606769e-01        -3.8494665812415929e-01         3.0756674111197096e-01        -1.3441654878935363e-01
13                                    -1.0217913906879238e-09        -1.1531480158461446e-09         4.5088912415416184e-09         1.3667469682903585e-01        -3.5530853854263483e-01        -4.5637568580916976e-01         3.4384355228757113e-01        -1.5522501831893432e-01
14                                    -6.4803195582706752e-01        -6.3220647805696062e-01        -2.8311749951667869e-01         4.6323059417381784e-09         3.4139647240439648e-09         5.3032504314786725e-09        -4.7511272843994339e-09         1.9065608140828127e-09
15                                    -6.9852612993746952e-09         7.8056905641418986e-09        -3.1376719517988542e-09        -1.7918746989997567e-01        -2.6368612829010912e-01         3.8494665812169149e-01         3.0756674111165783e-01         1.3441654878872702e-01
16                                     1.0218346703750349e-09        -1.1531633418614165e-09         4.5088588181894888e-09         1.3667469683044789e-01         3.5530853854049860e-01        -4.5637568581310761e-01        -3.4384355229217639e-01        -1.5522501832040436e-01
17                                     6.4803195482492160e-01        -6.3220647908231975e-01        -2.8311749952085569e-01         4.6322747240409205e-09        -3.4139741373661955e-09         5.3032710241842530e-09         4.7511415533762554e-09         1.9065621618141963e-09
                                                        16                          17

0                                      2.9591972811097351e-03        -1.9289423677427339e-12
1                                      0.0000000000000000e+00         1.2150906635216799e-04
2                                      0.0000000000000000e+00        -6.5187469969794266e-12
3                                     -4.4336806223521527e-04         0.0000000000000000e+00
4                                      0.0000000000000000e+00         1.4273354903666204e-03
5                                      0.0000000000000000e+00         1.1372567341648011e-11
6                                      3.3542869809957722e-02        -3.4909888658551526e-02
7                                     -2.5238789209722706e-02         2.5154534591123465e-02
8                                     -2.9290401265204343e-10         2.9875038519382319e-10
9                                      3.3542869855747975e-02         3.4909888614892484e-02
10                                     2.5238789242358822e-02         2.5154534557902283e-02
11                                     2.9290117465956643e-10         2.9874773645498456e-10
12                                    -5.4644872635286967e-01         5.4550369697278378e-01
13                                     4.1169384854062052e-01        -4.1127053693043480e-01
14                                     4.8175227632974641e-09        -4.7928233111417517e-09
15                                    -5.4644872706850556e-01        -5.4550369626158146e-01
16                                    -4.1169384907425888e-01        -4.1127053638872813e-01
17                                    -4.8174777462067800e-09        -4.7927788035784471e-09
$End
