
$orca_hessian_file

$act_atom
  0

$act_coord
  0

$act_energy
        0.000000

$multiplicity
  1

$hessian
18
                    0                  1                  2                  3                  4        
    0      7.8726328002E-01   9.6299357377E-13  -2.2392487805E-15  -1.6544896064E-01  -2.0143930631E-12
    1      9.6299357377E-13   1.0993116771E+00   3.6978226826E-09  -2.0376492669E-12  -7.2762262073E-01
    2     -2.2392487805E-15   3.6978226826E-09   3.1307614470E-01   3.2248593818E-16  -4.2902231890E-09
    3     -1.6544896064E-01  -2.0376492669E-12   3.2248593818E-16   1.4466841217E-01   2.5773003523E-12
    4     -2.0143930631E-12  -7.2762262073E-01  -4.2902231890E-09   2.5773003523E-12   8.8058403519E-01
    5      9.6794370297E-16  -5.1923983671E-09  -1.2696538813E-01   5.2743651122E-16   4.9348194952E-09
    6     -2.6190770784E-01  -8.8807145050E-02   7.7996587878E-10   1.4006535532E-03  -5.4461442071E-02
    7     -6.1755359717E-02  -2.1568055143E-01  -4.6942631739E-11  -6.7437068902E-02  -7.0063606197E-02
    8      1.4674712952E-09   1.1331218178E-09  -9.6894869093E-02  -9.2854136023E-11  -3.5870500931E-10
    9     -2.6190770784E-01   8.8807145050E-02  -7.7996698647E-10   1.4006535541E-03   5.4461442070E-02
   10      6.1755359718E-02  -2.1568055143E-01  -4.6939108758E-11   6.7437068901E-02  -7.0063606198E-02
   11     -1.4674693925E-09   1.1331228249E-09  -9.6894869092E-02   9.2853932309E-11  -3.5870438783E-10
   12     -4.8999451847E-02   2.8227473628E-02   3.5413284398E-10   8.9896206840E-03   5.7610564136E-03
   13     -2.6088072303E-02   2.9836023263E-02   3.4314206591E-10   1.9090861424E-03  -6.4171010342E-03
   14      6.1707549767E-10  -3.8583488722E-10   3.8394908077E-03  -1.1285843748E-10   3.6406370360E-11
   15     -4.8999451847E-02  -2.8227473628E-02  -3.5412981957E-10   8.9896206840E-03  -5.7610564137E-03
   16      2.6088072303E-02   2.9836023263E-02   3.4313997833E-10  -1.9090861425E-03  -6.4171010341E-03
   17     -6.1707612905E-10  -3.8583386833E-10   3.8394908077E-03   1.1285779127E-10   3.6406234061E-11
                    5                  6                  7                  8                  9        
    0      9.6794370297E-16  -2.6190770784E-01  -6.1755359717E-02   1.4674712952E-09  -2.6190770784E-01
    1     -5.1923983671E-09  -8.8807145050E-02  -2.1568055143E-01   1.1331218178E-09   8.8807145050E-02
    2     -1.2696538813E-01   7.7996587878E-10  -4.6942631739E-11  -9.6894869093E-02  -7.7996698647E-10
    3      5.2743651122E-16   1.4006535532E-03  -6.7437068902E-02  -9.2854136023E-11   1.4006535541E-03
    4      4.9348194952E-09  -5.4461442071E-02  -7.0063606197E-02  -3.5870500931E-10   5.4461442070E-02
    5      6.7853414521E-02   1.1246076498E-10   2.2042795547E-10   3.4494781096E-02  -1.1246173927E-10
    6      1.1246076498E-10   6.8978214015E-01  -9.7131040874E-02  -4.0200465244E-09  -9.3799491403E-02
    7      2.2042795547E-10  -9.7131040874E-02   5.2338025651E-01   1.0787930549E-09   2.4329539334E-02
    8      3.4494781096E-02  -4.0200465244E-09   1.0787930549E-09   7.0599148399E-02  -1.8027230036E-10
    9     -1.1246173927E-10  -9.3799491403E-02   2.4329539334E-02  -1.8027230036E-10   6.8978214015E-01
   10      2.2042906576E-10  -2.4329539334E-02   2.6693151668E-02   1.9840361937E-10   9.7131040872E-02
   11      3.4494781096E-02   1.8027321760E-10   1.9840365642E-10   1.5944384646E-02   4.0200195634E-09
   12     -6.1247452459E-11  -3.3308207644E-01   1.9597115839E-01   2.8648874882E-09  -2.3935180211E-03
   13     -9.1638899456E-11   2.5764602410E-01  -2.6122147002E-01  -2.0085779217E-09  -7.0831432292E-03
   14     -4.9387942931E-03   2.8321428554E-09  -1.5066291963E-09  -2.7250913479E-02  -1.1520468619E-10
   15      6.1246931367E-11  -2.3935180210E-03   6.0227717678E-03  -3.9186113066E-11  -3.3308207644E-01
   16     -9.1638763344E-11   7.0831432292E-03  -3.1077805310E-03  -4.3035691245E-11  -2.5764602410E-01
   17     -4.9387942931E-03   1.1520409791E-10   5.5947291491E-11   3.1074684300E-03  -2.8321141414E-09
                   10                 11                 12                 13                 14        
    0      6.1755359718E-02  -1.4674693925E-09  -4.8999451847E-02  -2.6088072303E-02   6.1707549767E-10
    1     -2.1568055143E-01   1.1331228249E-09   2.8227473628E-02   2.9836023263E-02  -3.8583488722E-10
    2     -4.6939108758E-11  -9.6894869092E-02   3.5413284398E-10   3.4314206591E-10   3.8394908077E-03
    3      6.7437068901E-02   9.2853932309E-11   8.9896206840E-03   1.9090861424E-03  -1.1285843748E-10
    4     -7.0063606198E-02  -3.5870438783E-10   5.7610564136E-03  -6.4171010342E-03   3.6406370360E-11
    5      2.2042906576E-10   3.4494781096E-02  -6.1247452459E-11  -9.1638899456E-11  -4.9387942931E-03
    6     -2.4329539334E-02   1.8027321760E-10  -3.3308207644E-01   2.5764602410E-01   2.8321428554E-09
    7      2.6693151668E-02   1.9840365642E-10   1.9597115839E-01  -2.6122147002E-01  -1.5066291963E-09
    8      1.9840361937E-10   1.5944384646E-02   2.8648874882E-09  -2.0085779217E-09  -2.7250913479E-02
    9      9.7131040872E-02   4.0200195634E-09  -2.3935180211E-03  -7.0831432292E-03  -1.1520468619E-10
   10      5.2338025650E-01   1.0787684991E-09  -6.0227717678E-03  -3.1077805309E-03   5.5946946199E-11
   11      1.0787684991E-09   7.0599148399E-02   3.9186437456E-11  -4.3035876129E-11   3.1074684300E-03
   12     -6.0227717678E-03   3.9186437456E-11   3.7689232383E-01  -2.2516040569E-01  -3.2090571950E-09
   13     -3.1077805309E-03  -4.3035876129E-11  -2.2516040569E-01   2.3992601607E-01   1.8157773204E-09
   14      5.5946946199E-11   3.1074684300E-03  -3.2090571950E-09   1.8157773204E-09   2.3394712076E-02
   15     -1.9597115839E-01  -2.8648634679E-09  -1.4068982130E-03  -1.2234890221E-03  -1.2098004292E-11
   16     -2.6122147002E-01  -2.0085548467E-09   1.2234890221E-03   9.8431225639E-04  -1.5666565102E-11
   17     -1.5066088914E-09  -2.7250913479E-02   1.2097847567E-11  -1.5666677286E-11   1.8480364580E-03
                   15                 16                 17        
     0     -4.8999451847E-02   2.6088072303E-02  -6.1707612905E-10
     1     -2.8227473628E-02   2.9836023263E-02  -3.8583386833E-10
     2     -3.5412981957E-10   3.4313997833E-10   3.8394908077E-03
     3      8.9896206840E-03  -1.9090861425E-03   1.1285779127E-10
     4     -5.7610564137E-03  -6.4171010341E-03   3.6406234061E-11
     5      6.1246931367E-11  -9.1638763344E-11  -4.9387942931E-03
     6     -2.3935180210E-03   7.0831432292E-03   1.1520409791E-10
     7      6.0227717678E-03  -3.1077805310E-03   5.5947291491E-11
     8     -3.9186113066E-11  -4.3035691245E-11   3.1074684300E-03
     9     -3.3308207644E-01  -2.5764602410E-01  -2.8321141414E-09
    10     -1.9597115839E-01  -2.6122147002E-01  -1.5066088914E-09
    11     -2.8648634679E-09  -2.0085548467E-09  -2.7250913479E-02
    12     -1.4068982130E-03   1.2234890221E-03   1.2097847567E-11
    13     -1.2234890221E-03   9.8431225639E-04  -1.5666677286E-11
    14     -1.2098004292E-11  -1.5666565102E-11   1.8480364580E-03
    15      3.7689232384E-01   2.2516040569E-01   3.2090305036E-09
    16      2.2516040569E-01   2.3992601606E-01   1.8157558998E-09
    17      3.2090305036E-09   1.8157558998E-09   2.3394712076E-02

$vibrational_frequencies
18
    0        0.0000000000000000
    1        0.0000000000000000
    2        0.0000000000000000
    3        0.0000000000000000
    4        0.0000000000000000
    5        0.0000000000000000
    6      633.1756927026353878
    7      670.6131768819642502
    8      797.5772281007118636
    9      799.7974268688831216
   10      961.7316926042107070
   11     1016.6953705946509672
   12     1331.8322740431112834
   13     1465.4055309242098701
   14     1590.4861577768865573
   15     1898.9378847192026569
   16     3886.4407218962519437
   17     3889.2375161114700859

$normal_modes
18 18
                    0                  1                  2                  3                  4        
    0      0.0000000000E+00   0.0000000000E+00   0.0000000000E+00   0.0000000000E+00   0.0000000000E+00
    1      0.0000000000E+00   0.0000000000E+00   0.0000000000E+00   0.0000000000E+00   0.0000000000E+00
    2      0.0000000000E+00   0.0000000000E+00   0.0000000000E+00   0.0000000000E+00   0.0000000000E+00
    3      0.0000000000E+00   0.0000000000E+00   0.0000000000E+00   0.0000000000E+00   0.0000000000E+00
    4      0.0000000000E+00   0.0000000000E+00   0.0000000000E+00   0.0000000000E+00   0.0000000000E+00
    5      0.0000000000E+00   0.0000000000E+00   0.0000000000E+00   0.0000000000E+00   0.0000000000E+00
    6      0.0000000000E+00   0.0000000000E+00   0.0000000000E+00   0.0000000000E+00   0.0000000000E+00
    7      0.0000000000E+00   0.0000000000E+00   0.0000000000E+00   0.0000000000E+00   0.0000000000E+00
    8      0.0000000000E+00   0.0000000000E+00   0.0000000000E+00   0.0000000000E+00   0.0000000000E+00
    9      0.0000000000E+00   0.0000000000E+00   0.0000000000E+00   0.0000000000E+00   0.0000000000E+00
   10      0.0000000000E+00   0.0000000000E+00   0.0000000000E+00   0.0000000000E+00   0.0000000000E+00
   11      0.0000000000E+00   0.0000000000E+00   0.0000000000E+00   0.0000000000E+00   0.0000000000E+00
   12      0.0000000000E+00   0.0000000000E+00   0.0000000000E+00   0.0000000000E+00   0.0000000000E+00
   13      0.0000000000E+00   0.0000000000E+00   0.0000000000E+00   0.0000000000E+00   0.0000000000E+00
   14      0.0000000000E+00   0.0000000000E+00   0.0000000000E+00   0.0000000000E+00   0.0000000000E+00
   15      0.0000000000E+00   0.0000000000E+00   0.0000000000E+00   0.0000000000E+00   0.0000000000E+00
   16      0.0000000000E+00   0.0000000000E+00   0.0000000000E+00   0.0000000000E+00   0.0000000000E+00
   17      0.0000000000E+00   0.0000000000E+00   0.0000000000E+00   0.0000000000E+00   0.0000000000E+00
                    5                  6                  7                  8                  9        
    0      0.0000000000E+00   6.2176321886E-14   6.1059103753E-02  -2.9879205767E-10   2.3571945282E-15
    1      0.0000000000E+00  -8.8584684666E-02   2.6952623036E-13   1.7687777271E-15   5.7281792014E-10
    2      0.0000000000E+00  -6.9498155408E-10   5.8110959097E-16  -6.1945547144E-11  -1.2501926369E-01
    3      0.0000000000E+00  -1.3036632634E-12  -1.6058784720E-01   3.4261167232E-10  -3.7583940323E-15
    4      0.0000000000E+00  -1.0190116899E-01   1.1282371283E-12   8.5827926633E-16  -3.5753539693E-10
    5      0.0000000000E+00   4.9953059660E-10   5.9574200551E-16   6.0981149556E-12   1.2624370157E-02
    6      0.0000000000E+00  -1.2092894855E-01   4.9149521732E-02  -5.0104105513E-10   1.3973989001E-09
    7      0.0000000000E+00   6.8793867907E-02   1.0377789386E-01  -5.9361853502E-10  -1.1170782849E-10
    8      0.0000000000E+00  -1.7348760372E-10   6.6763502695E-11  -6.9269813141E-02   6.4514272379E-04
    9      0.0000000000E+00   1.2092894855E-01   4.9149521729E-02  -5.0103409114E-10  -1.3973992867E-09
   10      0.0000000000E+00   6.8793867906E-02  -1.0377789386E-01   5.9361908108E-10  -1.1171362913E-10
   11      0.0000000000E+00  -1.7348703441E-10  -6.6762392344E-11   6.9269813141E-02   6.4514265443E-04
   12      0.0000000000E+00   1.2988282487E-02   1.3077411458E-01   7.0119242036E-09   7.9331256526E-09
   13      0.0000000000E+00   2.4419547581E-01   2.0716117043E-01   1.0781355929E-09   1.1998738130E-09
   14      0.0000000000E+00   2.9269253767E-09   1.3067030540E-09   6.4804725741E-01   6.3387363653E-01
   15      0.0000000000E+00  -1.2988282484E-02   1.3077411458E-01   7.0119054858E-09  -7.9330879570E-09
   16      0.0000000000E+00   2.4419547580E-01  -2.0716117044E-01  -1.0781789601E-09   1.1998879978E-09
   17      0.0000000000E+00   2.9269272628E-09  -1.3067368972E-09  -6.4804725677E-01   6.3387363718E-01
                   10                 11                 12                 13                 14        
    0      1.2039191723E-15   4.1147726695E-13  -1.5256632683E-01   1.2618320779E-12   2.0020310964E-01
    1      1.5986561509E-09   6.9669754695E-02   6.3720032820E-13   4.5140963256E-02  -8.7427863360E-13
    2      2.2660311750E-01  -9.5005637387E-09  -3.7379249703E-15   1.7300812449E-10  -2.8978153818E-15
    3     -1.7970095064E-15   2.9618646756E-13   1.2552481272E-02  -4.8167895191E-13  -2.9339663571E-02
    4      4.7818085603E-09   1.0787432138E-01  -3.6486896478E-13  -9.4917141775E-02   2.8818030395E-13
    5     -7.7506199975E-02   2.7007203813E-09   2.6392897201E-16  -6.5144173499E-10   3.8324370057E-16
    6     -4.7427593631E-09  -1.2381914267E-01   6.7350736447E-02   6.0874331764E-04  -4.0878195043E-02
    7     -2.6921222049E-09  -7.1477621308E-02   7.6421314023E-02   5.9301911213E-02   2.0855573001E-02
    8     -6.3852116453E-02   2.5216176356E-09  -8.0639622471E-10  -8.3528778557E-11   2.9593315323E-10
    9      4.7427600685E-09   1.2381914267E-01   6.7350736446E-02  -6.0874331794E-04  -4.0878195043E-02
   10     -2.6921278432E-09  -7.1477621309E-02  -7.6421314023E-02   5.9301911214E-02  -2.0855573001E-02
   11     -6.3852116453E-02   2.5216151148E-09   8.0639902397E-10  -8.3531694537E-11  -2.9593063184E-10
   12     -3.4893309687E-09  -1.7853177023E-01  -2.6022299778E-01  -3.8483288398E-01  -3.1030456817E-01
   13     -4.7368851281E-09  -1.3639307798E-01  -3.5198996640E-01  -4.5670526345E-01  -3.4778455149E-01
   14      2.7935699398E-01  -4.8902977676E-09   3.4992195022E-09   5.4651154620E-09   4.9123740270E-09
   15      3.4893339480E-09   1.7853177023E-01  -2.6022299778E-01   3.8483288398E-01  -3.1030456817E-01
   16     -4.7368561516E-09  -1.3639307798E-01   3.5198996639E-01  -4.5670526345E-01   3.4778455149E-01
   17      2.7935699399E-01  -4.8902732568E-09  -3.4992237133E-09   5.4651303890E-09  -4.9123854987E-09
                   15                 16                 17        
     0     -7.6859688332E-13   2.9284834172E-03   1.8376836928E-12
     1     -2.2905362917E-01   5.7289219468E-14  -1.0429329826E-04
     2     -1.2326135563E-09   6.2117728734E-18   7.9982228443E-12
     3      4.3701366628E-13  -4.4106171119E-04  -2.8038462377E-13
     4      1.2393118329E-01   8.9623024456E-13  -1.4219188442E-03
     5      1.1299613336E-09  -1.7111583639E-17  -1.2530567103E-11
     6      9.2111194233E-03   3.3564854211E-02   3.4924626904E-02
     7      3.3767578686E-02  -2.5230459196E-02  -2.5147427456E-02
     8     -2.2359124969E-10  -2.9199693247E-10  -2.9726021407E-10
     9     -9.2111194231E-03   3.3564854255E-02  -3.4924626862E-02
    10      3.3767578687E-02   2.5230459227E-02  -2.5147427424E-02
    11     -2.2359176130E-10   2.9199408162E-10  -2.9725749680E-10
    12     -1.3491880946E-01  -5.4663308413E-01  -5.4568868406E-01
    13     -1.5570372404E-01   4.1143001511E-01   4.1101226588E-01
    14      1.9201657119E-09   4.7897347423E-09   4.7695541450E-09
    15      1.3491880946E-01  -5.4663308482E-01   5.4568868338E-01
    16     -1.5570372404E-01  -4.1143001562E-01   4.1101226536E-01
    17      1.9201652477E-09  -4.7896892815E-09   4.7695091088E-09

#
# The atoms: label  mass x y z (in bohrs)
#
$atoms
6
 C     12.00000     -0.000000000001    -0.184652009823     0.000000015998
 O     15.99491     -0.000000000009    -2.465557762114    -0.000000004118
 O     15.99491      2.052999112723     1.292470021454    -0.000000002967
 O     15.99491     -2.052999112714     1.292470021468    -0.000000002967
 H      1.00783      3.482754692752     0.151968208485    -0.000000015467
 H      1.00783     -3.482754692751     0.151968208509    -0.000000015467

$actual_temperature
  0.000000

$frequency_scale_factor
  1.000000

$dipole_derivatives
18
    2.2971376258E+00    1.3709926286E-13    4.7571514636E-15
   -7.3874226501E-14    2.3375194586E+00   -4.5930254652E-09
    1.3218140689E-15   -3.1967940180E-09    7.2220019576E-01
   -8.1480079013E-01   -2.3369070585E-12    1.3534327793E-16
   -2.0253522545E-12   -1.4324497694E+00    3.2536517875E-09
    2.2710841888E-16   -8.0916187158E-09   -5.3101616469E-01
   -1.1801923685E+00   -4.1120916193E-01    9.1716390005E-10
   -3.5315167365E-01   -7.2581542648E-01    7.3317906001E-10
    6.3122332525E-09    5.2967074073E-09   -4.7909677608E-01
   -1.1801923684E+00    4.1120916194E-01   -9.1716275575E-10
    3.5315167365E-01   -7.2581542648E-01    7.3317017728E-10
   -6.3122347484E-09    5.2967043761E-09   -4.7909677608E-01
    4.3902395059E-01   -3.5125688988E-03   -4.6819885282E-10
    9.1158304558E-03    2.7328058188E-01   -6.3490326870E-11
    3.3728857364E-10    3.4749786759E-10    3.8350476055E-01
    4.3902395059E-01    3.5125688977E-03    4.6819281602E-10
   -9.1158304570E-03    2.7328058188E-01   -6.3485231194E-11
   -3.3728862598E-10    3.4750144006E-10    3.8350476055E-01

#
# The IR spectrum
#  wavenumber T**2 TX TY TZ
#
$ir_spectrum
18
      0.00   0.00000000     0.000000     0.000000     0.000000
      0.00   0.00000000     0.000000     0.000000     0.000000
      0.00   0.00000000     0.000000     0.000000     0.000000
      0.00   0.00000000     0.000000     0.000000     0.000000
      0.00   0.00000000     0.000000     0.000000     0.000000
      0.00   0.00000000     0.000000     0.000000     0.000000
    633.18   0.00049106     0.000000     0.022160     0.000000
    670.61   0.00360513     0.060043    -0.000000    -0.000000
    797.58   0.00000000     0.000000    -0.000000     0.000000
    799.80   0.01136493     0.000000     0.000000     0.106606
    961.73   0.01443766     0.000000     0.000000     0.120157
   1016.70   0.00117096     0.000000     0.034219    -0.000000
   1331.83   0.02955003    -0.171901     0.000000    -0.000000
   1465.41   0.00034783     0.000000    -0.018650     0.000000
   1590.49   0.00311234     0.055788    -0.000000    -0.000000
   1898.94   0.02310381    -0.000000    -0.151999     0.000000
   3886.44   0.00429847    -0.065563    -0.000000     0.000000
   3889.24   0.00087715    -0.000000     0.029617     0.000000


$end

