
$orca_hessian_file

$act_atom
  0

$act_coord
  0

$act_energy
        0.000000

$multiplicity
  1

$hessian
18
                    0                  1                  2                  3                  4        
    0      7.9414873037E-01   5.4948406936E-13  -2.3551140031E-15  -1.6543363941E-01  -2.1573660628E-12
    1      5.4948406936E-13   1.1041186932E+00   3.7044191561E-09  -1.8793591067E-12  -7.2979506652E-01
    2     -2.3551140031E-15   3.7044191561E-09   3.1266123832E-01  -1.9839965707E-16  -4.2895555309E-09
    3     -1.6543363941E-01  -1.8793591067E-12  -1.9839965707E-16   1.4465298724E-01   2.3836098026E-12
    4     -2.1573660628E-12  -7.2979506652E-01  -4.2895555309E-09   2.3836098026E-12   8.8339580739E-01
    5     -2.2599689829E-16  -5.1808558215E-09  -1.2691157936E-01   2.1198162043E-16   4.9139628573E-09
    6     -2.6489350443E-01  -9.0839804174E-02   7.9710738947E-10   1.3373323607E-03  -5.4704562731E-02
    7     -6.3546306528E-02  -2.1715338560E-01  -5.1808914297E-11  -6.7753608220E-02  -7.0346781819E-02
    8      1.4892011990E-09   1.1395974443E-09  -9.6841144764E-02  -8.9888800982E-11  -3.5264240316E-10
    9     -2.6489350443E-01   9.0839804174E-02  -7.9710807921E-10   1.3373323618E-03   5.4704562731E-02
   10      6.3546306531E-02  -2.1715338560E-01  -5.1804923035E-11   6.7753608220E-02  -7.0346781820E-02
   11     -1.4891982519E-09   1.1395979469E-09  -9.6841144764E-02   8.9889341525E-11  -3.5264166108E-10
   12     -4.9464041048E-02   2.8366270746E-02   3.6111583435E-10   9.0529937236E-03   5.8363782354E-03
   13     -2.6336923049E-02   2.9991572274E-02   3.4437601982E-10   1.9106286169E-03  -6.4535886164E-03
   14      6.1595741794E-10  -4.0137942128E-10   3.9663152849E-03  -1.1587204726E-10   4.0438084885E-11
   15     -4.9464041047E-02  -2.8366270745E-02  -3.6111259126E-10   9.0529937233E-03  -5.8363782353E-03
   16      2.6336923049E-02   2.9991572274E-02   3.4437401281E-10  -1.9106286169E-03  -6.4535886164E-03
   17     -6.1595778381E-10  -4.0137912506E-10   3.9663152846E-03   1.1587149313E-10   4.0438221052E-11
                    5                  6                  7                  8                  9        
    0     -2.2599689829E-16  -2.6489350443E-01  -6.3546306528E-02   1.4892011990E-09  -2.6489350443E-01
    1     -5.1808558215E-09  -9.0839804174E-02  -2.1715338560E-01   1.1395974443E-09   9.0839804174E-02
    2     -1.2691157936E-01   7.9710738947E-10  -5.1808914297E-11  -9.6841144764E-02  -7.9710807921E-10
    3      2.1198162043E-16   1.3373323607E-03  -6.7753608220E-02  -8.9888800982E-11   1.3373323618E-03
    4      4.9139628573E-09  -5.4704562731E-02  -7.0346781819E-02  -3.5264240316E-10   5.4704562731E-02
    5      6.7545300199E-02   1.1578271919E-10   2.2442988667E-10   3.4671356831E-02  -1.1578207559E-10
    6      1.1578271919E-10   7.0013579544E-01  -1.0189690984E-01  -4.1626157249E-09  -9.4343357006E-02
    7      2.2442988667E-10  -1.0189690984E-01   5.2947486637E-01   1.1794161528E-09   2.4504579697E-02
    8      3.4671356831E-02  -4.1626157249E-09   1.1794161528E-09   6.8645817926E-02  -1.7891333771E-10
    9     -1.1578207559E-10  -9.4343357006E-02   2.4504579697E-02  -1.7891333771E-10   7.0013579540E-01
   10      2.2442965182E-10  -2.4504579696E-02   2.6840160950E-02   1.9335407435E-10   1.0189690980E-01
   11      3.4671356831E-02   1.7891414907E-10   1.9335423875E-10   1.6023556120E-02   4.1625860852E-09
   12     -6.2819988495E-11  -3.3982574621E-01   2.0265757015E-01   2.9784492210E-09  -2.4105201532E-03
   13     -9.0983076346E-11   2.6482486002E-01  -2.6568705089E-01  -2.1209485853E-09  -7.1209964152E-03
   14     -4.9882172487E-03   2.9551596829E-09  -1.6063001711E-09  -2.5632369356E-02  -1.1565284732E-10
   15      6.2819358913E-11  -2.4105201529E-03   6.0346747389E-03  -3.6232802673E-11  -3.3982574617E-01
   16     -9.0983066085E-11   7.1209964150E-03  -3.1278090209E-03  -3.8776798658E-11  -2.6482485998E-01
   17     -4.9882172486E-03   1.1565203064E-10   6.0908922734E-11   3.1327832435E-03  -2.9551299917E-09
                   10                 11                 12                 13                 14        
    0      6.3546306531E-02  -1.4891982519E-09  -4.9464041048E-02  -2.6336923049E-02   6.1595741794E-10
    1     -2.1715338560E-01   1.1395979469E-09   2.8366270746E-02   2.9991572274E-02  -4.0137942128E-10
    2     -5.1804923035E-11  -9.6841144764E-02   3.6111583435E-10   3.4437601982E-10   3.9663152849E-03
    3      6.7753608220E-02   8.9889341525E-11   9.0529937236E-03   1.9106286169E-03  -1.1587204726E-10
    4     -7.0346781820E-02  -3.5264166108E-10   5.8363782354E-03  -6.4535886164E-03   4.0438084885E-11
    5      2.2442965182E-10   3.4671356831E-02  -6.2819988495E-11  -9.0983076346E-11  -4.9882172487E-03
    6     -2.4504579696E-02   1.7891414907E-10  -3.3982574621E-01   2.6482486002E-01   2.9551596829E-09
    7      2.6840160950E-02   1.9335423875E-10   2.0265757015E-01  -2.6568705089E-01  -1.6063001711E-09
    8      1.9335407435E-10   1.6023556120E-02   2.9784492210E-09  -2.1209485853E-09  -2.5632369356E-02
    9      1.0189690980E-01   4.1625860852E-09  -2.4105201532E-03  -7.1209964152E-03  -1.1565284732E-10
   10      5.2947486635E-01   1.1793921682E-09  -6.0346747389E-03  -3.1278090209E-03   6.0908614578E-11
   11      1.1793921682E-09   6.8645817936E-02   3.6233123973E-11  -3.8777154678E-11   3.1327832436E-03
   12     -6.0346747389E-03   3.6233123973E-11   3.8406965147E-01  -2.3205155678E-01  -3.3262851219E-09
   13     -3.1278090209E-03  -3.8777154678E-11  -2.3205155678E-01   2.4428701336E-01   1.9240540128E-09
   14      6.0908614578E-11   3.1327832436E-03  -3.3262851219E-09   1.9240540128E-09   2.1659739333E-02
   15     -2.0265757011E-01  -2.9784242015E-09  -1.4223377826E-03  -1.2260123920E-03  -1.3307057467E-11
   16     -2.6568705086E-01  -2.1209256538E-09   1.2260123920E-03   9.8986289075E-04  -1.7721130426E-11
   17     -1.6062794701E-09  -2.5632369366E-02   1.3306904167E-11  -1.7721205744E-11   1.8617487426E-03
                   15                 16                 17        
     0     -4.9464041047E-02   2.6336923049E-02  -6.1595778381E-10
     1     -2.8366270745E-02   2.9991572274E-02  -4.0137912506E-10
     2     -3.6111259126E-10   3.4437401281E-10   3.9663152846E-03
     3      9.0529937233E-03  -1.9106286169E-03   1.1587149313E-10
     4     -5.8363782353E-03  -6.4535886164E-03   4.0438221052E-11
     5      6.2819358913E-11  -9.0983066085E-11  -4.9882172486E-03
     6     -2.4105201529E-03   7.1209964150E-03   1.1565203064E-10
     7      6.0346747389E-03  -3.1278090209E-03   6.0908922734E-11
     8     -3.6232802673E-11  -3.8776798658E-11   3.1327832435E-03
     9     -3.3982574617E-01  -2.6482485998E-01  -2.9551299917E-09
    10     -2.0265757011E-01  -2.6568705086E-01  -1.6062794701E-09
    11     -2.9784242015E-09  -2.1209256538E-09  -2.5632369366E-02
    12     -1.4223377826E-03   1.2260123920E-03   1.3306904167E-11
    13     -1.2260123920E-03   9.8986289075E-04  -1.7721205744E-11
    14     -1.3307057467E-11  -1.7721130426E-11   1.8617487426E-03
    15      3.8406965143E-01   2.3205155674E-01   3.3262573208E-09
    16      2.3205155674E-01   2.4428701334E-01   1.9240326466E-09
    17      3.3262573208E-09   1.9240326466E-09   2.1659739344E-02

$vibrational_frequencies
18
    0        0.0000000000000000
    1        0.0000000000000000
    2        0.0000000000000000
    3        0.0000000000000000
    4        0.0000000000000000
    5        0.0000000000000000
    6      629.9862928235685331
    7      670.2822015323964706
    8      767.6372209964661124
    9      775.1378503920561798
   10      956.9349995354799603
   11     1021.3509755535131944
   12     1327.2233411018728475
   13     1456.8525370819595537
   14     1591.2630946580068212
   15     1901.6201651567459976
   16     3931.8926263043549625
   17     3934.7341624210148439

$normal_modes
18 18
                    0                  1                  2                  3                  4        
    0      0.0000000000E+00   0.0000000000E+00   0.0000000000E+00   0.0000000000E+00   0.0000000000E+00
    1      0.0000000000E+00   0.0000000000E+00   0.0000000000E+00   0.0000000000E+00   0.0000000000E+00
    2      0.0000000000E+00   0.0000000000E+00   0.0000000000E+00   0.0000000000E+00   0.0000000000E+00
    3      0.0000000000E+00   0.0000000000E+00   0.0000000000E+00   0.0000000000E+00   0.0000000000E+00
    4      0.0000000000E+00   0.0000000000E+00   0.0000000000E+00   0.0000000000E+00   0.0000000000E+00
    5      0.0000000000E+00   0.0000000000E+00   0.0000000000E+00   0.0000000000E+00   0.0000000000E+00
    6      0.0000000000E+00   0.0000000000E+00   0.0000000000E+00   0.0000000000E+00   0.0000000000E+00
    7      0.0000000000E+00   0.0000000000E+00   0.0000000000E+00   0.0000000000E+00   0.0000000000E+00
    8      0.0000000000E+00   0.0000000000E+00   0.0000000000E+00   0.0000000000E+00   0.0000000000E+00
    9      0.0000000000E+00   0.0000000000E+00   0.0000000000E+00   0.0000000000E+00   0.0000000000E+00
   10      0.0000000000E+00   0.0000000000E+00   0.0000000000E+00   0.0000000000E+00   0.0000000000E+00
   11      0.0000000000E+00   0.0000000000E+00   0.0000000000E+00   0.0000000000E+00   0.0000000000E+00
   12      0.0000000000E+00   0.0000000000E+00   0.0000000000E+00   0.0000000000E+00   0.0000000000E+00
   13      0.0000000000E+00   0.0000000000E+00   0.0000000000E+00   0.0000000000E+00   0.0000000000E+00
   14      0.0000000000E+00   0.0000000000E+00   0.0000000000E+00   0.0000000000E+00   0.0000000000E+00
   15      0.0000000000E+00   0.0000000000E+00   0.0000000000E+00   0.0000000000E+00   0.0000000000E+00
   16      0.0000000000E+00   0.0000000000E+00   0.0000000000E+00   0.0000000000E+00   0.0000000000E+00
   17      0.0000000000E+00   0.0000000000E+00   0.0000000000E+00   0.0000000000E+00   0.0000000000E+00
                    5                  6                  7                  8                  9        
    0      0.0000000000E+00   1.1565767875E-11   6.1923938050E-02   3.1323460054E-10  -1.1226301291E-15
    1      0.0000000000E+00  -8.8967973256E-02   1.4767201468E-11  -3.1718491937E-15  -7.0960332358E-10
    2      0.0000000000E+00  -7.4431851012E-10  -1.6771852013E-15   1.2482802161E-09   1.1154788754E-01
    3      0.0000000000E+00  -2.7928228973E-11  -1.6061297200E-01  -3.9731719676E-10   2.3822423858E-16
    4      0.0000000000E+00  -1.0175746443E-01   1.8454133879E-11  -3.2594302605E-15   8.0535651822E-11
    5      0.0000000000E+00   4.9464744722E-10   6.4371403918E-16  -7.9260212639E-11  -8.0759777547E-03
    6      0.0000000000E+00  -1.2043885165E-01   4.8696710331E-02   5.1568588829E-10  -1.2923043313E-09
    7      0.0000000000E+00   6.8612270146E-02   1.0324474351E-01   6.0443385902E-10   2.6574992203E-10
    8      0.0000000000E+00  -1.8618559148E-10   4.5030457165E-11   6.9189159909E-02   3.0953494365E-03
    9      0.0000000000E+00   1.2043885167E-01   4.8696710287E-02   5.1568510473E-10   1.2923072680E-09
   10      0.0000000000E+00   6.8612270114E-02  -1.0324474354E-01  -6.0443118096E-10   2.6575042486E-10
   11      0.0000000000E+00  -1.8618196882E-10  -4.5029523621E-11  -6.9189159814E-02   3.0953510393E-03
   12      0.0000000000E+00   1.6968167883E-02   1.3301121792E-01  -6.8962744947E-09  -7.7645199836E-09
   13      0.0000000000E+00   2.4821909233E-01   2.0996017838E-01  -7.8893028942E-10  -6.3215592561E-10
   14      0.0000000000E+00   3.4609144841E-09   1.5078051708E-09  -6.4818399264E-01  -6.4913042662E-01
   15      0.0000000000E+00  -1.6968167815E-02   1.3301121792E-01  -6.8962500661E-09   7.7644829471E-09
   16      0.0000000000E+00   2.4821909223E-01  -2.0996017846E-01   7.8897717116E-10  -6.3217422572E-10
   17      0.0000000000E+00   3.4608879151E-09  -1.5078103412E-09   6.4818397752E-01  -6.4913044163E-01
                   10                 11                 12                 13                 14        
    0      1.1312339298E-15   4.6098250684E-13   1.4528196025E-01   6.1076558198E-11   2.0529505223E-01
    1      1.3108478823E-09  -6.8934533125E-02  -3.6758457976E-12   4.2540131955E-02  -1.1195963915E-11
    2      2.3353446753E-01   8.7183265854E-09   3.9542590001E-15   1.4557711060E-10  -2.9383531161E-15
    3     -1.5171649297E-15   5.0011270174E-13  -1.0366506341E-02  -8.8029370197E-12  -2.9883467197E-02
    4      4.3817853460E-09  -1.0740491138E-01   2.3939421185E-11  -9.5141633235E-02   1.2798440471E-11
    5     -7.8037054198E-02  -2.4212264030E-09  -1.4284580297E-16  -6.2490138372E-10   2.7943039538E-16
    6     -4.3587303265E-09   1.2429672915E-01  -6.6331748964E-02   2.3202105043E-04  -4.3057493211E-02
    7     -2.4004191397E-09   7.0911662319E-02  -7.7747735698E-02   6.0285293379E-02   1.8314766480E-02
    8     -6.3819781140E-02  -2.2849741510E-09   7.7346906405E-10  -7.4562334758E-11   3.3371096934E-10
    9      4.3587308220E-09  -1.2429672915E-01  -6.6331748966E-02  -2.3202109032E-04  -4.3057493210E-02
   10     -2.4004238869E-09   7.0911662323E-02   7.7747735665E-02   6.0285293408E-02  -1.8314766492E-02
   11     -6.3819781166E-02  -2.2849721603E-09  -7.7347161368E-10  -7.4564305238E-11  -3.3370868680E-10
   12     -3.3975321946E-09   1.8011008338E-01   2.7007127532E-01  -3.8570191146E-01  -3.0171668970E-01
   13     -4.4786588877E-09   1.3727324048E-01   3.6180827256E-01  -4.5504700467E-01  -3.3516932664E-01
   14      2.4179113143E-01   3.5736912957E-09  -3.5232096900E-09   5.2755091907E-09   4.6467347860E-09
   15      3.3975349979E-09  -1.8011008337E-01   2.7007127513E-01   3.8570191151E-01  -3.0171668979E-01
   16     -4.4786332222E-09   1.3727324047E-01  -3.6180827237E-01  -4.5504700476E-01   3.3516932676E-01
   17      2.4179113167E-01   3.5736718714E-09   3.5232053194E-09   5.2755153274E-09  -4.6467404305E-09
                   15                 16                 17        
     0     -1.6587880085E-12   2.8753532647E-03   1.2453107490E-10
     1     -2.2962460683E-01   4.4566032309E-12  -1.0266851581E-04
     2     -1.2295674005E-09  -1.4441805544E-16   7.4280890725E-12
     3      3.1613871252E-13  -4.3297662494E-04  -1.8764769275E-11
     4      1.2428458324E-01   6.0777008767E-11  -1.3988358000E-03
     5      1.1257804629E-09   3.5329629411E-17  -1.3333306422E-11
     6      9.3768367461E-03   3.3548563448E-02   3.4882128293E-02
     7      3.3548253541E-02  -2.5278635063E-02  -2.5201119711E-02
     8     -2.1996251564E-10  -2.9822419444E-10  -3.0108110785E-10
     9     -9.3768367462E-03   3.3548566476E-02  -3.4882125382E-02
    10      3.3548253544E-02   2.5278637250E-02  -2.5201117517E-02
    11     -2.1996298538E-10   2.9822142467E-10  -3.0107835993E-10
    12     -1.3185548445E-01  -5.4612239054E-01  -5.4519583033E-01
    13     -1.5162796503E-01   4.1208409745E-01   4.1167155607E-01
    14      1.8776168357E-09   4.8634893715E-09   4.8399587769E-09
    15      1.3185548447E-01  -5.4612243785E-01   5.4519578295E-01
    16     -1.5162796506E-01  -4.1208413316E-01   4.1167152030E-01
    17      1.8776160631E-09  -4.8634442542E-09   4.8399131950E-09

#
# The atoms: label  mass x y z (in bohrs)
#
$atoms
6
 C     12.00000     -0.000000000001    -0.183467036602     0.000000015844
 O     15.99491     -0.000000000009    -2.463719021373    -0.000000004073
 O     15.99491      2.051177734235     1.291025994932    -0.000000002930
 O     15.99491     -2.051177734224     1.291025994947    -0.000000002930
 H      1.00783      3.474880222198     0.153240245780    -0.000000015503
 H      1.00783     -3.474880222222     0.153240245784    -0.000000015503

$actual_temperature
  0.000000

$frequency_scale_factor
  1.000000

$dipole_derivatives
18
    2.2973958962E+00    2.6530553468E-12    3.4611294203E-15
   -1.1789320798E-11    2.3406530722E+00   -4.5181718474E-09
   -3.4776656543E-15   -3.5001035725E-09    7.2215673655E-01
   -8.1511698383E-01   -2.3671306774E-12    6.0928730938E-16
    2.0144691655E-12   -1.4330429560E+00    3.1678254811E-09
    5.4620554744E-15   -8.0195064921E-09   -5.3154055142E-01
   -1.1806074764E+00   -4.1238703854E-01    1.0243598905E-09
   -3.5277841712E-01   -7.2683075957E-01    6.8811580708E-10
    6.1391584037E-09    5.4936546320E-09   -4.7871879101E-01
   -1.1806074764E+00    4.1238703854E-01   -1.0243580653E-09
    3.5277841713E-01   -7.2683075958E-01    6.8810743374E-10
   -6.1391609384E-09    5.4936513017E-09   -4.7871879101E-01
    4.3946802020E-01   -3.5721549347E-03   -5.6517078060E-10
    8.8834799458E-03    2.7302570145E-01   -1.2941000327E-11
    5.5313854110E-10    2.6614988995E-10    3.8341069844E-01
    4.3946802020E-01    3.5721549360E-03    5.6516488495E-10
   -8.8834799481E-03    2.7302570145E-01   -1.2935872580E-11
   -5.5313798838E-10    2.6615280463E-10    3.8341069844E-01

#
# The IR spectrum
#  wavenumber T**2 TX TY TZ
#
$ir_spectrum
18
      0.00   0.00000000     0.000000     0.000000     0.000000
      0.00   0.00000000     0.000000     0.000000     0.000000
      0.00   0.00000000     0.000000     0.000000     0.000000
      0.00   0.00000000     0.000000     0.000000     0.000000
      0.00   0.00000000     0.000000     0.000000     0.000000
      0.00   0.00000000     0.000000     0.000000     0.000000
    629.99   0.00050358     0.000000     0.022441     0.000000
    670.28   0.00381100     0.061733    -0.000000    -0.000000
    767.64   0.00000000    -0.000000     0.000000    -0.000000
    775.14   0.01343252    -0.000000    -0.000000    -0.115899
    956.93   0.01311790     0.000000     0.000000     0.114533
   1021.35   0.00114476     0.000000    -0.033834     0.000000
   1327.22   0.02884792     0.169847     0.000000    -0.000000
   1456.85   0.00039391     0.000000    -0.019847     0.000000
   1591.26   0.00372062     0.060997    -0.000000    -0.000000
   1901.62   0.02308437     0.000000    -0.151935     0.000000
   3931.89   0.00425392    -0.065222    -0.000000     0.000000
   3934.73   0.00086894    -0.000000     0.029478     0.000000


$end

