
$orca_hessian_file

$act_atom
  0

$act_coord
  0

$act_energy
        0.000000

$multiplicity
  1

$hessian
18
                    0                  1                  2                  3                  4        
    0      7.9360991574E-01   6.9457547353E-11   7.0560914102E-04  -1.6539860140E-01  -4.9245129457E-11
    1      6.9457547353E-11   1.1042047256E+00   3.6875170474E-09  -4.6858684663E-11  -7.2972367951E-01
    2      7.0560914102E-04   3.6875170474E-09   3.1262135666E-01  -5.0645132457E-05  -4.2864992560E-09
    3     -1.6539860140E-01  -4.6858684663E-11  -5.0645132457E-05   1.4464606972E-01   5.0469337910E-11
    4     -4.9245129457E-11  -7.2972367951E-01  -4.2864992560E-09   5.0469337910E-11   8.8344388799E-01
    5     -1.6860454188E-04  -5.1765217422E-09  -1.2688284201E-01  -8.0483846763E-05   4.9151142448E-09
    6     -2.6487182194E-01  -9.0937941687E-02   2.4839776270E-05   1.3646945601E-03  -5.4678259134E-02
    7     -6.3880480692E-02  -2.1714819170E-01   3.9034910857E-04  -6.7749228462E-02  -7.0403314546E-02
    8     -3.1720677034E-04   6.8959737717E-05  -9.6781619060E-02  -8.5191849528E-06   7.0486528034E-05
    9     -2.6487182194E-01   9.0937941663E-02   2.4838184014E-05   1.3646945722E-03   5.4678259130E-02
   10      6.3880480636E-02  -2.1714819180E-01  -3.9034918223E-04   6.7749228477E-02  -7.0403314544E-02
   11     -3.1720977170E-04  -6.8957458623E-05  -9.6781619106E-02  -8.5190031489E-06  -7.0487231493E-05
   12     -4.9233835219E-02   2.8337916289E-02  -3.5232062283E-04   9.0115712769E-03   5.7845551699E-03
   13     -2.6056288503E-02   2.9907668677E-02  -2.3667019011E-04   1.8836949065E-03  -6.4567896919E-03
   14      4.8706584965E-05   9.4639008302E-05   3.9123617616E-03   7.4083469358E-05  -1.7201977374E-06
   15     -4.9233835234E-02  -2.8337916288E-02  -3.5232134601E-04   9.0115712730E-03  -5.7845551672E-03
   16      2.6056288539E-02   2.9907668720E-02   2.3667086275E-04  -1.8836949246E-03  -6.4567896902E-03
   17      4.8705357931E-05  -9.4639798391E-05   3.9123617535E-03   7.4083697965E-05   1.7202725804E-06
                    5                  6                  7                  8                  9        
    0     -1.6860454188E-04  -2.6487182194E-01  -6.3880480692E-02  -3.1720677034E-04  -2.6487182194E-01
    1     -5.1765217422E-09  -9.0937941687E-02  -2.1714819170E-01   6.8959737717E-05   9.0937941663E-02
    2     -1.2688284201E-01   2.4839776270E-05   3.9034910857E-04  -9.6781619060E-02   2.4838184014E-05
    3     -8.0483846763E-05   1.3646945601E-03  -6.7749228462E-02  -8.5191849528E-06   1.3646945722E-03
    4      4.9151142448E-09  -5.4678259134E-02  -7.0403314546E-02   7.0486528034E-05   5.4678259130E-02
    5      6.7505551790E-02   6.4441927001E-05   7.6451636082E-05   3.4657720264E-02   6.4441695522E-05
    6      6.4441927001E-05   6.9301027569E-01  -9.4663259853E-02   3.1435671593E-03  -9.4440821983E-02
    7      7.6451636082E-05  -9.4663259853E-02   5.2533183528E-01  -2.7378903796E-03   2.4420708058E-02
    8      3.4657720264E-02   3.1435671593E-03  -2.7378903796E-03   7.0352474900E-02  -9.9321427825E-05
    9      6.4441695522E-05  -9.4440821983E-02   2.4420708058E-02  -9.9321427825E-05   6.9301027535E-01
   10     -7.6451194777E-05  -2.4420708037E-02   2.6827164651E-02  -6.6991753970E-06   9.4663259888E-02
   11      3.4657720264E-02  -9.9321069302E-05   6.6995614669E-06   1.6059301833E-02   3.1435752618E-03
   12      6.0102320116E-05  -3.3265579131E-01   1.9583268029E-01  -2.6839178122E-03  -2.4065350330E-03
   13      1.4375228424E-05   2.5761768028E-01  -2.6149885028E-01   2.6251977361E-03  -7.0824884259E-03
   14     -4.9690751547E-03  -3.1992257180E-03   2.3112148358E-03  -2.7414124310E-02   6.5697688215E-05
   15      6.0102446003E-05  -2.4065350143E-03   6.0395806614E-03  -3.4601963968E-05  -3.3265579097E-01
   16     -1.4375408321E-05   7.0824884273E-03  -3.1086434016E-03  -2.0054446879E-05  -2.5761768031E-01
   17     -4.9690751500E-03   6.5697924723E-05  -4.6824762314E-05   3.1262463720E-03  -3.1992314017E-03
                   10                 11                 12                 13                 14        
    0      6.3880480636E-02  -3.1720977170E-04  -4.9233835219E-02  -2.6056288503E-02   4.8706584965E-05
    1     -2.1714819180E-01  -6.8957458623E-05   2.8337916289E-02   2.9907668677E-02   9.4639008302E-05
    2     -3.9034918223E-04  -9.6781619106E-02  -3.5232062283E-04  -2.3667019011E-04   3.9123617616E-03
    3      6.7749228477E-02  -8.5190031489E-06   9.0115712769E-03   1.8836949065E-03   7.4083469358E-05
    4     -7.0403314544E-02  -7.0487231493E-05   5.7845551699E-03  -6.4567896919E-03  -1.7201977374E-06
    5     -7.6451194777E-05   3.4657720264E-02   6.0102320116E-05   1.4375228424E-05  -4.9690751547E-03
    6     -2.4420708037E-02  -9.9321069302E-05  -3.3265579131E-01   2.5761768028E-01  -3.1992257180E-03
    7      2.6827164651E-02   6.6995614669E-06   1.9583268029E-01  -2.6149885028E-01   2.3112148358E-03
    8     -6.6991753970E-06   1.6059301833E-02  -2.6839178122E-03   2.6251977361E-03  -2.7414124310E-02
    9      9.4663259888E-02   3.1435752618E-03  -2.4065350330E-03  -7.0824884259E-03   6.5697688215E-05
   10      5.2533183555E-01   2.7378925502E-03  -6.0395806453E-03  -3.1086434034E-03   4.6824883069E-05
   11      2.7378925502E-03   7.0352475021E-02  -3.4601886504E-05   2.0054371291E-05   3.1262463773E-03
   12     -6.0395806453E-03  -3.4601886504E-05   3.7669673196E-01  -2.2513908468E-01   2.9943469383E-03
   13     -3.1086434034E-03   2.0054371291E-05  -2.2513908468E-01   2.4017450319E-01  -2.4369578204E-03
   14      4.6824883069E-05   3.1262463773E-03   2.9943469383E-03  -2.4369578204E-03   2.3490925028E-02
   15     -1.9583268032E-01  -2.6839235312E-03  -1.4121416758E-03  -1.2235135774E-03   1.6391037138E-05
   16     -2.6149885045E-01  -2.6252017928E-03   1.2235135815E-03   9.8211151448E-04  -1.4000709017E-05
   17     -2.3112178808E-03  -2.7414124390E-02   1.6391063116E-05   1.4000674680E-05   1.8536662973E-03
                   15                 16                 17        
     0     -4.9233835234E-02   2.6056288539E-02   4.8705357931E-05
     1     -2.8337916288E-02   2.9907668720E-02  -9.4639798391E-05
     2     -3.5232134601E-04   2.3667086275E-04   3.9123617535E-03
     3      9.0115712730E-03  -1.8836949246E-03   7.4083697965E-05
     4     -5.7845551672E-03  -6.4567896902E-03   1.7202725804E-06
     5      6.0102446003E-05  -1.4375408321E-05  -4.9690751500E-03
     6     -2.4065350143E-03   7.0824884273E-03   6.5697924723E-05
     7      6.0395806614E-03  -3.1086434016E-03  -4.6824762314E-05
     8     -3.4601963968E-05  -2.0054446879E-05   3.1262463720E-03
     9     -3.3265579097E-01  -2.5761768031E-01  -3.1992314017E-03
    10     -1.9583268032E-01  -2.6149885045E-01  -2.3112178808E-03
    11     -2.6839235312E-03  -2.6252017928E-03  -2.7414124390E-02
    12     -1.4121416758E-03   1.2235135815E-03   1.6391063116E-05
    13     -1.2235135774E-03   9.8211151448E-04   1.4000674680E-05
    14      1.6391037138E-05  -1.4000709017E-05   1.8536662973E-03
    15      3.7669673162E-01   2.2513908469E-01   2.9943533580E-03
    16      2.2513908469E-01   2.4017450331E-01   2.4369614943E-03
    17      2.9943533580E-03   2.4369614943E-03   2.3490925117E-02

$vibrational_frequencies
18
    0        0.0000000000000000
    1        0.0000000000000000
    2        0.0000000000000000
    3        0.0000000000000000
    4        0.0000000000000000
    5        0.0000000000000000
    6      633.9110535278362022
    7      671.5870003966938384
    8      798.8162122280137964
    9      800.2127551234924567
   10      961.8362827322613384
   11     1021.6712054159630725
   12     1336.6553893338084436
   13     1466.7520795038699362
   14     1594.0737823031176958
   15     1902.5821297102193057
   16     3886.2695176837546569
   17     3889.0768155674845730

$normal_modes
18 18
                    0                  1                  2                  3                  4        
    0      0.0000000000E+00   0.0000000000E+00   0.0000000000E+00   0.0000000000E+00   0.0000000000E+00
    1      0.0000000000E+00   0.0000000000E+00   0.0000000000E+00   0.0000000000E+00   0.0000000000E+00
    2      0.0000000000E+00   0.0000000000E+00   0.0000000000E+00   0.0000000000E+00   0.0000000000E+00
    3      0.0000000000E+00   0.0000000000E+00   0.0000000000E+00   0.0000000000E+00   0.0000000000E+00
    4      0.0000000000E+00   0.0000000000E+00   0.0000000000E+00   0.0000000000E+00   0.0000000000E+00
    5      0.0000000000E+00   0.0000000000E+00   0.0000000000E+00   0.0000000000E+00   0.0000000000E+00
    6      0.0000000000E+00   0.0000000000E+00   0.0000000000E+00   0.0000000000E+00   0.0000000000E+00
    7      0.0000000000E+00   0.0000000000E+00   0.0000000000E+00   0.0000000000E+00   0.0000000000E+00
    8      0.0000000000E+00   0.0000000000E+00   0.0000000000E+00   0.0000000000E+00   0.0000000000E+00
    9      0.0000000000E+00   0.0000000000E+00   0.0000000000E+00   0.0000000000E+00   0.0000000000E+00
   10      0.0000000000E+00   0.0000000000E+00   0.0000000000E+00   0.0000000000E+00   0.0000000000E+00
   11      0.0000000000E+00   0.0000000000E+00   0.0000000000E+00   0.0000000000E+00   0.0000000000E+00
   12      0.0000000000E+00   0.0000000000E+00   0.0000000000E+00   0.0000000000E+00   0.0000000000E+00
   13      0.0000000000E+00   0.0000000000E+00   0.0000000000E+00   0.0000000000E+00   0.0000000000E+00
   14      0.0000000000E+00   0.0000000000E+00   0.0000000000E+00   0.0000000000E+00   0.0000000000E+00
   15      0.0000000000E+00   0.0000000000E+00   0.0000000000E+00   0.0000000000E+00   0.0000000000E+00
   16      0.0000000000E+00   0.0000000000E+00   0.0000000000E+00   0.0000000000E+00   0.0000000000E+00
   17      0.0000000000E+00   0.0000000000E+00   0.0000000000E+00   0.0000000000E+00   0.0000000000E+00
                    5                  6                  7                  8                  9        
    0      0.0000000000E+00   1.1822283603E-10   6.1644485237E-02  -2.3004797499E-10  -4.5773315170E-04
    1      0.0000000000E+00   8.8804595548E-02  -1.5412655644E-10  -2.6818463834E-04   5.5039234982E-10
    2      0.0000000000E+00   6.5298601948E-10  -1.4291130879E-04   1.0680263189E-08  -1.2649031599E-01
    3      0.0000000000E+00  -2.6966797882E-10  -1.6063268412E-01   1.8827043284E-10   8.6262056862E-04
    4      0.0000000000E+00   1.0199969594E-01  -1.6683811444E-10  -3.4446307905E-05  -3.8521481625E-10
    5      0.0000000000E+00  -4.9600351381E-10  -1.3500259995E-04  -1.0816843940E-09   1.3053634430E-02
    6      0.0000000000E+00   1.2072007624E-01   4.8935314688E-02   9.9448572768E-04  -1.8305377619E-06
    7      0.0000000000E+00  -6.8906581104E-02   1.0364049487E-01  -1.8505019677E-04  -7.1038224277E-04
    8      0.0000000000E+00   4.6959163876E-05  -1.2990817493E-04  -6.9276918802E-02   1.0986799601E-03
    9      0.0000000000E+00  -1.2072007610E-01   4.8935315090E-02  -9.9448666670E-04  -1.8333300320E-06
   10      0.0000000000E+00  -6.8906581421E-02  -1.0364049464E-01  -1.8504927564E-04   7.1038201971E-04
   11      0.0000000000E+00  -4.6958822389E-05  -1.2990837557E-04   6.9276918653E-02   1.0986917418E-03
   12      0.0000000000E+00  -1.3518259391E-02   1.3104451135E-01  -1.8849920075E-03  -4.0910503392E-03
   13      0.0000000000E+00  -2.4449770039E-01   2.0753888655E-01   4.8068326962E-03   1.7552817117E-03
   14      0.0000000000E+00  -1.1367986591E-03   3.9838444368E-03   6.4800171105E-01   6.3202704898E-01
   15      0.0000000000E+00   1.3518260063E-02   1.3104451135E-01   1.8850066615E-03  -4.0910656111E-03
   16      0.0000000000E+00  -2.4449770122E-01  -2.0753888581E-01   4.8068309518E-03  -1.7552786114E-03
   17      0.0000000000E+00   1.1367933364E-03   3.9838424635E-03  -6.4800181869E-01   6.3202693879E-01
                   10                 11                 12                 13                 14        
    0      3.6244247817E-04  -2.9846356739E-11   1.5016318780E-01  -4.1436865633E-10  -2.0183566486E-01
    1     -1.4428383832E-09  -6.9099339478E-02   2.1514626168E-11   4.4927280561E-02  -6.7012817547E-12
    2     -2.2578822355E-01   8.9472566602E-09  -7.8078867103E-04   1.6933766950E-10  -7.4302419760E-04
    3     -4.3740862669E-04   5.4797976822E-12  -1.1856078515E-02   5.9821880433E-11   2.9248950064E-02
    4     -4.5276976176E-09  -1.0786226619E-01  -1.9547701880E-10  -9.4999247647E-02   3.5765379356E-11
    5      7.7389291165E-02  -2.5293948026E-09   6.0559693276E-05  -6.4358610331E-10   1.1256323142E-04
    6      6.6457673420E-05   1.2400050346E-01  -6.7011983294E-02   6.8781381868E-04   4.1704667967E-02
    7      6.5564869261E-04   7.1241708176E-02  -7.6874425574E-02   5.9402529780E-02  -1.9890262752E-02
    8      6.3862105205E-02   3.0778565151E-04   3.1475442344E-04  -3.6309881782E-04   3.1167093163E-04
    9      6.6448717621E-05  -1.2400050344E-01  -6.7011983313E-02  -6.8781355466E-04   4.1704667970E-02
   10     -6.5564364862E-04   7.1241708168E-02   7.6874425834E-02   5.9402529568E-02   1.9890262664E-02
   11      6.3862105138E-02  -3.0779041761E-04   3.1475286068E-04   3.6309866601E-04   3.1167155559E-04
   12      2.5856859802E-04   1.7918639091E-01   2.6362741274E-01  -3.8495247976E-01   3.0762696561E-01
   13     -3.3866143407E-03   1.3664561022E-01   3.5523739213E-01  -4.5637847035E-01   3.4391481522E-01
   14     -2.8343921005E-01  -2.8832722878E-03  -8.2757679198E-04   1.9726037603E-03  -1.4161527345E-03
   15      2.5856235826E-04  -1.7918639110E-01   2.6362741413E-01   3.8495247955E-01   3.0762696509E-01
   16      3.3866233265E-03   1.3664561019E-01  -3.5523739341E-01  -4.5637846953E-01  -3.4391481432E-01
   17     -2.8343920944E-01   2.8832815392E-03  -8.2756996412E-04  -1.9725931530E-03  -1.4161432248E-03
                   15                 16                 17        
     0     -5.1091170995E-11   2.9601002998E-03   1.0568704172E-10
     1     -2.2918307396E-01  -1.7857856758E-12  -1.2163660056E-04
     2     -1.2221020683E-09   1.0918749901E-05   6.6432548150E-12
     3      1.5978942808E-11  -4.4347425517E-04  -1.4651992200E-11
     4      1.2379757116E-01   4.9626632133E-11  -1.4275840074E-03
     5      1.1186713107E-09  -7.1411641992E-07  -1.1052729285E-11
     6      9.5056466742E-03   3.3541847055E-02   3.4909108593E-02
     7      3.3854406893E-02  -2.5237660883E-02  -2.5153374287E-02
     8     -6.4879646832E-05   3.1805461681E-04   3.0794246020E-04
     9     -9.5056466595E-03   3.3541849471E-02  -3.4909106248E-02
    10      3.3854406894E-02   2.5237662651E-02  -2.5153372555E-02
    11      6.4879204922E-05   3.1805522299E-04  -3.0794303498E-04
    12     -1.3443469024E-01  -5.4643702819E-01  -5.4549215312E-01
    13     -1.5525085151E-01   4.1167808720E-01   4.1125485386E-01
    14      5.9941404524E-05  -5.1070944652E-03  -5.0801429166E-03
    15      1.3443469036E-01  -5.4643706586E-01   5.4549211486E-01
    16     -1.5525085147E-01  -4.1167811603E-01   4.1125482543E-01
    17     -5.9937593848E-05  -5.1071044432E-03   5.0801521351E-03

#
# The atoms: label  mass x y z (in bohrs)
#
$atoms
6
 C     12.00000     -0.000000000007    -0.183465967679     0.000000015844
 O     15.99491     -0.000000000001    -2.463706465013    -0.000000004073
 O     15.99491      2.050870629750     1.291247280937    -0.001176304527
 O     15.99491     -2.050870629761     1.291247280969     0.001176298673
 H      1.00783      3.479679052484     0.149622273158     0.012836841760
 H      1.00783     -3.479679052212     0.149622273138    -0.012836872851

$actual_temperature
  0.000000

$frequency_scale_factor
  1.000000

$dipole_derivatives
18
    2.2984543471E+00    2.6256674968E-10   -4.0799756559E-04
    1.2438009328E-10    2.3389739473E+00   -4.5938851088E-09
   -3.8197422173E-04   -3.2471251003E-09    7.2199028854E-01
   -8.1512296562E-01   -2.3950552003E-11   -2.0534721738E-04
   -1.0047457920E-10   -1.4329000868E+00    3.1808902103E-09
   -6.1493540133E-05   -8.0068805744E-09   -5.3176227470E-01
   -1.1810398195E+00   -4.1174319739E-01   -3.5739132347E-04
   -3.5433683089E-01   -7.2670273409E-01   -1.0343392435E-03
    3.4397536095E-04   -3.4316881343E-04   -4.7859535421E-01
   -1.1810398192E+00    4.1174319710E-01   -3.5739321752E-04
    3.5433683118E-01   -7.2670273417E-01    1.0343407891E-03
    3.4396288842E-04    3.4317944526E-04   -4.7859535468E-01
    4.3937412872E-01   -3.8481580703E-03    6.6406417220E-04
    9.3359497956E-03    2.7366580386E-01    5.8900851890E-04
   -1.2223482861E-04    3.2725466631E-04    3.8348134747E-01
    4.3937412858E-01    3.8481581172E-03    6.6406515176E-04
   -9.3359501082E-03    2.7366580388E-01   -5.8900865152E-04
   -1.2223565890E-04   -3.2725404414E-04    3.8348134758E-01

#
# The IR spectrum
#  wavenumber T**2 TX TY TZ
#
$ir_spectrum
18
      0.00   0.00000000     0.000000     0.000000     0.000000
      0.00   0.00000000     0.000000     0.000000     0.000000
      0.00   0.00000000     0.000000     0.000000     0.000000
      0.00   0.00000000     0.000000     0.000000     0.000000
      0.00   0.00000000     0.000000     0.000000     0.000000
      0.00   0.00000000     0.000000     0.000000     0.000000
    633.91   0.00048445     0.000000    -0.022010    -0.000000
    671.59   0.00368089     0.060662     0.000000     0.000996
    798.82   0.00000030     0.000000     0.000546    -0.000000
    800.21   0.01117715    -0.001348     0.000000     0.105713
    961.84   0.01458249     0.000232    -0.000000    -0.120758
   1021.67   0.00114357    -0.000000    -0.033817     0.000000
   1336.66   0.02924857     0.171022    -0.000000    -0.000131
   1466.75   0.00035133    -0.000000    -0.018744     0.000000
   1594.07   0.00329580    -0.057409     0.000000    -0.000210
   1902.58   0.02309868    -0.000000    -0.151983     0.000000
   3886.27   0.00429704    -0.065550    -0.000000    -0.000551
   3889.08   0.00088315    -0.000000     0.029718     0.000000


$end

