
$orca_hessian_file

$act_atom
  0

$act_coord
  0

$act_energy
        0.000000

$multiplicity
  1

$hessian
18
                    0                  1                  2                  3                  4        
    0      7.9482498398E-01  -4.4540413024E-13  -2.0689982161E-15  -1.6578653491E-01  -1.8649605647E-12
    1     -4.4540413024E-13   1.0976634332E+00   3.6788526332E-09  -1.8933308443E-12  -7.2351842968E-01
    2     -2.0689982161E-15   3.6788526332E-09   3.1294105151E-01   3.8166575463E-18  -4.2392884624E-09
    3     -1.6578653491E-01  -1.8933308443E-12   3.8166575463E-18   1.4497332752E-01   2.4169971580E-12
    4     -1.8649605647E-12  -7.2351842968E-01  -4.2392884624E-09   2.4169971580E-12   8.7686600147E-01
    5      8.1730129534E-16  -5.1326812900E-09  -1.2730100037E-01   3.8547333961E-16   4.8564723035E-09
    6     -2.6470874774E-01  -9.0827958211E-02   8.0041882948E-10   1.3781044810E-03  -5.4560116391E-02
    7     -6.3929686149E-02  -2.1709281691E-01  -6.7643046055E-11  -6.7487400365E-02  -7.0136599481E-02
    8      1.4846626182E-09   1.1407446233E-09  -9.7007133563E-02  -8.7937398326E-11  -3.5410281780E-10
    9     -2.6470874774E-01   9.0827958213E-02  -8.0041995746E-10   1.3781044818E-03   5.4560116391E-02
   10      6.3929686151E-02  -2.1709281691E-01  -6.7639299684E-11   6.7487400364E-02  -7.0136599482E-02
   11     -1.4846608353E-09   1.1407452465E-09  -9.7007133563E-02   8.7937705553E-11  -3.5410193134E-10
   12     -4.9810476793E-02   2.8560225202E-02   3.6315936010E-10   9.0284992142E-03   5.7783412853E-03
   13     -2.5881324307E-02   3.0020315132E-02   3.4786009874E-10   1.8258131254E-03  -6.5371864158E-03
   14      6.1795525508E-10  -4.1383101741E-10   4.1871079941E-03  -1.1716494515E-10   4.5510267061E-11
   15     -4.9810476793E-02  -2.8560225201E-02  -3.6315616713E-10   9.0284992141E-03  -5.7783412854E-03
   16      2.5881324308E-02   3.0020315132E-02   3.4785788403E-10  -1.8258131255E-03  -6.5371864158E-03
   17     -6.1795578610E-10  -4.1383000343E-10   4.1871079941E-03   1.1716424863E-10   4.5510176994E-11
                    5                  6                  7                  8                  9        
    0      8.1730129534E-16  -2.6470874774E-01  -6.3929686149E-02   1.4846626182E-09  -2.6470874774E-01
    1     -5.1326812900E-09  -9.0827958211E-02  -2.1709281691E-01   1.1407446233E-09   9.0827958213E-02
    2     -1.2730100037E-01   8.0041882948E-10  -6.7643046055E-11  -9.7007133563E-02  -8.0041995746E-10
    3      3.8547333961E-16   1.3781044810E-03  -6.7487400365E-02  -8.7937398326E-11   1.3781044818E-03
    4      4.8564723035E-09  -5.4560116391E-02  -7.0136599481E-02  -3.5410281780E-10   5.4560116391E-02
    5      6.8148420081E-02   1.1875006656E-10   2.2834646130E-10   3.4581576021E-02  -1.1875066231E-10
    6      1.1875006656E-10   6.9025105833E-01  -9.4894743138E-02  -4.1126364378E-09  -9.4350499349E-02
    7      2.2834646130E-10  -9.4894743138E-02   5.2684016931E-01   1.1733275442E-09   2.4466695857E-02
    8      3.4581576021E-02  -4.1126364378E-09   1.1733275442E-09   7.0862178126E-02  -1.8074199753E-10
    9     -1.1875066231E-10  -9.4350499349E-02   2.4466695857E-02  -1.8074199753E-10   6.9025105833E-01
   10      2.2834728964E-10  -2.4466695856E-02   2.6903325849E-02   1.9220623821E-10   9.4894743135E-02
   11      3.4581576021E-02   1.8074299555E-10   1.9220643818E-10   1.6129492946E-02   4.1126087134E-09
   12     -6.3046610338E-11  -3.3010668399E-01   1.9577180264E-01   2.9288287110E-09  -2.4632317396E-03
   13     -9.0242198077E-11   2.5764772455E-01  -2.6339443769E-01  -2.1141752677E-09  -7.1017890498E-03
   14     -5.0052858751E-03   2.8998259820E-09  -1.5919282190E-09  -2.7697792013E-02  -1.1289944937E-10
   15      6.3046003322E-11  -2.4632317395E-03   6.0733311548E-03  -3.2175775347E-11  -3.3010668399E-01
   16     -9.0242102433E-11   7.1017890498E-03  -3.1196410785E-03  -3.8000444748E-11  -2.5764772454E-01
   17     -5.0052858751E-03   1.1289884391E-10   6.5690946048E-11   3.1316784829E-03  -2.8997969265E-09
                   10                 11                 12                 13                 14        
    0      6.3929686151E-02  -1.4846608353E-09  -4.9810476793E-02  -2.5881324307E-02   6.1795525508E-10
    1     -2.1709281691E-01   1.1407452465E-09   2.8560225202E-02   3.0020315132E-02  -4.1383101741E-10
    2     -6.7639299684E-11  -9.7007133563E-02   3.6315936010E-10   3.4786009874E-10   4.1871079941E-03
    3      6.7487400364E-02   8.7937705553E-11   9.0284992142E-03   1.8258131254E-03  -1.1716494515E-10
    4     -7.0136599482E-02  -3.5410193134E-10   5.7783412853E-03  -6.5371864158E-03   4.5510267061E-11
    5      2.2834728964E-10   3.4581576021E-02  -6.3046610338E-11  -9.0242198077E-11  -5.0052858751E-03
    6     -2.4466695856E-02   1.8074299555E-10  -3.3010668399E-01   2.5764772455E-01   2.8998259820E-09
    7      2.6903325849E-02   1.9220643818E-10   1.9577180264E-01  -2.6339443769E-01  -1.5919282190E-09
    8      1.9220623821E-10   1.6129492946E-02   2.9288287110E-09  -2.1141752677E-09  -2.7697792013E-02
    9      9.4894743135E-02   4.1126087134E-09  -2.4632317396E-03  -7.1017890498E-03  -1.1289944937E-10
   10      5.2684016931E-01   1.1733026967E-09  -6.0733311548E-03  -3.1196410785E-03   6.5690669980E-11
   11      1.1733026967E-09   7.0862178125E-02   3.2176138174E-11  -3.8000801938E-11   3.1316784829E-03
   12     -6.0733311548E-03   3.2176138174E-11   3.7478722854E-01  -2.2526373114E-01  -3.2744171412E-09
   13     -3.1196410785E-03  -3.8000801938E-11  -2.2526373114E-01   2.4204704612E-01   1.9143241245E-09
   14      6.5690669980E-11   3.1316784829E-03  -3.2744171412E-09   1.9143241245E-09   2.3539986314E-02
   15     -1.9577180264E-01  -2.9288044375E-09  -1.4353352311E-03  -1.2266931708E-03  -1.3299672753E-11
   16     -2.6339443769E-01  -2.1141517729E-09   1.2266931708E-03   9.8390393757E-04  -1.9765836300E-11
   17     -1.5919074699E-09  -2.7697792013E-02   1.3299513579E-11  -1.9765944224E-11   1.8443050971E-03
                   15                 16                 17        
     0     -4.9810476793E-02   2.5881324308E-02  -6.1795578610E-10
     1     -2.8560225201E-02   3.0020315132E-02  -4.1383000343E-10
     2     -3.6315616713E-10   3.4785788403E-10   4.1871079941E-03
     3      9.0284992141E-03  -1.8258131255E-03   1.1716424863E-10
     4     -5.7783412854E-03  -6.5371864158E-03   4.5510176994E-11
     5      6.3046003322E-11  -9.0242102433E-11  -5.0052858751E-03
     6     -2.4632317395E-03   7.1017890498E-03   1.1289884391E-10
     7      6.0733311548E-03  -3.1196410785E-03   6.5690946048E-11
     8     -3.2175775347E-11  -3.8000444748E-11   3.1316784829E-03
     9     -3.3010668399E-01  -2.5764772454E-01  -2.8997969265E-09
    10     -1.9577180264E-01  -2.6339443769E-01  -1.5919074699E-09
    11     -2.9288044375E-09  -2.1141517729E-09  -2.7697792013E-02
    12     -1.4353352311E-03   1.2266931708E-03   1.3299513579E-11
    13     -1.2266931708E-03   9.8390393757E-04  -1.9765944224E-11
    14     -1.3299672753E-11  -1.9765836300E-11   1.8443050971E-03
    15      3.7478722854E-01   2.2526373114E-01   3.2743900779E-09
    16      2.2526373114E-01   2.4204704611E-01   1.9143022834E-09
    17      3.2743900779E-09   1.9143022834E-09   2.3539986314E-02

$vibrational_frequencies
18
    0        0.0000000000000000
    1        0.0000000000000000
    2        0.0000000000000000
    3        0.0000000000000000
    4        0.0000000000000000
    5        0.0000000000000000
    6      633.9447339394679375
    7      671.5044377635920227
    8      799.6854427576581656
    9      801.0770137298179634
   10      964.0224128716247378
   11     1021.2335373280197928
   12     1338.0541573164900910
   13     1468.3602817377811789
   14     1596.8392438105599922
   15     1897.7329605948225435
   16     3884.4593203552858540
   17     3887.2844806044272445

$normal_modes
18 18
                    0                  1                  2                  3                  4        
    0      0.0000000000E+00   0.0000000000E+00   0.0000000000E+00   0.0000000000E+00   0.0000000000E+00
    1      0.0000000000E+00   0.0000000000E+00   0.0000000000E+00   0.0000000000E+00   0.0000000000E+00
    2      0.0000000000E+00   0.0000000000E+00   0.0000000000E+00   0.0000000000E+00   0.0000000000E+00
    3      0.0000000000E+00   0.0000000000E+00   0.0000000000E+00   0.0000000000E+00   0.0000000000E+00
    4      0.0000000000E+00   0.0000000000E+00   0.0000000000E+00   0.0000000000E+00   0.0000000000E+00
    5      0.0000000000E+00   0.0000000000E+00   0.0000000000E+00   0.0000000000E+00   0.0000000000E+00
    6      0.0000000000E+00   0.0000000000E+00   0.0000000000E+00   0.0000000000E+00   0.0000000000E+00
    7      0.0000000000E+00   0.0000000000E+00   0.0000000000E+00   0.0000000000E+00   0.0000000000E+00
    8      0.0000000000E+00   0.0000000000E+00   0.0000000000E+00   0.0000000000E+00   0.0000000000E+00
    9      0.0000000000E+00   0.0000000000E+00   0.0000000000E+00   0.0000000000E+00   0.0000000000E+00
   10      0.0000000000E+00   0.0000000000E+00   0.0000000000E+00   0.0000000000E+00   0.0000000000E+00
   11      0.0000000000E+00   0.0000000000E+00   0.0000000000E+00   0.0000000000E+00   0.0000000000E+00
   12      0.0000000000E+00   0.0000000000E+00   0.0000000000E+00   0.0000000000E+00   0.0000000000E+00
   13      0.0000000000E+00   0.0000000000E+00   0.0000000000E+00   0.0000000000E+00   0.0000000000E+00
   14      0.0000000000E+00   0.0000000000E+00   0.0000000000E+00   0.0000000000E+00   0.0000000000E+00
   15      0.0000000000E+00   0.0000000000E+00   0.0000000000E+00   0.0000000000E+00   0.0000000000E+00
   16      0.0000000000E+00   0.0000000000E+00   0.0000000000E+00   0.0000000000E+00   0.0000000000E+00
   17      0.0000000000E+00   0.0000000000E+00   0.0000000000E+00   0.0000000000E+00   0.0000000000E+00
                    5                  6                  7                  8                  9        
    0      0.0000000000E+00  -8.4253188082E-14   6.1519697448E-02   2.0928450700E-15  -2.4294904918E-10
    1      0.0000000000E+00  -8.8852105915E-02  -1.8637510601E-14   5.4531077903E-10   1.9098178619E-15
    2      0.0000000000E+00  -6.0119006074E-10  -8.3891141782E-17  -1.2837758984E-01   1.2923815805E-10
    3      0.0000000000E+00  -9.9357046398E-13  -1.6058275938E-01  -3.0407992181E-15   1.7915731180E-10
    4      0.0000000000E+00  -1.0217563122E-01   8.0416772968E-13  -4.6663232287E-10   9.9540420659E-16
    5      0.0000000000E+00   4.9497001841E-10   5.8716286096E-16   1.3541972148E-02  -1.3892877249E-11
    6      0.0000000000E+00  -1.2062379864E-01   4.8958544654E-02   1.2288209749E-09  -4.4395499743E-10
    7      0.0000000000E+00   6.9051449599E-02   1.0380622251E-01  -4.2631793795E-11  -4.4500562350E-10
    8      0.0000000000E+00  -1.6339668411E-10   1.3507663206E-10   1.7102391126E-03  -6.9185582322E-02
    9      0.0000000000E+00   1.2062379864E-01   4.8958544652E-02  -1.2288218586E-09  -4.4394833159E-10
   10      0.0000000000E+00   6.9051449597E-02  -1.0380622251E-01  -4.2636577562E-11   4.4500601995E-10
   11      0.0000000000E+00  -1.6339588455E-10  -1.3507534664E-10   1.7102392508E-03   6.9185582318E-02
   12      0.0000000000E+00   1.4256457401E-02   1.3102258060E-01   7.8092596984E-09   7.0705428606E-09
   13      0.0000000000E+00   2.4387749430E-01   2.0671617479E-01   1.1330634060E-09   9.0728802545E-10
   14      0.0000000000E+00   2.2445844108E-09   6.6295699377E-10   6.2968178562E-01   6.4819004495E-01
   15      0.0000000000E+00  -1.4256457398E-02   1.3102258060E-01  -7.8092223208E-09   7.0705234055E-09
   16      0.0000000000E+00   2.4387749430E-01  -2.0671617479E-01   1.1330790694E-09  -9.0733261129E-10
   17      0.0000000000E+00   2.2445843267E-09  -6.6298590038E-10   6.2968178432E-01  -6.4819004620E-01
                   10                 11                 12                 13                 14        
    0      1.1392115178E-15   1.3036255059E-12  -1.5130568491E-01   1.2609878507E-12   2.0102009920E-01
    1      1.5217907424E-09   6.8812952815E-02   4.8279790011E-13   4.7270094856E-02  -5.6864558237E-13
    2      2.2472719174E-01  -9.1958151740E-09  -3.9404123042E-15   1.5608222220E-10  -3.0210473628E-15
    3     -1.9102372748E-15   1.8776852427E-14   1.2215639512E-02  -4.8128222469E-13  -2.9123563536E-02
    4      4.6407948010E-09   1.0803776926E-01   3.3491466649E-13  -9.5789724719E-02  -2.4374665068E-14
    5     -7.7312162386E-02   2.6275196095E-09   3.2683083763E-16  -6.4192877622E-10   3.5171497426E-16
    6     -4.6494136531E-09  -1.2413149036E-01   6.7279393192E-02   4.4042291298E-04  -4.1295635377E-02
    7     -2.5944318990E-09  -7.1322999713E-02   7.6552350559E-02   5.8768544998E-02   2.0220081492E-02
    8     -6.3834848220E-02   2.4642710750E-09  -7.7022417519E-10  -6.2051743632E-11   3.1756639694E-10
    9      4.6494144759E-09   1.2413149036E-01   6.7279393193E-02  -4.4042291320E-04  -4.1295635378E-02
   10     -2.5944378043E-09  -7.1322999713E-02  -7.6552350559E-02   5.8768544998E-02  -2.0220081492E-02
   11     -6.3834848221E-02   2.4642685413E-09   7.7022705832E-10  -6.2054610854E-11  -3.1756377978E-10
   12     -3.2654336558E-09  -1.7829089761E-01  -2.6392289073E-01  -3.8610617113E-01  -3.1025819672E-01
   13     -4.7106924776E-09  -1.3504315655E-01  -3.5233330910E-01  -4.5399169489E-01  -3.4496593119E-01
   14      2.8871133928E-01  -5.2135857521E-09   3.2683416964E-09   5.1495371816E-09   4.6890125854E-09
   15      3.2654372977E-09   1.7829089762E-01  -2.6392289072E-01   3.8610617113E-01  -3.1025819672E-01
   16     -4.7106630880E-09  -1.3504315655E-01   3.5233330910E-01  -4.5399169489E-01   3.4496593120E-01
   17      2.8871133929E-01  -5.2135612818E-09  -3.2683456351E-09   5.1495517915E-09  -4.6890237754E-09
                   15                 16                 17        
     0     -1.4196872517E-13   3.0649797854E-03   2.4706843118E-12
     1     -2.2877939995E-01   6.7251218484E-14  -9.2969628268E-05
     2     -1.2275334488E-09  -7.2013570572E-17   8.4836484122E-12
     3      3.5876533085E-13  -4.3546982266E-04  -3.5600515355E-13
     4      1.2288690230E-01   1.1670974435E-12  -1.4352637995E-03
     5      1.1138935254E-09   1.6962944124E-17  -1.8132566501E-11
     6      9.5874463918E-03   3.3397290657E-02   3.4772039716E-02
     7      3.4382307177E-02  -2.5371627631E-02  -2.5299167052E-02
     8     -2.2109561704E-10  -3.0659931231E-10  -3.0384151221E-10
     9     -9.5874463919E-03   3.3397290714E-02  -3.4772039662E-02
    10      3.4382307178E-02   2.5371627671E-02  -2.5299167011E-02
    11     -2.2109613995E-10   3.0659646733E-10  -3.0383869008E-10
    12     -1.3871944051E-01  -5.4483072203E-01  -5.4388042152E-01
    13     -1.5880576288E-01   4.1388614805E-01   4.1345896596E-01
    14      1.9778185010E-09   4.9387648773E-09   4.9155677781E-09
    15      1.3871944051E-01  -5.4483072292E-01   5.4388042064E-01
    16     -1.5880576288E-01  -4.1388614872E-01   4.1345896528E-01
    17      1.9778178352E-09  -4.9387191705E-09   4.9155215985E-09

#
# The atoms: label  mass x y z (in bohrs)
#
$atoms
6
 C     12.00000     -0.000000000001    -0.182822618781     0.000000015847
 O     15.99491     -0.000000000009    -2.465067456382    -0.000000004080
 O     15.99491      2.050880422997     1.292098391568    -0.000000002930
 O     15.99491     -2.050880422988     1.292098391582    -0.000000002930
 H      1.00783      3.474164418412     0.143084367711    -0.000000015469
 H      1.00783     -3.474164418411     0.143084367734    -0.000000015469

$actual_temperature
  0.000000

$frequency_scale_factor
  1.000000

$dipole_derivatives
18
    2.2961337651E+00   -2.1753431954E-13    4.7098162819E-15
   -2.9922777466E-13    2.3362961746E+00   -4.4119908523E-09
    2.7226468564E-15   -3.8787642433E-09    7.2129386463E-01
   -8.1516554371E-01   -2.1296805749E-12    5.7788112882E-16
   -2.2739762844E-12   -1.4311206801E+00    3.1193776639E-09
    5.9471072882E-16   -7.9744424832E-09   -5.3204441378E-01
   -1.1791932365E+00   -4.1058176800E-01    1.1456176770E-09
   -3.5384551054E-01   -7.2612032490E-01    5.7483067135E-10
    6.0039617948E-09    5.7189294130E-09   -4.7758013338E-01
   -1.1791932365E+00    4.1058176800E-01   -1.1456179259E-09
    3.5384551054E-01   -7.2612032490E-01    5.7482302257E-10
   -6.0039650366E-09    5.7189256173E-09   -4.7758013338E-01
    4.3870912581E-01   -4.5614480235E-03   -6.7898400782E-10
    9.2446172490E-03    2.7353257763E-01    7.1476858284E-11
    7.2916122514E-10    2.0767324791E-10    3.8295540795E-01
    4.3870912581E-01    4.5614480225E-03    6.7897896899E-10
   -9.2446172502E-03    2.7353257763E-01    7.1482637839E-11
   -7.2916129774E-10    2.0767687565E-10    3.8295540795E-01

#
# The IR spectrum
#  wavenumber T**2 TX TY TZ
#
$ir_spectrum
18
      0.00   0.00000000     0.000000     0.000000     0.000000
      0.00   0.00000000     0.000000     0.000000     0.000000
      0.00   0.00000000     0.000000     0.000000     0.000000
      0.00   0.00000000     0.000000     0.000000     0.000000
      0.00   0.00000000     0.000000     0.000000     0.000000
      0.00   0.00000000     0.000000     0.000000     0.000000
    633.94   0.00047466     0.000000     0.021787     0.000000
    671.50   0.00365864     0.060487    -0.000000    -0.000000
    799.69   0.01091864     0.000000     0.000000     0.104492
    801.08   0.00000000     0.000000    -0.000000    -0.000000
    964.02   0.01470879     0.000000     0.000000     0.121280
   1021.23   0.00114569     0.000000     0.033848    -0.000000
   1338.05   0.02939500    -0.171450     0.000000    -0.000000
   1468.36   0.00028260     0.000000    -0.016811     0.000000
   1596.84   0.00316585     0.056266     0.000000    -0.000000
   1897.73   0.02312327    -0.000000    -0.152063     0.000000
   3884.46   0.00425214    -0.065208    -0.000000     0.000000
   3887.28   0.00090076    -0.000000     0.030013     0.000000


$end

