
$orca_hessian_file

$act_atom
  0

$act_coord
  0

$act_energy
        0.000000

$multiplicity
  1

$hessian
18
                    0                  1                  2                  3                  4        
    0      7.9360698602E-01   9.7553562450E-13  -7.5463181710E-16  -1.6539942965E-01  -2.0182501071E-12
    1      9.7553562450E-13   1.1041982167E+00   9.1814598038E-04  -2.0329863799E-12  -7.2971681512E-01
    2     -7.5463181710E-16   9.1814598038E-04   3.1262309992E-01  -1.5715349189E-15  -6.9627164923E-04
    3     -1.6539942965E-01  -2.0329863799E-12  -1.5715349189E-15   1.4464641710E-01   2.5944797526E-12
    4     -2.0182501071E-12  -7.2971681512E-01  -6.9627164923E-04   2.5944797526E-12   8.8343702912E-01
    5     -1.2232687256E-15  -6.9658467143E-04  -1.2688444680E-01   2.6525006150E-15   7.7825157145E-04
    6     -2.6487103618E-01  -9.0936783430E-02   1.0973576940E-04   1.3648445596E-03  -5.4678317185E-02
    7     -6.3877299628E-02  -2.1714879128E-01  -3.4508304698E-04  -6.7749215006E-02  -7.0403354373E-02
    8      4.8437992803E-04   3.9159788080E-05  -9.6780640357E-02   5.2049926056E-06  -5.0488042071E-05
    9     -2.6487103618E-01   9.0936783431E-02  -1.0973576940E-04   1.3648445604E-03   5.4678317184E-02
   10      6.3877299628E-02  -2.1714879128E-01  -3.4508304698E-04   6.7749215005E-02  -7.0403354374E-02
   11     -4.8437992803E-04   3.9159788085E-05  -9.6780640357E-02  -5.2049926061E-06  -5.0488042071E-05
   12     -4.9232742004E-02   2.8337933599E-02   3.2534873234E-04   9.0116617162E-03   5.7847542857E-03
   13     -2.6057743160E-02   2.9908090477E-02   2.3414588141E-04   1.8838011662E-03  -6.4567526274E-03
   14      6.5727610344E-05  -1.4994044256E-04   3.9113137931E-03  -7.2871679122E-05   9.4980809646E-06
   15     -4.9232742004E-02  -2.8337933599E-02  -3.2534873233E-04   9.0116617162E-03  -5.7847542858E-03
   16      2.6057743160E-02   2.9908090477E-02   2.3414588141E-04  -1.8838011663E-03  -6.4567526274E-03
   17     -6.5727610346E-05  -1.4994044256E-04   3.9113137931E-03   7.2871679121E-05   9.4980809641E-06
                    5                  6                  7                  8                  9        
    0     -1.2232687256E-15  -2.6487103618E-01  -6.3877299628E-02   4.8437992803E-04  -2.6487103618E-01
    1     -6.9658467143E-04  -9.0936783430E-02  -2.1714879128E-01   3.9159788080E-05   9.0936783431E-02
    2     -1.2688444680E-01   1.0973576940E-04  -3.4508304698E-04  -9.6780640357E-02  -1.0973576940E-04
    3      2.6525006150E-15   1.3648445596E-03  -6.7749215006E-02   5.2049926056E-06   1.3648445604E-03
    4      7.7825157145E-04  -5.4678317185E-02  -7.0403354373E-02  -5.0488042071E-05   5.4678317184E-02
    5      6.7506997955E-02  -1.5152833117E-05  -1.4414248006E-05   3.4657929049E-02   1.5152833116E-05
    6     -1.5152833117E-05   6.9302752448E-01  -9.4683022721E-02  -2.9771701294E-03  -9.4442263463E-02
    7     -1.4414248006E-05  -9.4683022721E-02   5.2534331133E-01   2.1359324421E-03   2.4420437204E-02
    8      3.4657929049E-02  -2.9771701294E-03   2.1359324421E-03   7.0338962034E-02   2.7168944690E-05
    9      1.5152833116E-05  -9.4442263463E-02   2.4420437204E-02   2.7168944690E-05   6.9302752448E-01
   10     -1.4414248006E-05  -2.4420437203E-02   2.6828853421E-02   1.3849201505E-04   9.4683022719E-02
   11      3.4657929049E-02  -2.7168944688E-05   1.3849201505E-04   1.6060792675E-02   2.9771701294E-03
   12     -5.8223865154E-05  -3.3267268181E-01   1.9584945104E-01   2.4436616016E-03  -2.4063875803E-03
   13     -2.6419202004E-05   2.5763605126E-01  -2.6151070658E-01  -2.2292399322E-03  -7.0825092758E-03
   14     -4.9692046282E-03   2.8207819402E-03  -1.9172328472E-03  -2.7402302386E-02  -8.8974197641E-05
   15      5.8223865153E-05  -2.4063875802E-03   6.0396491131E-03   1.6754662544E-05  -3.3267268182E-01
   16     -2.6419202004E-05   7.0825092758E-03  -3.1093125224E-03  -3.3856270987E-05  -2.5763605126E-01
   17     -4.9692046282E-03   8.8974197640E-05   2.3056850417E-06   3.1252589852E-03  -2.8207819402E-03
                   10                 11                 12                 13                 14        
    0      6.3877299628E-02  -4.8437992803E-04  -4.9232742004E-02  -2.6057743160E-02   6.5727610344E-05
    1     -2.1714879128E-01   3.9159788085E-05   2.8337933599E-02   2.9908090477E-02  -1.4994044256E-04
    2     -3.4508304698E-04  -9.6780640357E-02   3.2534873234E-04   2.3414588141E-04   3.9113137931E-03
    3      6.7749215005E-02  -5.2049926061E-06   9.0116617162E-03   1.8838011662E-03  -7.2871679122E-05
    4     -7.0403354374E-02  -5.0488042071E-05   5.7847542857E-03  -6.4567526274E-03   9.4980809646E-06
    5     -1.4414248006E-05   3.4657929049E-02  -5.8223865154E-05  -2.6419202004E-05  -4.9692046282E-03
    6     -2.4420437203E-02  -2.7168944688E-05  -3.3267268181E-01   2.5763605126E-01   2.8207819402E-03
    7      2.6828853421E-02   1.3849201505E-04   1.9584945104E-01  -2.6151070658E-01  -1.9172328472E-03
    8      1.3849201505E-04   1.6060792675E-02   2.4436616016E-03  -2.2292399322E-03  -2.7402302386E-02
    9      9.4683022719E-02   2.9771701294E-03  -2.4063875803E-03  -7.0825092758E-03  -8.8974197641E-05
   10      5.2534331133E-01   2.1359324421E-03  -6.0396491131E-03  -3.1093125224E-03   2.3056850418E-06
   11      2.1359324421E-03   7.0338962034E-02  -1.6754662544E-05  -3.3856270987E-05   3.1252589852E-03
   12     -6.0396491131E-03  -1.6754662544E-05   3.7671225379E-01  -2.2515604490E-01  -2.7093477400E-03
   13     -3.1093125224E-03  -3.3856270987E-05  -2.2515604490E-01   2.4018633893E-01   2.0657071965E-03
   14      2.3056850418E-06   3.1252589852E-03  -2.7093477400E-03   2.0657071965E-03   2.3480584689E-02
   15     -1.9584945104E-01  -2.4436616015E-03  -1.4121041069E-03  -1.2235550928E-03  -1.5315933789E-05
   16     -2.6151070657E-01  -2.2292399321E-03   1.2235550928E-03   9.8234232017E-04  -1.0337672705E-05
   17     -1.9172328472E-03  -2.7402302387E-02   1.5315933789E-05  -1.0337672705E-05   1.8543495473E-03
                   15                 16                 17        
     0     -4.9232742004E-02   2.6057743160E-02  -6.5727610346E-05
     1     -2.8337933599E-02   2.9908090477E-02  -1.4994044256E-04
     2     -3.2534873233E-04   2.3414588141E-04   3.9113137931E-03
     3      9.0116617162E-03  -1.8838011663E-03   7.2871679121E-05
     4     -5.7847542858E-03  -6.4567526274E-03   9.4980809641E-06
     5      5.8223865153E-05  -2.6419202004E-05  -4.9692046282E-03
     6     -2.4063875802E-03   7.0825092758E-03   8.8974197640E-05
     7      6.0396491131E-03  -3.1093125224E-03   2.3056850417E-06
     8      1.6754662544E-05  -3.3856270987E-05   3.1252589852E-03
     9     -3.3267268182E-01  -2.5763605126E-01  -2.8207819402E-03
    10     -1.9584945104E-01  -2.6151070657E-01  -1.9172328472E-03
    11     -2.4436616015E-03  -2.2292399321E-03  -2.7402302387E-02
    12     -1.4121041069E-03   1.2235550928E-03   1.5315933789E-05
    13     -1.2235550928E-03   9.8234232017E-04  -1.0337672705E-05
    14     -1.5315933789E-05  -1.0337672705E-05   1.8543495473E-03
    15      3.7671225379E-01   2.2515604490E-01   2.7093477400E-03
    16      2.2515604490E-01   2.4018633893E-01   2.0657071964E-03
    17      2.7093477400E-03   2.0657071964E-03   2.3480584689E-02

$vibrational_frequencies
18
    0        0.0000000000000000
    1        0.0000000000000000
    2        0.0000000000000000
    3        0.0000000000000000
    4        0.0000000000000000
    5        0.0000000000000000
    6      633.9053012385372767
    7      671.5864359107055179
    8      798.7451167023691596
    9      800.1749673292247280
   10      961.8130628206082520
   11     1021.6806655519162632
   12     1336.6267505468772470
   13     1466.7272117556099147
   14     1594.0572674131180975
   15     1902.5761221408151869
   16     3886.3563411756372261
   17     3889.1640838932339648

$normal_modes
18 18
                    0                  1                  2                  3                  4        
    0      0.0000000000E+00   0.0000000000E+00   0.0000000000E+00   0.0000000000E+00   0.0000000000E+00
    1      0.0000000000E+00   0.0000000000E+00   0.0000000000E+00   0.0000000000E+00   0.0000000000E+00
    2      0.0000000000E+00   0.0000000000E+00   0.0000000000E+00   0.0000000000E+00   0.0000000000E+00
    3      0.0000000000E+00   0.0000000000E+00   0.0000000000E+00   0.0000000000E+00   0.0000000000E+00
    4      0.0000000000E+00   0.0000000000E+00   0.0000000000E+00   0.0000000000E+00   0.0000000000E+00
    5      0.0000000000E+00   0.0000000000E+00   0.0000000000E+00   0.0000000000E+00   0.0000000000E+00
    6      0.0000000000E+00   0.0000000000E+00   0.0000000000E+00   0.0000000000E+00   0.0000000000E+00
    7      0.0000000000E+00   0.0000000000E+00   0.0000000000E+00   0.0000000000E+00   0.0000000000E+00
    8      0.0000000000E+00   0.0000000000E+00   0.0000000000E+00   0.0000000000E+00   0.0000000000E+00
    9      0.0000000000E+00   0.0000000000E+00   0.0000000000E+00   0.0000000000E+00   0.0000000000E+00
   10      0.0000000000E+00   0.0000000000E+00   0.0000000000E+00   0.0000000000E+00   0.0000000000E+00
   11      0.0000000000E+00   0.0000000000E+00   0.0000000000E+00   0.0000000000E+00   0.0000000000E+00
   12      0.0000000000E+00   0.0000000000E+00   0.0000000000E+00   0.0000000000E+00   0.0000000000E+00
   13      0.0000000000E+00   0.0000000000E+00   0.0000000000E+00   0.0000000000E+00   0.0000000000E+00
   14      0.0000000000E+00   0.0000000000E+00   0.0000000000E+00   0.0000000000E+00   0.0000000000E+00
   15      0.0000000000E+00   0.0000000000E+00   0.0000000000E+00   0.0000000000E+00   0.0000000000E+00
   16      0.0000000000E+00   0.0000000000E+00   0.0000000000E+00   0.0000000000E+00   0.0000000000E+00
   17      0.0000000000E+00   0.0000000000E+00   0.0000000000E+00   0.0000000000E+00   0.0000000000E+00
                    5                  6                  7                  8                  9        
    0      0.0000000000E+00   1.4487024051E-13   6.1645094372E-02   4.6519526452E-04  -3.7167010922E-13
    1      0.0000000000E+00   8.8804148301E-02  -2.9812412859E-14   3.3021255849E-13   4.0523832605E-04
    2      0.0000000000E+00   2.3454196768E-04   6.1237497928E-15  -1.0233013841E-10  -1.2645459779E-01
    3      0.0000000000E+00   7.3775928002E-13  -1.6063315914E-01  -8.6210239551E-04   6.8887879341E-13
    4      0.0000000000E+00   1.0199956925E-01   7.8593935078E-13   1.3640781789E-13   1.6271677813E-04
    5      0.0000000000E+00  -1.6975247193E-04   5.2466978146E-16   1.0378626755E-11   1.3040912137E-02
    6      0.0000000000E+00   1.2072049401E-01   4.8934939198E-02   1.3588736735E-06  -2.2079512163E-04
    7      0.0000000000E+00  -6.8906426922E-02   1.0364074456E-01   7.1208184504E-04  -7.9040752575E-05
    8      0.0000000000E+00   3.3945927364E-05   3.6646470771E-04  -6.9277408150E-02   1.0879785629E-03
    9      0.0000000000E+00  -1.2072049401E-01   4.8934939196E-02   1.3588740426E-06   2.2079512164E-04
   10      0.0000000000E+00  -6.8906426920E-02  -1.0364074456E-01  -7.1208184517E-04  -7.9040751436E-05
   11      0.0000000000E+00   3.3945927366E-05  -3.6646470771E-04   6.9277408152E-02   1.0879784499E-03
   12      0.0000000000E+00  -1.3533689152E-02   1.3105061686E-01   4.0500288427E-03   3.1757870555E-03
   13      0.0000000000E+00  -2.4449648233E-01   2.0753707716E-01  -1.7809830918E-03  -2.4493342423E-03
   14      0.0000000000E+00  -5.8802455731E-04  -3.3952937685E-03   6.4800751514E-01   6.3208523746E-01
   15      0.0000000000E+00   1.3533689149E-02   1.3105061685E-01   4.0500288375E-03  -3.1757870620E-03
   16      0.0000000000E+00  -2.4449648233E-01  -2.0753707716E-01   1.7809830877E-03  -2.4493342452E-03
   17      0.0000000000E+00  -5.8802455733E-04   3.3952937684E-03  -6.4800751410E-01   6.3208523851E-01
                   10                 11                 12                 13                 14        
    0      5.2297670872E-15   3.4101116830E-13   1.5014829401E-01   1.1953373368E-12  -2.0184677990E-01
    1      9.4991320265E-04   6.9092923293E-02  -5.9266199698E-13   4.4924406123E-02   8.7469251924E-13
    2      2.2578211908E-01  -3.5057110252E-03   8.9245832360E-15  -6.9715451268E-04   3.0867595575E-15
    3      3.0975444871E-15   3.2406108171E-13  -1.1852234705E-02  -4.8023275086E-13   2.9251168040E-02
    4      1.5763410386E-03   1.0784887100E-01   3.7291091500E-13  -9.5001393995E-02  -2.9082826251E-13
    5     -7.7382472079E-02   1.1689677142E-03  -1.0816646223E-15  -7.7055176308E-07  -9.0434476879E-16
    6     -2.1550802429E-03  -1.2398517037E-01  -6.7009421037E-02   6.8673051853E-04   4.1709070190E-02
    7     -8.4020980576E-04  -7.1235117280E-02  -7.6877752931E-02   5.9404777479E-02  -1.9886669788E-02
    8     -6.3854520509E-02   1.0669096299E-03  -2.0291451438E-05   2.9519340245E-04  -2.2350768244E-04
    9      2.1550802429E-03   1.2398517037E-01  -6.7009421037E-02  -6.8673051879E-04   4.1709070190E-02
   10     -8.4020980579E-04  -7.1235117281E-02   7.6877752931E-02   5.9404777479E-02   1.9886669788E-02
   11     -6.3854520510E-02   1.0669096299E-03   2.0291451431E-05   2.9519340244E-04   2.2350768244E-04
   12     -2.4195489237E-03  -1.7916854734E-01   2.6364491529E-01  -3.8494484044E-01   3.0760567089E-01
   13     -4.8293256429E-03  -1.3660571854E-01   3.5526743698E-01  -4.5637999946E-01   3.4389724465E-01
   14      2.8330106614E-01  -5.3378627287E-03  -1.2964667693E-04  -5.2836923120E-04   1.6032228458E-04
   15      2.4195489237E-03   1.7916854734E-01   2.6364491528E-01   3.8494484044E-01   3.0760567089E-01
   16     -4.8293256429E-03  -1.3660571854E-01  -3.5526743698E-01  -4.5637999946E-01  -3.4389724465E-01
   17      2.8330106614E-01  -5.3378627288E-03   1.2964667695E-04  -5.2836923118E-04  -1.6032228456E-04
                   15                 16                 17        
     0     -7.7499418094E-13   2.9596646201E-03   1.9185099929E-12
     1     -2.2918348912E-01   7.1002749875E-14  -1.2158468848E-04
     2     -3.7748651381E-04   4.5438068316E-15  -7.0268860839E-06
     3      4.3268789480E-13  -4.4346475898E-04  -2.9255423549E-13
     4      1.2379755279E-01   9.3098461432E-13  -1.4275395426E-03
     5      1.6266476949E-04   1.1814919792E-16  -1.2741898837E-07
     6      9.5052776453E-03   3.3542107321E-02   3.4909316440E-02
     7      3.3854381758E-02  -2.5238007973E-02  -2.5153709318E-02
     8      3.8955448306E-05  -2.7378064410E-04  -2.7962142466E-04
     9     -9.5052776451E-03   3.3542107366E-02  -3.4909316396E-02
    10      3.3854381758E-02   2.5238008005E-02  -2.5153709285E-02
    11      3.8955448305E-05   2.7378064446E-04  -2.7962142430E-04
    12     -1.3443041921E-01  -5.4643864003E-01  -5.4549365294E-01
    13     -1.5524783518E-01   4.1168288062E-01   4.1125950868E-01
    14      3.3827842389E-04   4.5038715835E-03   4.4806400053E-03
    15      1.3443041921E-01  -5.4643864074E-01   5.4549365223E-01
    16     -1.5524783518E-01  -4.1168288115E-01   4.1125950814E-01
    17      3.3827842390E-04  -4.5038715893E-03   4.4806399994E-03

#
# The atoms: label  mass x y z (in bohrs)
#
$atoms
6
 C     12.00000     -0.000000000001    -0.183465967692     0.002439979953
 O     15.99491     -0.000000000009    -2.463706465006    -0.000557812121
 O     15.99491      2.050870629733     1.291247280949     0.000130034923
 O     15.99491     -2.050870629724     1.291247280963     0.000130034923
 H      1.00783      3.479679052197     0.149622273116    -0.012163518663
 H      1.00783     -3.479679052196     0.149622273140    -0.012163518663

$actual_temperature
  0.000000

$frequency_scale_factor
  1.000000

$dipole_derivatives
18
    2.2984592666E+00    1.7931458202E-13   -3.0761714047E-15
   -4.1795108706E-14    2.3389713242E+00   -1.9028697347E-03
   -1.6379279875E-15   -6.5204664226E-04    7.2200105945E-01
   -8.1512522988E-01   -2.2961808108E-12    3.9942054264E-15
   -2.0285283853E-12   -1.4328983874E+00    6.2038054059E-04
   -3.1854333150E-15   -1.6065834675E-03   -5.3176301038E-01
   -1.1810477028E+00   -4.1174309639E-01    2.5548456309E-04
   -3.5433394260E-01   -7.2669940753E-01    1.0696505888E-03
    3.9567218882E-04    1.1559642961E-03   -4.7860177526E-01
   -1.1810477028E+00    4.1174309639E-01   -2.5548456308E-04
    3.5433394260E-01   -7.2669940753E-01    1.0696505888E-03
   -3.9567218881E-04    1.1559642961E-03   -4.7860177526E-01
    4.3938068440E-01   -3.8490287658E-03   -5.5810958389E-04
    9.3329195563E-03    2.7366293915E-01   -4.2840599174E-04
    1.2057184025E-04   -2.6649241288E-05    3.8348275073E-01
    4.3938068440E-01    3.8490287647E-03    5.5810958387E-04
   -9.3329195576E-03    2.7366293915E-01   -4.2840599173E-04
   -1.2057184026E-04   -2.6649241284E-05    3.8348275073E-01

#
# The IR spectrum
#  wavenumber T**2 TX TY TZ
#
$ir_spectrum
18
      0.00   0.00000000     0.000000     0.000000     0.000000
      0.00   0.00000000     0.000000     0.000000     0.000000
      0.00   0.00000000     0.000000     0.000000     0.000000
      0.00   0.00000000     0.000000     0.000000     0.000000
      0.00   0.00000000     0.000000     0.000000     0.000000
      0.00   0.00000000     0.000000     0.000000     0.000000
    633.91   0.00048445    -0.000000    -0.022010    -0.000059
    671.59   0.00368024     0.060665    -0.000000    -0.000000
    798.75   0.00000180     0.001343    -0.000000     0.000000
    800.17   0.01118093    -0.000000    -0.000089     0.105740
    961.81   0.01457559    -0.000000     0.000037     0.120729
   1021.68   0.00114764     0.000000     0.033818    -0.001998
   1336.63   0.02924750     0.171019    -0.000000     0.000000
   1466.73   0.00035137     0.000000    -0.018745    -0.000078
   1594.06   0.00329714    -0.057421     0.000000     0.000000
   1902.58   0.02309860    -0.000000    -0.151982     0.000131
   3886.36   0.00429687    -0.065550    -0.000000    -0.000000
   3889.16   0.00088339    -0.000000     0.029718     0.000488


$end

