
$orca_hessian_file

$act_atom
  0

$act_coord
  0

$act_energy
        0.000000

$multiplicity
  1

$hessian
18
                    0                  1                  2                  3                  4        
    0      7.9360991574E-01  -6.7445715679E-11  -7.0560914103E-04  -1.6539860140E-01   4.5219975618E-11
    1     -6.7445715679E-11   1.1042047256E+00   3.6875221794E-09   4.2802346387E-11  -7.2972367951E-01
    2     -7.0560914103E-04   3.6875221794E-09   3.1262135667E-01   5.0645132458E-05  -4.2864996910E-09
    3     -1.6539860140E-01   4.2802346387E-11   5.0645132458E-05   1.4464606972E-01  -4.5247499324E-11
    4      4.5219975618E-11  -7.2972367951E-01  -4.2864996910E-09  -4.5247499324E-11   8.8344388799E-01
    5      1.6860454188E-04  -5.1765229823E-09  -1.2688284201E-01   8.0483846765E-05   4.9151134820E-09
    6     -2.6487182194E-01  -9.0937941663E-02  -2.4838184018E-05   1.3646945713E-03  -5.4678259131E-02
    7     -6.3880480635E-02  -2.1714819180E-01  -3.9034918223E-04  -6.7749228478E-02  -7.0403314543E-02
    8      3.1720977170E-04  -6.8957458624E-05  -9.6781619107E-02   8.5190031481E-06  -7.0487231494E-05
    9     -2.6487182194E-01   9.0937941687E-02  -2.4839776267E-05   1.3646945610E-03   5.4678259134E-02
   10      6.3880480693E-02  -2.1714819170E-01   3.9034910857E-04   6.7749228462E-02  -7.0403314547E-02
   11      3.1720677035E-04   6.8959737713E-05  -9.6781619060E-02   8.5191849531E-06   7.0486528035E-05
   12     -4.9233835234E-02   2.8337916289E-02   3.5232134602E-04   9.0115712731E-03   5.7845551671E-03
   13     -2.6056288539E-02   2.9907668720E-02   2.3667086274E-04   1.8836949245E-03  -6.4567896903E-03
   14     -4.8705357933E-05  -9.4639798392E-05   3.9123617535E-03  -7.4083697966E-05   1.7202725810E-06
   15     -4.9233835220E-02  -2.8337916288E-02   3.5232062284E-04   9.0115712769E-03  -5.7845551700E-03
   16      2.6056288504E-02   2.9907668677E-02  -2.3667019011E-04  -1.8836949066E-03  -6.4567896919E-03
   17     -4.8706584966E-05   9.4639008304E-05   3.9123617616E-03  -7.4083469359E-05  -1.7201977370E-06
                    5                  6                  7                  8                  9        
    0      1.6860454188E-04  -2.6487182194E-01  -6.3880480635E-02   3.1720977170E-04  -2.6487182194E-01
    1     -5.1765229823E-09  -9.0937941663E-02  -2.1714819180E-01  -6.8957458624E-05   9.0937941687E-02
    2     -1.2688284201E-01  -2.4838184018E-05  -3.9034918223E-04  -9.6781619107E-02  -2.4839776267E-05
    3      8.0483846765E-05   1.3646945713E-03  -6.7749228478E-02   8.5190031481E-06   1.3646945610E-03
    4      4.9151134820E-09  -5.4678259131E-02  -7.0403314543E-02  -7.0487231494E-05   5.4678259134E-02
    5      6.7505551790E-02  -6.4441695524E-05  -7.6451194778E-05   3.4657720264E-02  -6.4441927002E-05
    6     -6.4441695524E-05   6.9301027535E-01  -9.4663259890E-02  -3.1435752618E-03  -9.4440821983E-02
    7     -7.6451194778E-05  -9.4663259890E-02   5.2533183555E-01   2.7378925502E-03   2.4420708038E-02
    8      3.4657720264E-02  -3.1435752618E-03   2.7378925502E-03   7.0352475022E-02   9.9321069303E-05
    9     -6.4441927002E-05  -9.4440821983E-02   2.4420708038E-02   9.9321069303E-05   6.9301027569E-01
   10      7.6451636084E-05  -2.4420708057E-02   2.6827164651E-02   6.6995614665E-06   9.4663259851E-02
   11      3.4657720264E-02   9.9321427826E-05  -6.6991753983E-06   1.6059301833E-02  -3.1435671594E-03
   12     -6.0102446003E-05  -3.3265579096E-01   1.9583268032E-01   2.6839235312E-03  -2.4065350144E-03
   13     -1.4375408321E-05   2.5761768031E-01  -2.6149885045E-01  -2.6252017929E-03  -7.0824884273E-03
   14     -4.9690751500E-03   3.1992314017E-03  -2.3112178809E-03  -2.7414124390E-02  -6.5697924724E-05
   15     -6.0102320117E-05  -2.4065350329E-03   6.0395806453E-03   3.4601886505E-05  -3.3265579131E-01
   16      1.4375228425E-05   7.0824884259E-03  -3.1086434035E-03   2.0054371291E-05  -2.5761768028E-01
   17     -4.9690751547E-03  -6.5697688215E-05   4.6824883070E-05   3.1262463773E-03   3.1992257180E-03
                   10                 11                 12                 13                 14        
    0      6.3880480693E-02   3.1720677035E-04  -4.9233835234E-02  -2.6056288539E-02  -4.8705357933E-05
    1     -2.1714819170E-01   6.8959737713E-05   2.8337916289E-02   2.9907668720E-02  -9.4639798392E-05
    2      3.9034910857E-04  -9.6781619060E-02   3.5232134602E-04   2.3667086274E-04   3.9123617535E-03
    3      6.7749228462E-02   8.5191849531E-06   9.0115712731E-03   1.8836949245E-03  -7.4083697966E-05
    4     -7.0403314547E-02   7.0486528035E-05   5.7845551671E-03  -6.4567896903E-03   1.7202725810E-06
    5      7.6451636084E-05   3.4657720264E-02  -6.0102446003E-05  -1.4375408321E-05  -4.9690751500E-03
    6     -2.4420708057E-02   9.9321427826E-05  -3.3265579096E-01   2.5761768031E-01   3.1992314017E-03
    7      2.6827164651E-02  -6.6991753983E-06   1.9583268032E-01  -2.6149885045E-01  -2.3112178809E-03
    8      6.6995614665E-06   1.6059301833E-02   2.6839235312E-03  -2.6252017929E-03  -2.7414124390E-02
    9      9.4663259851E-02  -3.1435671594E-03  -2.4065350144E-03  -7.0824884273E-03  -6.5697924724E-05
   10      5.2533183528E-01  -2.7378903796E-03  -6.0395806615E-03  -3.1086434015E-03  -4.6824762314E-05
   11     -2.7378903796E-03   7.0352474901E-02   3.4601963968E-05  -2.0054446879E-05   3.1262463720E-03
   12     -6.0395806615E-03   3.4601963968E-05   3.7669673162E-01  -2.2513908469E-01  -2.9943533580E-03
   13     -3.1086434015E-03  -2.0054446879E-05  -2.2513908469E-01   2.4017450331E-01   2.4369614943E-03
   14     -4.6824762314E-05   3.1262463720E-03  -2.9943533580E-03   2.4369614943E-03   2.3490925117E-02
   15     -1.9583268029E-01   2.6839178123E-03  -1.4121416758E-03  -1.2235135815E-03  -1.6391063116E-05
   16     -2.6149885028E-01   2.6251977361E-03   1.2235135774E-03   9.8211151448E-04   1.4000674681E-05
   17      2.3112148358E-03  -2.7414124310E-02  -1.6391037138E-05  -1.4000709017E-05   1.8536662973E-03
                   15                 16                 17        
     0     -4.9233835220E-02   2.6056288504E-02  -4.8706584966E-05
     1     -2.8337916288E-02   2.9907668677E-02   9.4639008304E-05
     2      3.5232062284E-04  -2.3667019011E-04   3.9123617616E-03
     3      9.0115712769E-03  -1.8836949066E-03  -7.4083469359E-05
     4     -5.7845551700E-03  -6.4567896919E-03  -1.7201977370E-06
     5     -6.0102320117E-05   1.4375228425E-05  -4.9690751547E-03
     6     -2.4065350329E-03   7.0824884259E-03  -6.5697688215E-05
     7      6.0395806453E-03  -3.1086434035E-03   4.6824883070E-05
     8      3.4601886505E-05   2.0054371291E-05   3.1262463773E-03
     9     -3.3265579131E-01  -2.5761768028E-01   3.1992257180E-03
    10     -1.9583268029E-01  -2.6149885028E-01   2.3112148358E-03
    11      2.6839178123E-03   2.6251977361E-03  -2.7414124310E-02
    12     -1.4121416758E-03   1.2235135774E-03  -1.6391037138E-05
    13     -1.2235135815E-03   9.8211151448E-04  -1.4000709017E-05
    14     -1.6391063116E-05   1.4000674681E-05   1.8536662973E-03
    15      3.7669673196E-01   2.2513908468E-01  -2.9943469384E-03
    16      2.2513908468E-01   2.4017450318E-01  -2.4369578204E-03
    17     -2.9943469384E-03  -2.4369578204E-03   2.3490925028E-02

$vibrational_frequencies
18
    0        0.0000000000000000
    1        0.0000000000000000
    2        0.0000000000000000
    3        0.0000000000000000
    4        0.0000000000000000
    5        0.0000000000000000
    6      633.9110535276871587
    7      671.5870003964161015
    8      798.8162122284309135
    9      800.2127551239055947
   10      961.8362827328500089
   11     1021.6712054159106629
   12     1336.6553893336354122
   13     1466.7520795037198695
   14     1594.0737823028955518
   15     1902.5821297101542768
   16     3886.2695176836773499
   17     3889.0768155674022637

$normal_modes
18 18
                    0                  1                  2                  3                  4        
    0      0.0000000000E+00   0.0000000000E+00   0.0000000000E+00   0.0000000000E+00   0.0000000000E+00
    1      0.0000000000E+00   0.0000000000E+00   0.0000000000E+00   0.0000000000E+00   0.0000000000E+00
    2      0.0000000000E+00   0.0000000000E+00   0.0000000000E+00   0.0000000000E+00   0.0000000000E+00
    3      0.0000000000E+00   0.0000000000E+00   0.0000000000E+00   0.0000000000E+00   0.0000000000E+00
    4      0.0000000000E+00   0.0000000000E+00   0.0000000000E+00   0.0000000000E+00   0.0000000000E+00
    5      0.0000000000E+00   0.0000000000E+00   0.0000000000E+00   0.0000000000E+00   0.0000000000E+00
    6      0.0000000000E+00   0.0000000000E+00   0.0000000000E+00   0.0000000000E+00   0.0000000000E+00
    7      0.0000000000E+00   0.0000000000E+00   0.0000000000E+00   0.0000000000E+00   0.0000000000E+00
    8      0.0000000000E+00   0.0000000000E+00   0.0000000000E+00   0.0000000000E+00   0.0000000000E+00
    9      0.0000000000E+00   0.0000000000E+00   0.0000000000E+00   0.0000000000E+00   0.0000000000E+00
   10      0.0000000000E+00   0.0000000000E+00   0.0000000000E+00   0.0000000000E+00   0.0000000000E+00
   11      0.0000000000E+00   0.0000000000E+00   0.0000000000E+00   0.0000000000E+00   0.0000000000E+00
   12      0.0000000000E+00   0.0000000000E+00   0.0000000000E+00   0.0000000000E+00   0.0000000000E+00
   13      0.0000000000E+00   0.0000000000E+00   0.0000000000E+00   0.0000000000E+00   0.0000000000E+00
   14      0.0000000000E+00   0.0000000000E+00   0.0000000000E+00   0.0000000000E+00   0.0000000000E+00
   15      0.0000000000E+00   0.0000000000E+00   0.0000000000E+00   0.0000000000E+00   0.0000000000E+00
   16      0.0000000000E+00   0.0000000000E+00   0.0000000000E+00   0.0000000000E+00   0.0000000000E+00
   17      0.0000000000E+00   0.0000000000E+00   0.0000000000E+00   0.0000000000E+00   0.0000000000E+00
                    5                  6                  7                  8                  9        
    0      0.0000000000E+00  -1.1791026662E-10  -6.1644485237E-02   2.2948813613E-10  -4.5773315170E-04
    1      0.0000000000E+00   8.8804595548E-02  -1.5402891350E-10  -2.6818463834E-04  -5.5006405291E-10
    2      0.0000000000E+00   6.5298618429E-10  -1.4291130879E-04   1.0831123684E-08   1.2649031599E-01
    3      0.0000000000E+00   2.7105404300E-10   1.6063268412E-01  -1.8721619401E-10   8.6262056863E-04
    4      0.0000000000E+00   1.0199969594E-01  -1.6836131515E-10  -3.4446307905E-05   3.8525281447E-10
    5      0.0000000000E+00  -4.9600432849E-10  -1.3500259995E-04  -1.0969729932E-09  -1.3053634430E-02
    6      0.0000000000E+00   1.2072007610E-01  -4.8935315091E-02   9.9448666670E-04  -1.8333312346E-06
    7      0.0000000000E+00  -6.8906581423E-02  -1.0364049464E-01  -1.8504927652E-04  -7.1038201950E-04
    8      0.0000000000E+00  -4.6958822391E-05  -1.2990837558E-04   6.9276918652E-02  -1.0986918251E-03
    9      0.0000000000E+00  -1.2072007624E-01  -4.8935314687E-02  -9.9448572771E-04  -1.8305365573E-06
   10      0.0000000000E+00  -6.8906581103E-02   1.0364049487E-01  -1.8505019589E-04   7.1038224300E-04
   11      0.0000000000E+00   4.6959163877E-05  -1.2990817493E-04  -6.9276918803E-02  -1.0986798767E-03
   12      0.0000000000E+00  -1.3518260066E-02  -1.3104451135E-01  -1.8850066664E-03  -4.0910656088E-03
   13      0.0000000000E+00  -2.4449770122E-01  -2.0753888581E-01   4.8068309540E-03   1.7552786057E-03
   14      0.0000000000E+00   1.1367933364E-03   3.9838424636E-03  -6.4800181945E-01  -6.3202693801E-01
   15      0.0000000000E+00   1.3518259389E-02  -1.3104451134E-01   1.8849920026E-03  -4.0910503415E-03
   16      0.0000000000E+00  -2.4449770039E-01   2.0753888656E-01   4.8068326941E-03  -1.7552817175E-03
   17      0.0000000000E+00  -1.1367986591E-03   3.9838444368E-03   6.4800171029E-01  -6.3202704976E-01
                   10                 11                 12                 13                 14        
    0      3.6244247818E-04  -2.9135029994E-11   1.5016318780E-01   4.1596781222E-10   2.0183566486E-01
    1      1.4428286569E-09   6.9099339478E-02  -2.2676887388E-11   4.4927280561E-02  -8.3088785022E-12
    2      2.2578822355E-01  -8.9472443728E-09   7.8078867104E-04   1.6933897684E-10  -7.4302419760E-04
    3     -4.3740862670E-04   6.1555163832E-12  -1.1856078515E-02  -6.0671694264E-11  -2.9248950064E-02
    4      4.5276927201E-09   1.0786226619E-01   1.9595888615E-10  -9.4999247647E-02   3.6163330195E-11
    5     -7.7389291165E-02   2.5293900197E-09  -6.0559693277E-05  -6.4358563498E-10   1.1256323142E-04
    6      6.6448717639E-05  -1.2400050344E-01  -6.7011983314E-02   6.8781355465E-04  -4.1704667970E-02
    7      6.5564364864E-04  -7.1241708167E-02  -7.6874425834E-02   5.9402529568E-02   1.9890262664E-02
    8     -6.3862105138E-02   3.0779041761E-04  -3.1475286068E-04   3.6309866601E-04   3.1167155559E-04
    9      6.6457673403E-05   1.2400050346E-01  -6.7011983293E-02  -6.8781381869E-04  -4.1704667967E-02
   10     -6.5564869261E-04  -7.1241708177E-02   7.6874425575E-02   5.9402529781E-02  -1.9890262751E-02
   11     -6.3862105205E-02  -3.0778565152E-04  -3.1475442344E-04  -3.6309881783E-04   3.1167093164E-04
   12      2.5856235823E-04  -1.7918639110E-01   2.6362741413E-01  -3.8495247956E-01  -3.0762696509E-01
   13     -3.3866233265E-03  -1.3664561019E-01   3.5523739341E-01  -4.5637846953E-01  -3.4391481431E-01
   14      2.8343920944E-01  -2.8832815392E-03   8.2756996413E-04  -1.9725931530E-03  -1.4161432248E-03
   15      2.5856859804E-04   1.7918639091E-01   2.6362741273E-01   3.8495247976E-01  -3.0762696561E-01
   16      3.3866143408E-03  -1.3664561022E-01  -3.5523739213E-01  -4.5637847035E-01   3.4391481523E-01
   17      2.8343921005E-01   2.8832722878E-03   8.2757679197E-04   1.9726037604E-03  -1.4161527345E-03
                   15                 16                 17        
     0      4.9533437230E-11   2.9601002998E-03   1.0169790173E-10
     1     -2.2918307396E-01   1.9318346325E-12   1.2163660056E-04
     2     -1.2221018554E-09  -1.0918749901E-05  -6.6285682541E-12
     3     -1.5110877451E-11  -4.4347425517E-04  -1.4043098323E-11
     4      1.2379757116E-01  -4.7690288560E-11   1.4275840074E-03
     5      1.1186712478E-09   7.1411641990E-07   1.1051762795E-11
     6      9.5056466598E-03   3.3541849424E-02  -3.4909106293E-02
     7      3.3854406894E-02  -2.5237662617E-02   2.5153372589E-02
     8      6.4879204922E-05  -3.1805522258E-04   3.0794303541E-04
     9     -9.5056466740E-03   3.3541847103E-02   3.4909108548E-02
    10      3.3854406893E-02   2.5237660917E-02   2.5153374252E-02
    11     -6.4879646833E-05  -3.1805461723E-04  -3.0794245978E-04
    12     -1.3443469036E-01  -5.4643706512E-01   5.4549211560E-01
    13     -1.5525085147E-01   4.1167811547E-01  -4.1125482599E-01
    14     -5.9937593847E-05   5.1071044363E-03  -5.0801521420E-03
    15      1.3443469024E-01  -5.4643702893E-01  -5.4549215238E-01
    16     -1.5525085151E-01  -4.1167808776E-01  -4.1125485330E-01
    17      5.9941404524E-05   5.1070944721E-03   5.0801429098E-03

#
# The atoms: label  mass x y z (in bohrs)
#
$atoms
6
 C     12.00000      0.000000000006    -0.183465967679     0.000000015844
 O     15.99491     -0.000000000017    -2.463706465013    -0.000000004073
 O     15.99491      2.050870629771     1.291247280955     0.001176298673
 O     15.99491     -2.050870629741     1.291247280951    -0.001176304527
 H      1.00783      3.479679052213     0.149622273115    -0.012836872851
 H      1.00783     -3.479679052483     0.149622273181     0.012836841760

$actual_temperature
  0.000000

$frequency_scale_factor
  1.000000

$dipole_derivatives
18
    2.2984543471E+00   -2.6226933725E-10    4.0799756559E-04
   -1.2448431925E-10    2.3389739473E+00   -4.5938825884E-09
    3.8197422172E-04   -3.2471226087E-09    7.2199028854E-01
   -8.1512296562E-01    1.9353907519E-11    2.0534721738E-04
    9.6426318709E-11   -1.4329000868E+00    3.1808855300E-09
    6.1493540128E-05   -8.0068785050E-09   -5.3176227470E-01
   -1.1810398192E+00   -4.1174319710E-01    3.5739321753E-04
   -3.5433683118E-01   -7.2670273416E-01    1.0343407891E-03
   -3.4396288841E-04    3.4317944526E-04   -4.7859535468E-01
   -1.1810398195E+00    4.1174319739E-01    3.5739132347E-04
    3.5433683090E-01   -7.2670273410E-01   -1.0343392435E-03
   -3.4397536095E-04   -3.4316881343E-04   -4.7859535421E-01
    4.3937412858E-01   -3.8481581183E-03   -6.6406515177E-04
    9.3359501070E-03    2.7366580388E-01   -5.8900865152E-04
    1.2223565889E-04   -3.2725404415E-04    3.8348134758E-01
    4.3937412872E-01    3.8481580692E-03   -6.6406417220E-04
   -9.3359497968E-03    2.7366580386E-01    5.8900851891E-04
    1.2223482862E-04    3.2725466632E-04    3.8348134747E-01

#
# The IR spectrum
#  wavenumber T**2 TX TY TZ
#
$ir_spectrum
18
      0.00   0.00000000     0.000000     0.000000     0.000000
      0.00   0.00000000     0.000000     0.000000     0.000000
      0.00   0.00000000     0.000000     0.000000     0.000000
      0.00   0.00000000     0.000000     0.000000     0.000000
      0.00   0.00000000     0.000000     0.000000     0.000000
      0.00   0.00000000     0.000000     0.000000     0.000000
    633.91   0.00048445    -0.000000    -0.022010    -0.000000
    671.59   0.00368089    -0.060662     0.000000     0.000996
    798.82   0.00000030    -0.000000     0.000546    -0.000000
    800.21   0.01117715    -0.001348    -0.000000    -0.105713
    961.84   0.01458249     0.000232     0.000000     0.120758
   1021.67   0.00114357    -0.000000     0.033817    -0.000000
   1336.66   0.02924857     0.171022     0.000000     0.000131
   1466.75   0.00035133     0.000000    -0.018744     0.000000
   1594.07   0.00329580     0.057409     0.000000    -0.000210
   1902.58   0.02309868     0.000000    -0.151983     0.000000
   3886.27   0.00429704    -0.065550     0.000000     0.000551
   3889.08   0.00088315    -0.000000    -0.029718    -0.000000


$end

