
$orca_hessian_file

$act_atom
  0

$act_coord
  0

$act_energy
        0.000000

$multiplicity
  1

$hessian
18
                    0                  1                  2                  3                  4        
    0      7.9360606526E-01   9.0893612081E-13   1.2216112453E-15  -1.6539961870E-01  -2.0245826628E-12
    1      9.0893612081E-13   1.1041764281E+00   6.7367448527E-04  -2.0330090265E-12  -7.2969985663E-01
    2      1.2216112453E-15   6.7367448527E-04   3.1262044062E-01  -3.8556533932E-15  -1.0963706350E-03
    3     -1.6539961870E-01  -2.0330090265E-12  -3.8556533932E-15   1.4464626458E-01   2.5904885875E-12
    4     -2.0245826628E-12  -7.2969985663E-01  -1.0963706350E-03   2.5904885875E-12   8.8342079924E-01
    5     -4.9432438684E-15  -1.4484095303E-03  -1.2688546581E-01   5.1484763176E-15   1.2874979196E-03
    6     -2.6486793529E-01  -9.0933052350E-02   2.0501179520E-04   1.3644970104E-03  -5.4678838815E-02
    7     -6.3873230503E-02  -2.1714678834E-01   2.9158983091E-04  -6.7749151059E-02  -7.0403968457E-02
    8      1.4139339336E-04   4.0409675324E-04  -9.6780285742E-02  -4.5603836151E-05  -1.0186237140E-04
    9     -2.6486793529E-01   9.0933052351E-02  -2.0501179520E-04   1.3644970113E-03   5.4678838814E-02
   10      6.3873230504E-02  -2.1714678834E-01   2.9158983092E-04   6.7749151059E-02  -7.0403968458E-02
   11     -1.4139339335E-04   4.0409675325E-04  -9.6780285742E-02   4.5603836150E-05  -1.0186237140E-04
   12     -4.9235287990E-02   2.8339558605E-02  -1.5275215286E-04   9.0121800509E-03   5.7845738789E-03
   13     -2.6058805338E-02   2.9908502583E-02  -8.0241756052E-05   1.8839574209E-03  -6.4565028460E-03
   14      1.7917833193E-04  -1.6729230737E-05   3.9127983392E-03   2.1867810175E-05   6.2987290973E-06
   15     -4.9235287990E-02  -2.8339558604E-02   1.5275215287E-04   9.0121800509E-03  -5.7845738790E-03
   16      2.6058805339E-02   2.9908502583E-02  -8.0241756055E-05  -1.8839574210E-03  -6.4565028460E-03
   17     -1.7917833194E-04  -1.6729230735E-05   3.9127983392E-03  -2.1867810175E-05   6.2987290974E-06
                    5                  6                  7                  8                  9        
    0     -4.9432438684E-15  -2.6486793529E-01  -6.3873230503E-02   1.4139339336E-04  -2.6486793529E-01
    1     -1.4484095303E-03  -9.0933052350E-02  -2.1714678834E-01   4.0409675324E-04   9.0933052351E-02
    2     -1.2688546581E-01   2.0501179520E-04   2.9158983091E-04  -9.6780285742E-02  -2.0501179520E-04
    3      5.1484763176E-15   1.3644970104E-03  -6.7749151059E-02  -4.5603836151E-05   1.3644970113E-03
    4      1.2874979196E-03  -5.4678838815E-02  -7.0403968457E-02  -1.0186237140E-04   5.4678838814E-02
    5      6.7509800659E-02   5.4964646331E-05   9.1671698187E-05   3.4657500790E-02  -5.4964646331E-05
    6      5.4964646331E-05   6.9306932015E-01  -9.4727489101E-02   1.1269471200E-03  -9.4441417493E-02
    7      9.1671698187E-05  -9.4727489101E-02   5.2536738922E-01  -1.4945578978E-03   2.4421855836E-02
    8      3.4657500790E-02   1.1269471200E-03  -1.4945578978E-03   7.0317520561E-02  -9.3534572537E-05
    9     -5.4964646331E-05  -9.4441417493E-02   2.4421855836E-02  -9.3534572537E-05   6.9306932015E-01
   10      9.1671698188E-05  -2.4421855835E-02   2.6828503882E-02  -5.0297444248E-05   9.4727489099E-02
   11      3.4657500790E-02   9.3534572538E-05  -5.0297444249E-05   1.6059318773E-02  -1.1269471200E-03
   12      2.8764192760E-05  -3.3271806109E-01   1.9588827013E-01  -1.0992377665E-03  -2.4064032844E-03
   13     -1.1215892840E-05   2.5767806151E-01  -2.6153577786E-01   1.2268034811E-03  -7.0831745935E-03
   14     -4.9696682135E-03  -1.4461277438E-03   1.1404154156E-03  -2.7379672991E-02   3.4330390274E-05
   15     -2.8764192761E-05  -2.4064032843E-03   6.0397446971E-03  -2.9964338093E-05  -3.3271806110E-01
   16     -1.1215892840E-05   7.0831745935E-03  -3.1093584493E-03   1.5817479117E-05  -2.5767806151E-01
   17     -4.9696682135E-03  -3.4330390274E-05   2.1178397392E-05   3.1256186094E-03   1.4461277438E-03
                   10                 11                 12                 13                 14        
    0      6.3873230504E-02  -1.4139339335E-04  -4.9235287990E-02  -2.6058805338E-02   1.7917833193E-04
    1     -2.1714678834E-01   4.0409675325E-04   2.8339558605E-02   2.9908502583E-02  -1.6729230737E-05
    2      2.9158983092E-04  -9.6780285742E-02  -1.5275215286E-04  -8.0241756052E-05   3.9127983392E-03
    3      6.7749151059E-02   4.5603836150E-05   9.0121800509E-03   1.8839574209E-03   2.1867810175E-05
    4     -7.0403968458E-02  -1.0186237140E-04   5.7845738789E-03  -6.4565028460E-03   6.2987290973E-06
    5      9.1671698188E-05   3.4657500790E-02   2.8764192760E-05  -1.1215892840E-05  -4.9696682135E-03
    6     -2.4421855835E-02   9.3534572538E-05  -3.3271806109E-01   2.5767806151E-01  -1.4461277438E-03
    7      2.6828503882E-02  -5.0297444249E-05   1.9588827013E-01  -2.6153577786E-01   1.1404154156E-03
    8     -5.0297444248E-05   1.6059318773E-02  -1.0992377665E-03   1.2268034811E-03  -2.7379672991E-02
    9      9.4727489099E-02  -1.1269471200E-03  -2.4064032844E-03  -7.0831745935E-03   3.4330390274E-05
   10      5.2536738922E-01  -1.4945578978E-03  -6.0397446971E-03  -3.1093584492E-03   2.1178397391E-05
   11     -1.4945578978E-03   7.0317520561E-02   2.9964338093E-05   1.5817479117E-05   3.1256186094E-03
   12     -6.0397446971E-03   2.9964338093E-05   3.7675967135E-01  -2.2519634846E-01   1.2020063000E-03
   13     -3.1093584492E-03   1.5817479117E-05  -2.2519634846E-01   2.4021075465E-01  -1.1537935486E-03
   14      2.1178397391E-05   3.1256186094E-03   1.2020063000E-03  -1.1537935486E-03   2.3456426367E-02
   15     -1.9588827013E-01   1.0992377666E-03  -1.4120990274E-03  -1.2236905403E-03   8.7449114127E-06
   16     -2.6153577785E-01   1.2268034811E-03   1.2236905403E-03   9.8238191439E-04   2.6302373070E-06
   17      1.1404154156E-03  -2.7379672992E-02  -8.7449114128E-06   2.6302373069E-06   1.8544978896E-03
                   15                 16                 17        
     0     -4.9235287990E-02   2.6058805339E-02  -1.7917833194E-04
     1     -2.8339558604E-02   2.9908502583E-02  -1.6729230735E-05
     2      1.5275215287E-04  -8.0241756055E-05   3.9127983392E-03
     3      9.0121800509E-03  -1.8839574210E-03  -2.1867810175E-05
     4     -5.7845738790E-03  -6.4565028460E-03   6.2987290974E-06
     5     -2.8764192761E-05  -1.1215892840E-05  -4.9696682135E-03
     6     -2.4064032843E-03   7.0831745935E-03  -3.4330390274E-05
     7      6.0397446971E-03  -3.1093584493E-03   2.1178397392E-05
     8     -2.9964338093E-05   1.5817479117E-05   3.1256186094E-03
     9     -3.3271806110E-01  -2.5767806151E-01   1.4461277438E-03
    10     -1.9588827013E-01  -2.6153577785E-01   1.1404154156E-03
    11      1.0992377666E-03   1.2268034811E-03  -2.7379672992E-02
    12     -1.4120990274E-03   1.2236905403E-03  -8.7449114128E-06
    13     -1.2236905403E-03   9.8238191439E-04   2.6302373069E-06
    14      8.7449114127E-06   2.6302373070E-06   1.8544978896E-03
    15      3.7675967135E-01   2.2519634845E-01  -1.2020063000E-03
    16      2.2519634845E-01   2.4021075465E-01  -1.1537935487E-03
    17     -1.2020063000E-03  -1.1537935487E-03   2.3456426367E-02

$vibrational_frequencies
18
    0        0.0000000000000000
    1        0.0000000000000000
    2        0.0000000000000000
    3        0.0000000000000000
    4        0.0000000000000000
    5        0.0000000000000000
    6      633.8862472902117133
    7      671.5784527638962800
    8      798.6159694621102290
    9      800.0667631491046450
   10      961.8046042541457155
   11     1021.6625569128882489
   12     1336.5820662860180619
   13     1466.6876860777822458
   14     1594.0495420633444610
   15     1902.5558980404043723
   16     3886.5740527962580018
   17     3889.3817192735978097

$normal_modes
18 18
                    0                  1                  2                  3                  4        
    0      0.0000000000E+00   0.0000000000E+00   0.0000000000E+00   0.0000000000E+00   0.0000000000E+00
    1      0.0000000000E+00   0.0000000000E+00   0.0000000000E+00   0.0000000000E+00   0.0000000000E+00
    2      0.0000000000E+00   0.0000000000E+00   0.0000000000E+00   0.0000000000E+00   0.0000000000E+00
    3      0.0000000000E+00   0.0000000000E+00   0.0000000000E+00   0.0000000000E+00   0.0000000000E+00
    4      0.0000000000E+00   0.0000000000E+00   0.0000000000E+00   0.0000000000E+00   0.0000000000E+00
    5      0.0000000000E+00   0.0000000000E+00   0.0000000000E+00   0.0000000000E+00   0.0000000000E+00
    6      0.0000000000E+00   0.0000000000E+00   0.0000000000E+00   0.0000000000E+00   0.0000000000E+00
    7      0.0000000000E+00   0.0000000000E+00   0.0000000000E+00   0.0000000000E+00   0.0000000000E+00
    8      0.0000000000E+00   0.0000000000E+00   0.0000000000E+00   0.0000000000E+00   0.0000000000E+00
    9      0.0000000000E+00   0.0000000000E+00   0.0000000000E+00   0.0000000000E+00   0.0000000000E+00
   10      0.0000000000E+00   0.0000000000E+00   0.0000000000E+00   0.0000000000E+00   0.0000000000E+00
   11      0.0000000000E+00   0.0000000000E+00   0.0000000000E+00   0.0000000000E+00   0.0000000000E+00
   12      0.0000000000E+00   0.0000000000E+00   0.0000000000E+00   0.0000000000E+00   0.0000000000E+00
   13      0.0000000000E+00   0.0000000000E+00   0.0000000000E+00   0.0000000000E+00   0.0000000000E+00
   14      0.0000000000E+00   0.0000000000E+00   0.0000000000E+00   0.0000000000E+00   0.0000000000E+00
   15      0.0000000000E+00   0.0000000000E+00   0.0000000000E+00   0.0000000000E+00   0.0000000000E+00
   16      0.0000000000E+00   0.0000000000E+00   0.0000000000E+00   0.0000000000E+00   0.0000000000E+00
   17      0.0000000000E+00   0.0000000000E+00   0.0000000000E+00   0.0000000000E+00   0.0000000000E+00
                    5                  6                  7                  8                  9        
    0      0.0000000000E+00   1.9331134038E-14  -6.1645491420E-02   5.3249139926E-04  -7.0078208757E-13
    1      0.0000000000E+00   8.8805186684E-02  -1.4582199779E-13   1.7140445935E-13   1.3377569675E-04
    2      0.0000000000E+00   4.9117822029E-05   6.0011517960E-15   1.6600015814E-10   1.2638763055E-01
    3      0.0000000000E+00   1.0912120983E-12   1.6063288027E-01  -8.9455326379E-04   1.1736002892E-12
    4      0.0000000000E+00   1.0199842018E-01  -1.0006034491E-12   3.9099688522E-13   2.9870181496E-04
    5      0.0000000000E+00  -3.1063908605E-05   1.1094401505E-16  -1.6780088726E-11  -1.3018646854E-02
    6      0.0000000000E+00   1.2071871003E-01  -4.8933093269E-02   1.8675161758E-04  -7.1842257288E-04
    7      0.0000000000E+00  -6.8904765041E-02  -1.0363818798E-01   8.5358228455E-04  -3.2993587710E-05
    8      0.0000000000E+00   3.0973433462E-05   2.8838860566E-04   6.9277689786E-02  -1.0685988082E-03
    9      0.0000000000E+00  -1.2071871003E-01  -4.8933093267E-02   1.8675161947E-04   7.1842257240E-04
   10      0.0000000000E+00  -6.8904765039E-02   1.0363818798E-01  -8.5358228463E-04  -3.2993585468E-05
   11      0.0000000000E+00   3.0973433457E-05  -2.8838860566E-04  -6.9277689788E-02  -1.0685986248E-03
   12      0.0000000000E+00  -1.3547165179E-02  -1.3107533639E-01   9.6457908686E-04  -1.5733127884E-04
   13      0.0000000000E+00  -2.4451992120E-01  -2.0754949149E-01  -1.9842028210E-03  -2.6430972695E-03
   14      0.0000000000E+00  -5.3748622587E-04  -3.5218997154E-03  -6.4801458807E-01  -6.3217080779E-01
   15      0.0000000000E+00   1.3547165176E-02  -1.3107533639E-01   9.6457908730E-04   1.5733127626E-04
   16      0.0000000000E+00  -2.4451992120E-01   2.0754949150E-01   1.9842028140E-03  -2.6430972748E-03
   17      0.0000000000E+00  -5.3748622583E-04   3.5218997153E-03   6.4801458640E-01  -6.3217080951E-01
                   10                 11                 12                 13                 14        
    0      1.5267695540E-15   4.1669796707E-13   1.5013145117E-01   1.1762255066E-12   2.0185886852E-01
    1     -3.1953400210E-04   6.9099207144E-02  -5.9518462177E-13   4.4916973332E-02  -8.6186942270E-13
    2      2.2584696515E-01  -3.0309333053E-04   9.0891569750E-16   7.0806290660E-04  -3.7706708474E-15
    3     -1.9684156980E-15   2.9552945573E-13  -1.1846668362E-02  -4.7494151214E-13  -2.9253809128E-02
    4      3.4442736762E-04   1.0785807914E-01   3.1327708379E-13  -9.5003465539E-02   2.6698889203E-13
    5     -7.7394239204E-02  -6.6861967945E-05   5.9387484228E-16  -2.6020309925E-04   9.0096896204E-16
    6      2.1233726759E-04  -1.2400355517E-01  -6.7007400811E-02   6.8375962245E-04  -4.1713517973E-02
    7     -2.1813508366E-04  -7.1238872028E-02  -7.6880944777E-02   5.9407748516E-02   1.9881401749E-02
    8     -6.3864073635E-02  -4.5324736687E-05   3.2071948076E-04  -2.9529190275E-04  -8.0184536295E-05
    9     -2.1233726759E-04   1.2400355517E-01  -6.7007400811E-02  -6.8375962270E-04  -4.1713517973E-02
   10     -2.1813508367E-04  -7.1238872029E-02   7.6880944777E-02   5.9407748517E-02  -1.9881401749E-02
   11     -6.3864073636E-02  -4.5324736695E-05  -3.2071948076E-04  -2.9529190275E-04   8.0184536299E-05
   12      9.8709736049E-04  -1.7918233096E-01   2.6366895425E-01  -3.8494599469E-01  -3.0758609190E-01
   13      2.6311242504E-03  -1.3665660821E-01   3.5528423749E-01  -4.5636646305E-01  -3.4386227591E-01
   14      2.8316000204E-01   3.0543506189E-03  -1.2007023715E-03   2.5359109261E-03   1.9918081661E-03
   15     -9.8709736046E-04   1.7918233096E-01   2.6366895425E-01   3.8494599469E-01  -3.0758609190E-01
   16      2.6311242505E-03  -1.3665660821E-01  -3.5528423749E-01  -4.5636646305E-01   3.4386227592E-01
   17      2.8316000204E-01   3.0543506190E-03   1.2007023715E-03   2.5359109261E-03  -1.9918081661E-03
                   15                 16                 17        
     0     -7.4777265692E-13   2.9594763071E-03  -2.0606732634E-12
     1     -2.2918456983E-01   7.4331283860E-14   1.2152534512E-04
     2     -1.5351041822E-04  -6.2175818868E-15  -8.7296855024E-06
     3      4.3753996985E-13  -4.4337910521E-04   3.1402388224E-13
     4      1.2379815661E-01   1.0000245730E-12   1.4273569034E-03
     5      3.0156215367E-04   3.0052870041E-15   4.2542040280E-06
     6      9.5041576143E-03   3.3542661719E-02  -3.4909728450E-02
     7      3.3853881223E-02  -2.5238546757E-02   2.5154296970E-02
     8     -1.2027282804E-04   1.3394140277E-04  -1.3688209125E-04
     9     -9.5041576141E-03   3.3542661768E-02   3.4909728403E-02
    10      3.3853881223E-02   2.5238546791E-02   2.5154296935E-02
    11     -1.2027282804E-04  -1.3394140296E-04  -1.3688209107E-04
    12     -1.3442907032E-01  -5.4644699732E-01   5.4550200353E-01
    13     -1.5523824897E-01   4.1169040393E-01  -4.1126703255E-01
    14      4.2972307774E-04  -2.2015888769E-03   2.1906309031E-03
    15      1.3442907032E-01  -5.4644699809E-01  -5.4550200277E-01
    16     -1.5523824897E-01  -4.1169040450E-01  -4.1126703197E-01
    17      4.2972307774E-04   2.2015888800E-03   2.1906309001E-03

#
# The atoms: label  mass x y z (in bohrs)
#
$atoms
6
 C     12.00000     -0.000000000001    -0.183465967653     0.003992168204
 O     15.99491     -0.000000000009    -2.463706464933    -0.001294189887
 O     15.99491      2.050870629681     1.291247280902    -0.001168031952
 O     15.99491     -2.050870629672     1.291247280916    -0.001168031952
 H      1.00783      3.479679052294     0.149622273057     0.005040349592
 H      1.00783     -3.479679052293     0.149622273080     0.005040349592

$actual_temperature
  0.000000

$frequency_scale_factor
  1.000000

$dipole_derivatives
18
    2.2984370441E+00    1.2970634324E-13   -1.2151194987E-15
   -8.4035903472E-14    2.3389663188E+00    4.6035558806E-05
    9.7287936756E-15   -5.4110871290E-04    7.2199009399E-01
   -8.1512515412E-01   -2.3001413813E-12    7.4778139593E-15
   -2.0090534605E-12   -1.4328892809E+00    6.2236009332E-04
   -8.5496298971E-15   -1.7621569100E-03   -5.3175546631E-01
   -1.1810315218E+00   -4.1174243052E-01    1.0980390330E-04
   -3.5432668256E-01   -7.2669971000E-01   -6.9056536030E-04
    2.0694552859E-03    1.0111174764E-03   -4.7859546746E-01
   -1.1810315217E+00    4.1174243052E-01   -1.0980390330E-04
    3.5432668256E-01   -7.2669971001E-01   -6.9056536031E-04
   -2.0694552859E-03    1.0111174764E-03   -4.7859546746E-01
    4.3937557678E-01   -3.8468394553E-03    3.2028940778E-04
    9.3350605897E-03    2.7366119107E-01    3.5636753425E-04
    5.4049930572E-05    1.4051533500E-04    3.8347815362E-01
    4.3937557678E-01    3.8468394542E-03   -3.2028940778E-04
   -9.3350605910E-03    2.7366119107E-01    3.5636753426E-04
   -5.4049930570E-05    1.4051533500E-04    3.8347815362E-01

#
# The IR spectrum
#  wavenumber T**2 TX TY TZ
#
$ir_spectrum
18
      0.00   0.00000000     0.000000     0.000000     0.000000
      0.00   0.00000000     0.000000     0.000000     0.000000
      0.00   0.00000000     0.000000     0.000000     0.000000
      0.00   0.00000000     0.000000     0.000000     0.000000
      0.00   0.00000000     0.000000     0.000000     0.000000
      0.00   0.00000000     0.000000     0.000000     0.000000
    633.89   0.00048458    -0.000000    -0.022013    -0.000118
    671.58   0.00368137    -0.060674     0.000000    -0.000000
    798.62   0.00000028     0.000531    -0.000000    -0.000000
    800.07   0.01119091    -0.000000    -0.000314    -0.105787
    961.80   0.01457255     0.000000     0.000075     0.120717
   1021.66   0.00114381     0.000000     0.033816     0.000518
   1336.58   0.02924624     0.171015    -0.000000    -0.000000
   1466.69   0.00035165     0.000000    -0.018747     0.000439
   1594.05   0.00329844     0.057432    -0.000000    -0.000000
   1902.56   0.02309856    -0.000000    -0.151982    -0.000000
   3886.57   0.00429665    -0.065549    -0.000000     0.000000
   3889.38   0.00088317     0.000000    -0.029717     0.000226


$end

