
$orca_hessian_file

$act_atom
  0

$act_coord
  0

$act_energy
        0.000000

$multiplicity
  1

$hessian
18
                    0                  1                  2                  3                  4        
    0      7.9362225365E-01   4.1175249361E-04  -1.5872721521E-11  -1.6540151864E-01   8.0855187098E-04
    1      4.1175249361E-04   1.1041859472E+00   3.6896422225E-09   1.0269059645E-03  -7.2970530620E-01
    2     -1.5872721521E-11   3.6896422225E-09   3.1261743019E-01   5.0284956765E-12  -4.2860903428E-09
    3     -1.6540151864E-01   1.0269059645E-03   5.0284956765E-12   1.4464739198E-01  -3.5594972832E-04
    4      8.0855187098E-04  -7.2970530620E-01  -4.2860903428E-09  -3.5594972832E-04   8.8343078804E-01
    5      7.6736671214E-13  -5.1763986916E-09  -1.2688369618E-01  -4.6726317858E-12   4.9144390431E-09
    6     -2.6587321324E-01  -9.1731073115E-02   7.9673577479E-10   1.3551182034E-03  -5.4947583271E-02
    7     -6.4553007033E-02  -2.1749507892E-01  -1.5412898718E-11  -6.8049637015E-02  -7.1019664828E-02
    8      1.5085661451E-09   1.1503427636E-09  -9.6763625752E-02  -8.9976629277E-11  -3.5272148036E-10
    9     -2.6387761333E-01   9.0142492015E-02  -7.9419137669E-10   1.3747454030E-03   5.4411417432E-02
   10      6.3198617014E-02  -2.1680402527E-01  -6.0558282285E-11   6.7449658365E-02  -6.9791501533E-02
   11     -1.4903503571E-09   1.1271931185E-09  -9.6794817210E-02   9.1530228265E-11  -3.5068532650E-10
   12     -4.9372888655E-02   2.8414805169E-02   3.6574000322E-10   9.0310697352E-03   5.8265427599E-03
   13     -2.5992568812E-02   2.9954443637E-02   3.1952427645E-10   1.8482956381E-03  -6.5251437021E-03
   14      6.1233346297E-10  -4.0394171853E-10   3.9597656049E-03  -1.1537540696E-10   4.0446735874E-11
   15     -4.9097019786E-02  -2.8264882527E-02  -3.5744011828E-10   8.9931933135E-03  -5.7429790643E-03
   16      2.6126654466E-02   2.9864019589E-02   3.5289488431E-10  -1.9192732239E-03  -6.3891717716E-03
   17     -6.1544395334E-10  -3.8683755400E-10   3.8649433552E-03   1.1346594661E-10   3.4611030496E-11
                    5                  6                  7                  8                  9        
    0      7.6736671214E-13  -2.6587321324E-01  -6.4553007033E-02   1.5085661451E-09  -2.6387761333E-01
    1     -5.1763986916E-09  -9.1731073115E-02  -2.1749507892E-01   1.1503427636E-09   9.0142492015E-02
    2     -1.2688369618E-01   7.9673577479E-10  -1.5412898718E-11  -9.6763625752E-02  -7.9419137669E-10
    3     -4.6726317858E-12   1.3551182034E-03  -6.8049637015E-02  -8.9976629277E-11   1.3747454030E-03
    4      4.9144390431E-09  -5.4947583271E-02  -7.1019664828E-02  -3.5272148036E-10   5.4411417432E-02
    5      6.7506102587E-02   1.1792121356E-10   2.1655627275E-10   3.4838280527E-02  -1.1384113108E-10
    6      1.1792121356E-10   6.9332854637E-01  -9.3912266612E-02  -4.0000412423E-09  -9.4441262005E-02
    7      2.1655627275E-10  -9.3912266612E-02   5.2701061652E-01   1.0352525318E-09   2.4573688903E-02
    8      3.4838280527E-02  -4.0000412423E-09   1.0352525318E-09   7.0190786704E-02  -1.7505928267E-10
    9     -1.1384113108E-10  -9.4441262005E-02   2.4573688903E-02  -1.7505928267E-10   6.9284778692E-01
   10      2.2511173569E-10  -2.4270421290E-02   2.6828744684E-02   1.9459651292E-10   9.5556953170E-02
   11      3.4479190335E-02   1.8327990117E-10   1.9134241618E-10   1.6058776728E-02   4.1057955732E-09
   12     -6.3118525258E-11  -3.3197894920E-01   1.9590457076E-01   2.7913475559E-09  -2.4221257045E-03
   13     -8.8780225857E-11   2.5777105116E-01  -2.6220649065E-01  -1.9850357448E-09  -7.0762844707E-03
   14     -4.9917644880E-03   2.7854709808E-09  -1.4856282853E-09  -2.7449477934E-02  -1.1989363574E-10
   15      6.2943705335E-11  -2.3902401310E-03   6.0366510009E-03  -3.4836734933E-11  -3.3348153127E-01
   16     -9.0927793884E-11   7.0902931299E-03  -3.1181268063E-03  -4.2434709052E-11  -2.5760826705E-01
   17     -4.9481127774E-03   1.1663356014E-10   5.7890089137E-11   3.1252597266E-03  -2.9028103139E-09
                   10                 11                 12                 13                 14        
    0      6.3198617014E-02  -1.4903503571E-09  -4.9372888655E-02  -2.5992568812E-02   6.1233346297E-10
    1     -2.1680402527E-01   1.1271931185E-09   2.8414805169E-02   2.9954443637E-02  -4.0394171853E-10
    2     -6.0558282285E-11  -9.6794817210E-02   3.6574000322E-10   3.1952427645E-10   3.9597656049E-03
    3      6.7449658365E-02   9.1530228265E-11   9.0310697352E-03   1.8482956381E-03  -1.1537540696E-10
    4     -6.9791501533E-02  -3.5068532650E-10   5.8265427599E-03  -6.5251437021E-03   4.0446735874E-11
    5      2.2511173569E-10   3.4479190335E-02  -6.3118525258E-11  -8.8780225857E-11  -4.9917644880E-03
    6     -2.4270421290E-02   1.8327990117E-10  -3.3197894920E-01   2.5777105116E-01   2.7854709808E-09
    7      2.6828744684E-02   1.9134241618E-10   1.9590457076E-01  -2.6220649065E-01  -1.4856282853E-09
    8      1.9459651292E-10   1.6058776728E-02   2.7913475559E-09  -1.9850357448E-09  -2.7449477934E-02
    9      9.5556953170E-02   4.1057955732E-09  -2.4221257045E-03  -7.0762844707E-03  -1.1989363574E-10
   10      5.2375016893E-01   1.1381490907E-09  -6.0428446885E-03  -3.1010384764E-03   6.2981514309E-11
   11      1.1381490907E-09   7.0424124168E-02   4.2531812256E-11  -3.2960601144E-11   3.1263855047E-03
   12     -6.0428446885E-03   4.2531812256E-11   3.7615494755E-01  -2.2533072189E-01  -3.1500894815E-09
   13     -3.1010384764E-03  -3.2960601144E-11  -2.2533072189E-01   2.4089583775E-01   1.8038661603E-09
   14      6.2981514309E-11   3.1263855047E-03  -3.1500894815E-09   1.8038661603E-09   2.3500526600E-02
   15     -1.9589196257E-01  -2.9327869909E-09  -1.4120537239E-03  -1.2197716197E-03  -1.2445915852E-11
   16     -2.6088234833E-01  -2.0730387558E-09   1.2276478977E-03   9.8239144854E-04  -1.7724399443E-11
   17     -1.5602805133E-09  -2.7293659526E-02   1.3588631597E-11  -1.6613872165E-11   1.8545647120E-03
                   15                 16                 17        
     0     -4.9097019786E-02   2.6126654466E-02  -6.1544395334E-10
     1     -2.8264882527E-02   2.9864019589E-02  -3.8683755400E-10
     2     -3.5744011828E-10   3.5289488431E-10   3.8649433552E-03
     3      8.9931933135E-03  -1.9192732239E-03   1.1346594661E-10
     4     -5.7429790643E-03  -6.3891717716E-03   3.4611030496E-11
     5      6.2943705335E-11  -9.0927793884E-11  -4.9481127774E-03
     6     -2.3902401310E-03   7.0902931299E-03   1.1663356014E-10
     7      6.0366510009E-03  -3.1181268063E-03   5.7890089137E-11
     8     -3.4836734933E-11  -4.2434709052E-11   3.1252597266E-03
     9     -3.3348153127E-01  -2.5760826705E-01  -2.9028103139E-09
    10     -1.9589196257E-01  -2.6088234833E-01  -1.5602805133E-09
    11     -2.9327869909E-09  -2.0730387558E-09  -2.7293659526E-02
    12     -1.4120537239E-03   1.2276478977E-03   1.3588631597E-11
    13     -1.2197716197E-03   9.8239144854E-04  -1.6613872165E-11
    14     -1.2445915852E-11  -1.7724399443E-11   1.8545647120E-03
    15      3.7738765160E-01   2.2508294478E-01   3.2745660918E-09
    16      2.2508294478E-01   2.3954323587E-01   1.8712307968E-09
    17      3.2745660918E-09   1.8712307968E-09   2.3397004510E-02

$vibrational_frequencies
18
    0        0.0000000000000000
    1        0.0000000000000000
    2        0.0000000000000000
    3        0.0000000000000000
    4        0.0000000000000000
    5        0.0000000000000000
    6      633.8657097913254574
    7      671.5981892826661124
    8      798.3163515084961546
    9      800.3137265785289856
   10      961.8045996571371461
   11     1021.6570842512614945
   12     1336.5795781602705574
   13     1466.6753968711523157
   14     1594.0530685802450535
   15     1902.5633513853226759
   16     3886.6220628830387795
   17     3889.4508510639502674

$normal_modes
18 18
                    0                  1                  2                  3                  4        
    0      0.0000000000E+00   0.0000000000E+00   0.0000000000E+00   0.0000000000E+00   0.0000000000E+00
    1      0.0000000000E+00   0.0000000000E+00   0.0000000000E+00   0.0000000000E+00   0.0000000000E+00
    2      0.0000000000E+00   0.0000000000E+00   0.0000000000E+00   0.0000000000E+00   0.0000000000E+00
    3      0.0000000000E+00   0.0000000000E+00   0.0000000000E+00   0.0000000000E+00   0.0000000000E+00
    4      0.0000000000E+00   0.0000000000E+00   0.0000000000E+00   0.0000000000E+00   0.0000000000E+00
    5      0.0000000000E+00   0.0000000000E+00   0.0000000000E+00   0.0000000000E+00   0.0000000000E+00
    6      0.0000000000E+00   0.0000000000E+00   0.0000000000E+00   0.0000000000E+00   0.0000000000E+00
    7      0.0000000000E+00   0.0000000000E+00   0.0000000000E+00   0.0000000000E+00   0.0000000000E+00
    8      0.0000000000E+00   0.0000000000E+00   0.0000000000E+00   0.0000000000E+00   0.0000000000E+00
    9      0.0000000000E+00   0.0000000000E+00   0.0000000000E+00   0.0000000000E+00   0.0000000000E+00
   10      0.0000000000E+00   0.0000000000E+00   0.0000000000E+00   0.0000000000E+00   0.0000000000E+00
   11      0.0000000000E+00   0.0000000000E+00   0.0000000000E+00   0.0000000000E+00   0.0000000000E+00
   12      0.0000000000E+00   0.0000000000E+00   0.0000000000E+00   0.0000000000E+00   0.0000000000E+00
   13      0.0000000000E+00   0.0000000000E+00   0.0000000000E+00   0.0000000000E+00   0.0000000000E+00
   14      0.0000000000E+00   0.0000000000E+00   0.0000000000E+00   0.0000000000E+00   0.0000000000E+00
   15      0.0000000000E+00   0.0000000000E+00   0.0000000000E+00   0.0000000000E+00   0.0000000000E+00
   16      0.0000000000E+00   0.0000000000E+00   0.0000000000E+00   0.0000000000E+00   0.0000000000E+00
   17      0.0000000000E+00   0.0000000000E+00   0.0000000000E+00   0.0000000000E+00   0.0000000000E+00
                    5                  6                  7                  8                  9        
    0      0.0000000000E+00  -1.3090513557E-03   6.1632036087E-02   2.5795484580E-10  -8.4380464492E-11
    1      0.0000000000E+00  -8.8791819376E-02  -1.5744699682E-03   2.0743903808E-10   5.3570721572E-10
    2      0.0000000000E+00  -6.5222203824E-10   2.2679290605E-11  -4.5124699955E-02  -1.1805262890E-01
    3      0.0000000000E+00   3.5120452511E-03  -1.6059617717E-01  -2.6504431764E-10   5.0509248058E-11
    4      0.0000000000E+00  -1.0197901357E-01  -1.9088551777E-03  -1.1959841986E-10  -3.6121623281E-10
    5      0.0000000000E+00   4.9515844225E-10   4.6344944713E-12   4.4493896883E-03   1.2235569647E-02
    6      0.0000000000E+00  -1.2179424897E-01   4.6032482153E-02   9.5772559507E-10   1.0572035492E-09
    7      0.0000000000E+00   6.6828842131E-02   1.0486429733E-01   4.5961717881E-10  -2.4218779906E-10
    8      0.0000000000E+00  -1.6003120353E-10   9.5902418187E-11   6.4660314933E-02  -2.4117308909E-02
    9      0.0000000000E+00   1.1957722265E-01   5.1809426732E-02  -6.3501269003E-11  -1.3554510225E-09
   10      0.0000000000E+00   7.0956996858E-02  -1.0237640650E-01  -5.4353934944E-10   6.6214187442E-11
   11      0.0000000000E+00  -1.8283887375E-10  -1.0271078922E-10  -6.4397528512E-02   2.6302640541E-02
   12      0.0000000000E+00   1.1069197460E-02   1.3110543746E-01  -3.5607095588E-09   9.6779994532E-09
   13      0.0000000000E+00   2.4012738176E-01   2.1227038681E-01  -5.5832796695E-10   1.4699835266E-09
   14      0.0000000000E+00   2.5178548869E-09   8.7674273770E-10  -3.7229833069E-01   8.2431064357E-01
   15      0.0000000000E+00  -1.6035437366E-02   1.3100824478E-01  -9.4962579863E-09  -4.7415103316E-09
   16      0.0000000000E+00   2.4882129624E-01  -2.0271315856E-01   1.3184060110E-09   6.7703491439E-10
   17      0.0000000000E+00   2.8311144201E-09  -1.1122801366E-09   8.3480474799E-01   3.5245161590E-01
                   10                 11                 12                 13                 14        
    0     -3.2296781238E-11   1.3407505133E-03   1.5010577238E-01  -1.5739948156E-03  -2.0186819303E-01
    1      1.4400951408E-09  -6.9098725055E-02   4.0839579564E-04   4.4912268578E-02  -4.1637467874E-04
    2      2.2585088752E-01   8.9371318353E-09  -4.4656673812E-11   1.6938456211E-10  -7.6641584678E-12
    3      2.0059018053E-11  -5.6967472391E-04  -1.1841026337E-02   2.1574628557E-04   2.9254345810E-02
    4      4.5242822789E-09  -1.0785675928E-01   2.0621288055E-05  -9.5007365913E-02   1.2929701493E-04
    5     -7.7394738942E-02  -2.5259567170E-09   5.2803723930E-12  -6.4373305244E-10   4.5246398357E-12
    6     -4.4689545430E-09   1.2371114565E-01  -6.7655648109E-02   1.2784174144E-03   4.1959113079E-02
    7     -2.5289978661E-09   7.1154804494E-02  -7.6758842331E-02   5.9936120629E-02  -1.9848336864E-02
    8     -6.4061715243E-02  -2.3916364845E-09   7.8869413945E-10  -7.4569193979E-11  -3.1341043525E-10
    9      4.4764424153E-09  -1.2429315265E-01  -6.6346829453E-02  -9.6839838927E-05   4.1476885995E-02
   10     -2.5096330481E-09   7.1319857769E-02   7.7003878742E-02   5.8885000368E-02   1.9905390871E-02
   11     -6.3666766761E-02  -2.3688263057E-09  -7.7511203564E-10  -7.6987883121E-11   3.1124438150E-10
   12     -3.1405350347E-09   1.8033938395E-01   2.6049030752E-01  -3.8664633891E-01   3.0928758684E-01
   13     -4.4826741830E-09   1.3824361413E-01   3.5076996159E-01  -4.5734248369E-01   3.4483982212E-01
   14      2.8601927248E-01   4.7960624779E-09  -3.3021243489E-09   5.2570059454E-09  -4.7265524903E-09
   15      3.0878983587E-09  -1.7802544584E-01   2.6686821911E-01   3.8321108184E-01   3.0584485346E-01
   16     -4.5012051313E-09   1.3509182532E-01  -3.5984884082E-01  -4.5536177831E-01  -3.4283964610E-01
   17      2.8026727233E-01   4.4318049903E-09   3.5344825554E-09   5.3479927322E-09   4.7803758318E-09
                   15                 16                 17        
     0      1.9984727319E-06   2.9548073209E-03  -1.6329503376E-04
     1     -2.2918514638E-01  -1.6909986402E-06  -1.2156176136E-04
     2     -1.2224394133E-09  -2.3664050534E-12   6.3780480903E-12
     3     -1.6281403385E-04  -4.4265447527E-04   2.5264231322E-05
     4      1.2379824560E-01  -9.6785818357E-05  -1.4241472025E-03
     5      1.1187710293E-09   3.8834932361E-12  -1.1365559001E-11
     6      9.6309385610E-03   3.5561216982E-02   3.2764407135E-02
     7      3.3930390111E-02  -2.6771558494E-02  -2.3614441350E-02
     8     -2.2319745045E-10  -3.0495589809E-10  -2.7072233044E-10
     9     -9.3784083271E-03   3.1394959626E-02  -3.6930923739E-02
    10      3.3777269274E-02   2.3617900267E-02  -2.6595692965E-02
    11     -2.1857884392E-10   2.7779422365E-10  -3.2569264513E-10
    12     -1.3515007100E-01  -5.7803455682E-01  -5.1069201545E-01
    13     -1.5569076794E-01   4.3678021028E-01   3.8616744361E-01
    14      1.9199739742E-09   4.9983159293E-09   4.4054354255E-09
    15      1.3370241433E-01  -5.1276569148E-01   5.7836102182E-01
    16     -1.5477864181E-01  -3.8517317006E-01   4.3475348909E-01
    17      1.8910046572E-09  -4.6006979228E-09   5.1645403302E-09

#
# The atoms: label  mass x y z (in bohrs)
#
$atoms
6
 C     12.00000     -0.001303112366    -0.183465967679     0.000000015844
 O     15.99491      0.003428815499    -2.463706465013    -0.000000004073
 O     15.99491      2.049820132644     1.289077276671    -0.000000002921
 O     15.99491     -2.051921126868     1.293417285236    -0.000000002934
 H      1.00783      3.476900276592     0.145266332135    -0.000000015558
 H      1.00783     -3.482457828104     0.153978214162    -0.000000015533

$actual_temperature
  0.000000

$frequency_scale_factor
  1.000000

$dipole_derivatives
18
    2.2984461780E+00   -2.9257485358E-04    1.2618293431E-10
   -3.1823410438E-05    2.3389794442E+00   -4.5971729214E-09
    2.2429614096E-10   -3.2437174246E-09    7.2200328865E-01
   -8.1512604127E-01    2.2090263342E-03   -6.5095642883E-11
   -9.0481794375E-04   -1.4328994919E+00    3.1848904959E-09
   -3.8971878416E-12   -8.0105873454E-09   -5.3176297844E-01
   -1.1819415796E+00   -4.1232236011E-01    8.6150225812E-10
   -3.5378391742E-01   -7.2718674875E-01    8.0062145793E-10
    6.2121563321E-09    5.3413044364E-09   -4.7847196516E-01
   -1.1801381007E+00    4.1116978988E-01   -1.0434654297E-09
    3.5487308893E-01   -7.2621904362E-01    7.3772022768E-10
   -6.2606452411E-09    5.2931834492E-09   -4.7873090202E-01
    4.3953571851E-01   -4.2303600119E-03   -4.3119826028E-10
    9.2569681663E-03    2.7373117163E-01   -1.2889782977E-10
    3.3199209534E-10    3.4791252184E-10    3.8334688494E-01
    4.3922382516E-01    3.4664787541E-03    5.5207414043E-10
   -9.4094983206E-03    2.7359466851E-01    2.8385681095E-12
   -5.0390297349E-10    2.7190317324E-10    3.8361567204E-01

#
# The IR spectrum
#  wavenumber T**2 TX TY TZ
#
$ir_spectrum
18
      0.00   0.00000000     0.000000     0.000000     0.000000
      0.00   0.00000000     0.000000     0.000000     0.000000
      0.00   0.00000000     0.000000     0.000000     0.000000
      0.00   0.00000000     0.000000     0.000000     0.000000
      0.00   0.00000000     0.000000     0.000000     0.000000
      0.00   0.00000000     0.000000     0.000000     0.000000
    633.87   0.00048565    -0.001140     0.022008     0.000000
    671.60   0.00368046     0.060665     0.000490    -0.000000
    798.32   0.00153060    -0.000000     0.000000     0.039123
    800.31   0.00966258     0.000000     0.000000     0.098298
    961.80   0.01457210    -0.000000     0.000000     0.120715
   1021.66   0.00114511     0.001293    -0.033815     0.000000
   1336.58   0.02924165     0.171002    -0.000264     0.000000
   1466.68   0.00035349    -0.001417    -0.018748     0.000000
   1594.05   0.00329970    -0.057443    -0.000186    -0.000000
   1902.56   0.02309872    -0.000171    -0.151983     0.000000
   3886.62   0.00428419    -0.065425     0.001934     0.000000
   3889.45   0.00089569     0.004034     0.029655     0.000000


$end

