
$orca_hessian_file

$act_atom
  0

$act_coord
  0

$act_energy
        0.000000

$multiplicity
  1

$hessian
18
                    0                  1                  2                  3                  4        
    0      7.9362225365E-01  -4.1175249170E-04   1.5865334555E-11  -1.6540151864E-01  -8.0855187502E-04
    1     -4.1175249170E-04   1.1041859472E+00   3.6896421220E-09  -1.0269059686E-03  -7.2970530620E-01
    2      1.5865334555E-11   3.6896421220E-09   3.1261743019E-01  -5.0277636404E-12  -4.2860893679E-09
    3     -1.6540151864E-01  -1.0269059686E-03  -5.0277636404E-12   1.4464739198E-01   3.5594973350E-04
    4     -8.0855187502E-04  -7.2970530620E-01  -4.2860893679E-09   3.5594973350E-04   8.8343078804E-01
    5     -7.6500152719E-13  -5.1763977038E-09  -1.2688369618E-01   4.6736626056E-12   4.9144374417E-09
    6     -2.6387761334E-01  -9.0142492014E-02   7.9419187398E-10   1.3747454021E-03  -5.4411417433E-02
    7     -6.3198617014E-02  -2.1680402527E-01  -6.0562335958E-11  -6.7449658365E-02  -6.9791501532E-02
    8      1.4903534525E-09   1.1271914235E-09  -9.6794817210E-02  -9.1530282453E-11  -3.5068560696E-10
    9     -2.6587321324E-01   9.1731073116E-02  -7.9673581972E-10   1.3551182043E-03   5.4947583270E-02
   10      6.4553007033E-02  -2.1749507892E-01  -1.5409578185E-11   6.8049637015E-02  -7.1019664829E-02
   11     -1.5085634784E-09   1.1503433288E-09  -9.6763625752E-02   8.9976354462E-11  -3.5272041420E-10
   12     -4.9097019786E-02   2.8264882527E-02   3.5744313859E-10   8.9931933135E-03   5.7429790642E-03
   13     -2.6126654465E-02   2.9864019589E-02   3.5289684576E-10   1.9192732238E-03  -6.3891717717E-03
   14      6.1544359110E-10  -3.8683841452E-10   3.8649433552E-03  -1.1346669537E-10   3.4611044846E-11
   15     -4.9372888655E-02  -2.8414805168E-02  -3.6573682131E-10   9.0310697352E-03  -5.8265427600E-03
   16      2.5992568813E-02   2.9954443637E-02   3.1952217447E-10  -1.8482956382E-03  -6.5251437020E-03
   17     -6.1233384069E-10  -4.0394061610E-10   3.9597656050E-03   1.1537472186E-10   4.0446562393E-11
                    5                  6                  7                  8                  9        
    0     -7.6500152719E-13  -2.6387761334E-01  -6.3198617014E-02   1.4903534525E-09  -2.6587321324E-01
    1     -5.1763977038E-09  -9.0142492014E-02  -2.1680402527E-01   1.1271914235E-09   9.1731073116E-02
    2     -1.2688369618E-01   7.9419187398E-10  -6.0562335958E-11  -9.6794817210E-02  -7.9673581972E-10
    3      4.6736626056E-12   1.3747454021E-03  -6.7449658365E-02  -9.1530282453E-11   1.3551182043E-03
    4      4.9144374417E-09  -5.4411417433E-02  -6.9791501532E-02  -3.5068560696E-10   5.4947583270E-02
    5      6.7506102587E-02   1.1384014747E-10   2.2511092140E-10   3.4479190335E-02  -1.1792259568E-10
    6      1.1384014747E-10   6.9284778691E-01  -9.5556953172E-02  -4.1058234982E-09  -9.4441262005E-02
    7      2.2511092140E-10  -9.5556953172E-02   5.2375016893E-01   1.1381750571E-09   2.4270421291E-02
    8      3.4479190335E-02  -4.1058234982E-09   1.1381750571E-09   7.0424124168E-02  -1.8327930008E-10
    9     -1.1792259568E-10  -9.4441262005E-02   2.4270421291E-02  -1.8327930008E-10   6.9332854637E-01
   10      2.1655763090E-10  -2.4573688902E-02   2.6828744684E-02   1.9134242458E-10   9.3912266610E-02
   11      3.4838280527E-02   1.7505989594E-10   1.9459664500E-10   1.6058776728E-02   4.0000138767E-09
   12     -6.2944147206E-11  -3.3348153127E-01   1.9589196257E-01   2.9328109653E-09  -2.3902401311E-03
   13     -9.0927894477E-11   2.5760826705E-01  -2.6088234833E-01  -2.0730629144E-09  -7.0902931299E-03
   14     -4.9481127774E-03   2.9028388671E-09  -1.5603020403E-09  -2.7293659526E-02  -1.1663416014E-10
   15      6.3117936871E-11  -2.4221257044E-03   6.0428446885E-03  -4.2531503349E-11  -3.3197894921E-01
   16     -8.8780055705E-11   7.0762844707E-03  -3.1010384765E-03  -3.2960442515E-11  -2.5777105116E-01
   17     -4.9917644880E-03   1.1989287989E-10   6.2981811422E-11   3.1263855047E-03  -2.7854421887E-09
                   10                 11                 12                 13                 14        
    0      6.4553007033E-02  -1.5085634784E-09  -4.9097019786E-02  -2.6126654465E-02   6.1544359110E-10
    1     -2.1749507892E-01   1.1503433288E-09   2.8264882527E-02   2.9864019589E-02  -3.8683841452E-10
    2     -1.5409578185E-11  -9.6763625752E-02   3.5744313859E-10   3.5289684576E-10   3.8649433552E-03
    3      6.8049637015E-02   8.9976354462E-11   8.9931933135E-03   1.9192732238E-03  -1.1346669537E-10
    4     -7.1019664829E-02  -3.5272041420E-10   5.7429790642E-03  -6.3891717717E-03   3.4611044846E-11
    5      2.1655763090E-10   3.4838280527E-02  -6.2944147206E-11  -9.0927894477E-11  -4.9481127774E-03
    6     -2.4573688902E-02   1.7505989594E-10  -3.3348153127E-01   2.5760826705E-01   2.9028388671E-09
    7      2.6828744684E-02   1.9459664500E-10   1.9589196257E-01  -2.6088234833E-01  -1.5603020403E-09
    8      1.9134242458E-10   1.6058776728E-02   2.9328109653E-09  -2.0730629144E-09  -2.7293659526E-02
    9      9.3912266610E-02   4.0000138767E-09  -2.3902401311E-03  -7.0902931299E-03  -1.1663416014E-10
   10      5.2701061652E-01   1.0352269361E-09  -6.0366510009E-03  -3.1181268062E-03   5.7889710212E-11
   11      1.0352269361E-09   7.0190786704E-02   3.4837023717E-11  -4.2434911803E-11   3.1252597266E-03
   12     -6.0366510009E-03   3.4837023717E-11   3.7738765160E-01  -2.2508294478E-01  -3.2745928004E-09
   13     -3.1181268062E-03  -4.2434911803E-11  -2.2508294478E-01   2.3954323587E-01   1.8712534175E-09
   14      5.7889710212E-11   3.1252597266E-03  -3.2745928004E-09   1.8712534175E-09   2.3397004510E-02
   15     -1.9590457075E-01  -2.7913234848E-09  -1.4120537239E-03  -1.2276478976E-03  -1.3588765584E-11
   16     -2.6220649065E-01  -1.9850117108E-09   1.2197716198E-03   9.8239144854E-04  -1.6613740216E-11
   17     -1.4856069968E-09  -2.7449477934E-02   1.2445783351E-11  -1.7724520035E-11   1.8545647120E-03
                   15                 16                 17        
     0     -4.9372888655E-02   2.5992568813E-02  -6.1233384069E-10
     1     -2.8414805168E-02   2.9954443637E-02  -4.0394061610E-10
     2     -3.6573682131E-10   3.1952217447E-10   3.9597656050E-03
     3      9.0310697352E-03  -1.8482956382E-03   1.1537472186E-10
     4     -5.8265427600E-03  -6.5251437020E-03   4.0446562393E-11
     5      6.3117936871E-11  -8.8780055705E-11  -4.9917644880E-03
     6     -2.4221257044E-03   7.0762844707E-03   1.1989287989E-10
     7      6.0428446885E-03  -3.1010384765E-03   6.2981811422E-11
     8     -4.2531503349E-11  -3.2960442515E-11   3.1263855047E-03
     9     -3.3197894921E-01  -2.5777105116E-01  -2.7854421887E-09
    10     -1.9590457075E-01  -2.6220649065E-01  -1.4856069968E-09
    11     -2.7913234848E-09  -1.9850117108E-09  -2.7449477934E-02
    12     -1.4120537239E-03   1.2197716198E-03   1.2445783351E-11
    13     -1.2276478976E-03   9.8239144854E-04  -1.7724520035E-11
    14     -1.3588765584E-11  -1.6613740216E-11   1.8545647120E-03
    15      3.7615494755E-01   2.2533072189E-01   3.1500626412E-09
    16      2.2533072189E-01   2.4089583774E-01   1.8038437669E-09
    17      3.1500626412E-09   1.8038437669E-09   2.3500526601E-02

$vibrational_frequencies
18
    0        0.0000000000000000
    1        0.0000000000000000
    2        0.0000000000000000
    3        0.0000000000000000
    4        0.0000000000000000
    5        0.0000000000000000
    6      633.8657097912732752
    7      671.5981892826277999
    8      798.3163515084855817
    9      800.3137265805604557
   10      961.8045996573875982
   11     1021.6570842513705202
   12     1336.5795781605841057
   13     1466.6753968713785525
   14     1594.0530685805522353
   15     1902.5633513853392742
   16     3886.6220628823562038
   17     3889.4508510642026522

$normal_modes
18 18
                    0                  1                  2                  3                  4        
    0      0.0000000000E+00   0.0000000000E+00   0.0000000000E+00   0.0000000000E+00   0.0000000000E+00
    1      0.0000000000E+00   0.0000000000E+00   0.0000000000E+00   0.0000000000E+00   0.0000000000E+00
    2      0.0000000000E+00   0.0000000000E+00   0.0000000000E+00   0.0000000000E+00   0.0000000000E+00
    3      0.0000000000E+00   0.0000000000E+00   0.0000000000E+00   0.0000000000E+00   0.0000000000E+00
    4      0.0000000000E+00   0.0000000000E+00   0.0000000000E+00   0.0000000000E+00   0.0000000000E+00
    5      0.0000000000E+00   0.0000000000E+00   0.0000000000E+00   0.0000000000E+00   0.0000000000E+00
    6      0.0000000000E+00   0.0000000000E+00   0.0000000000E+00   0.0000000000E+00   0.0000000000E+00
    7      0.0000000000E+00   0.0000000000E+00   0.0000000000E+00   0.0000000000E+00   0.0000000000E+00
    8      0.0000000000E+00   0.0000000000E+00   0.0000000000E+00   0.0000000000E+00   0.0000000000E+00
    9      0.0000000000E+00   0.0000000000E+00   0.0000000000E+00   0.0000000000E+00   0.0000000000E+00
   10      0.0000000000E+00   0.0000000000E+00   0.0000000000E+00   0.0000000000E+00   0.0000000000E+00
   11      0.0000000000E+00   0.0000000000E+00   0.0000000000E+00   0.0000000000E+00   0.0000000000E+00
   12      0.0000000000E+00   0.0000000000E+00   0.0000000000E+00   0.0000000000E+00   0.0000000000E+00
   13      0.0000000000E+00   0.0000000000E+00   0.0000000000E+00   0.0000000000E+00   0.0000000000E+00
   14      0.0000000000E+00   0.0000000000E+00   0.0000000000E+00   0.0000000000E+00   0.0000000000E+00
   15      0.0000000000E+00   0.0000000000E+00   0.0000000000E+00   0.0000000000E+00   0.0000000000E+00
   16      0.0000000000E+00   0.0000000000E+00   0.0000000000E+00   0.0000000000E+00   0.0000000000E+00
   17      0.0000000000E+00   0.0000000000E+00   0.0000000000E+00   0.0000000000E+00   0.0000000000E+00
                    5                  6                  7                  8                  9        
    0      0.0000000000E+00   1.3090513557E-03  -6.1632036087E-02   2.5795300571E-10   8.4384356920E-11
    1      0.0000000000E+00  -8.8791819376E-02  -1.5744699686E-03  -2.0743943607E-10   5.3570556452E-10
    2      0.0000000000E+00  -6.5222033411E-10   2.2675796999E-11   4.5124700035E-02  -1.1805262887E-01
    3      0.0000000000E+00  -3.5120452535E-03   1.6059617717E-01  -2.6503927379E-10  -5.0518326320E-11
    4      0.0000000000E+00  -1.0197901357E-01  -1.9088551798E-03   1.1960085249E-10  -3.6121689106E-10
    5      0.0000000000E+00   4.9515825484E-10   4.6336342578E-12  -4.4493896964E-03   1.2235569644E-02
    6      0.0000000000E+00  -1.1957722264E-01  -5.1809426734E-02  -6.3490759357E-11   1.3554551400E-09
    7      0.0000000000E+00   7.0956996860E-02  -1.0237640650E-01   5.4353143592E-10   6.6221941508E-11
    8      0.0000000000E+00  -1.8283713530E-10  -1.0271247169E-10   6.4397528494E-02   2.6302640586E-02
    9      0.0000000000E+00   1.2179424897E-01  -4.6032482151E-02   9.5771306831E-10  -1.0572056196E-09
   10      0.0000000000E+00   6.6828842129E-02   1.0486429733E-01  -4.5961642695E-10  -2.4219583848E-10
   11      0.0000000000E+00  -1.6003298849E-10   9.5901814263E-11  -6.4660314916E-02  -2.4117308953E-02
   12      0.0000000000E+00   1.6035437370E-02  -1.3100824478E-01  -9.4962828927E-09   4.7415374443E-09
   13      0.0000000000E+00   2.4882129624E-01  -2.0271315856E-01  -1.3183599433E-09   6.7703559417E-10
   14      0.0000000000E+00   2.8310823785E-09  -1.1122296381E-09  -8.3480474824E-01   3.5245161532E-01
   15      0.0000000000E+00  -1.1069197456E-02  -1.3110543746E-01  -3.5607107353E-09  -9.6779614152E-09
   16      0.0000000000E+00   2.4012738176E-01   2.1227038681E-01   5.5836156932E-10   1.4700175057E-09
   17      0.0000000000E+00   2.5178699423E-09   8.7678342717E-10   3.7229833012E-01   8.2431064382E-01
                   10                 11                 12                 13                 14        
    0     -3.2300105932E-11  -1.3407505140E-03   1.5010577238E-01  -1.5739948180E-03  -2.0186819303E-01
    1     -1.4400947996E-09  -6.9098725055E-02  -4.0839579684E-04  -4.4912268578E-02   4.1637468050E-04
    2     -2.2585088752E-01   8.9371305826E-09   4.4663421423E-11  -1.6938430295E-10   7.6712534657E-12
    3      2.0062863350E-11   5.6967472328E-04  -1.1841026337E-02   2.1574628654E-04   2.9254345810E-02
    4     -4.5242812653E-09  -1.0785675928E-01  -2.0621287327E-05   9.5007365913E-02  -1.2929701552E-04
    5      7.7394738942E-02  -2.5259562600E-09  -5.2810793132E-12   6.4373289321E-10  -4.5259460299E-12
    6      4.4764408051E-09   1.2429315265E-01  -6.6346829454E-02  -9.6839838643E-05   4.1476885995E-02
    7      2.5096261979E-09   7.1319857768E-02  -7.7003878742E-02  -5.8885000368E-02  -1.9905390871E-02
    8      6.3666766761E-02  -2.3688288458E-09   7.7510866610E-10   7.6983807668E-11  -3.1124749715E-10
    9     -4.4689543106E-09  -1.2371114565E-01  -6.7655648109E-02   1.2784174147E-03   4.1959113079E-02
   10      2.5290034278E-09   7.1154804495E-02   7.6758842331E-02  -5.9936120629E-02   1.9848336864E-02
   11      6.4061715244E-02  -2.3916331590E-09  -7.8869705507E-10   7.4572916103E-11   3.1340745562E-10
   12      3.0878983696E-09   1.7802544584E-01   2.6686821912E-01   3.8321108185E-01   3.0584485346E-01
   13      4.5012391414E-09   1.3509182532E-01   3.5984884082E-01   4.5536177831E-01   3.4283964609E-01
   14     -2.8026727233E-01   4.4318309908E-09  -3.5344653289E-09  -5.3479661678E-09  -4.7803587598E-09
   15     -3.1405350083E-09  -1.8033938395E-01   2.6049030751E-01  -3.8664633891E-01   3.0928758684E-01
   16      4.4826409156E-09   1.3824361413E-01  -3.5076996158E-01   4.5734248369E-01  -3.4483982213E-01
   17     -2.8601927249E-01   4.7960314865E-09   3.3021376650E-09  -5.2570270978E-09   4.7265683083E-09
                   15                 16                 17        
     0     -1.9984742669E-06  -2.9548073207E-03  -1.6329503775E-04
     1     -2.2918514638E-01  -1.6909987853E-06   1.2156176136E-04
     2     -1.2224392879E-09  -2.3663720834E-12  -6.3780451235E-12
     3      1.6281403472E-04   4.4265447524E-04   2.5264231929E-05
     4      1.2379824560E-01  -9.6785820289E-05   1.4241472024E-03
     5      1.1187710425E-09   3.8835284753E-12   1.1365542288E-11
     6      9.3784083273E-03  -3.1394959576E-02  -3.6930923781E-02
     7      3.3777269274E-02   2.3617900231E-02   2.6595692997E-02
     8     -2.1857811991E-10   2.7779694612E-10   3.2569562022E-10
     9     -9.6309385608E-03  -3.5561217026E-02   3.2764407087E-02
    10      3.3930390111E-02  -2.6771558526E-02   2.3614441314E-02
    11     -2.2319812236E-10  -3.0495287055E-10   2.7071971332E-10
    12     -1.3370241433E-01   5.1276569070E-01   5.7836102251E-01
    13     -1.5477864181E-01  -3.8517316948E-01  -4.3475348961E-01
    14      1.8910021608E-09  -4.6007414571E-09  -5.1645889256E-09
    15      1.3515007100E-01   5.7803455752E-01  -5.1069201467E-01
    16     -1.5569076795E-01   4.3678021080E-01  -3.8616744302E-01
    17      1.9199747963E-09   4.9982673592E-09  -4.4053923389E-09

#
# The atoms: label  mass x y z (in bohrs)
#
$atoms
6
 C     12.00000      0.001303112364    -0.183465967679     0.000000015844
 O     15.99491     -0.003428815516    -2.463706465013    -0.000000004073
 O     15.99491      2.051921126877     1.293417285222    -0.000000002934
 O     15.99491     -2.049820132634     1.289077276685    -0.000000002921
 H      1.00783      3.482457828105     0.153978214138    -0.000000015533
 H      1.00783     -3.476900276590     0.145266332158    -0.000000015558

$actual_temperature
  0.000000

$frequency_scale_factor
  1.000000

$dipole_derivatives
18
    2.2984461780E+00    2.9257485392E-04   -1.2617595449E-10
    3.1823410173E-05    2.3389794442E+00   -4.5971679184E-09
   -2.2428338863E-10   -3.2437231477E-09    7.2200328865E-01
   -8.1512604127E-01   -2.2090263388E-03    6.5096977455E-11
    9.0481793974E-04   -1.4328994919E+00    3.1848837679E-09
    3.8941181102E-12   -8.0105817082E-09   -5.3176297844E-01
   -1.1801381007E+00   -4.1116978988E-01    1.0434667517E-09
   -3.5487308893E-01   -7.2621904362E-01    7.3772891567E-10
    6.2606397754E-09    5.2931863800E-09   -4.7873090202E-01
   -1.1819415796E+00    4.1232236011E-01   -8.6149888457E-10
    3.5378391743E-01   -7.2718674876E-01    8.0061336671E-10
   -6.2121608570E-09    5.3413018945E-09   -4.7847196516E-01
    4.3922382516E-01   -3.4664787552E-03   -5.5208070745E-10
    9.4094983194E-03    2.7359466851E-01    2.8338941553E-12
    5.0390437977E-10    2.7190088306E-10    3.8361567204E-01
    4.3953571851E-01    4.2303600109E-03    4.3119181729E-10
   -9.2569681676E-03    2.7373117163E-01   -1.2889202757E-10
   -3.3199318816E-10    3.4791448097E-10    3.8334688494E-01

#
# The IR spectrum
#  wavenumber T**2 TX TY TZ
#
$ir_spectrum
18
      0.00   0.00000000     0.000000     0.000000     0.000000
      0.00   0.00000000     0.000000     0.000000     0.000000
      0.00   0.00000000     0.000000     0.000000     0.000000
      0.00   0.00000000     0.000000     0.000000     0.000000
      0.00   0.00000000     0.000000     0.000000     0.000000
      0.00   0.00000000     0.000000     0.000000     0.000000
    633.87   0.00048565     0.001140     0.022008     0.000000
    671.60   0.00368046    -0.060665     0.000490    -0.000000
    798.32   0.00153060    -0.000000    -0.000000    -0.039123
    800.31   0.00966258    -0.000000     0.000000     0.098298
    961.80   0.01457210    -0.000000    -0.000000    -0.120715
   1021.66   0.00114511    -0.001293    -0.033815     0.000000
   1336.58   0.02924165     0.171002     0.000264    -0.000000
   1466.68   0.00035349    -0.001417     0.018748    -0.000000
   1594.05   0.00329970    -0.057443     0.000186     0.000000
   1902.56   0.02309872     0.000171    -0.151983     0.000000
   3886.62   0.00428419     0.065425     0.001934     0.000000
   3889.45   0.00089569     0.004034    -0.029655    -0.000000


$end

