
$orca_hessian_file

$act_atom
  0

$act_coord
  0

$act_energy
        0.000000

$multiplicity
  1

$hessian
18
                    0                  1                  2                  3                  4        
    0      7.9363907705E-01   5.3155210449E-03  -4.0768671136E-11  -1.6539961581E-01  -5.3649206284E-04
    1      5.3155210449E-03   1.1042111292E+00   3.6878248742E-09  -4.6732259040E-04  -7.2971682003E-01
    2     -4.0768671136E-11   3.6878248742E-09   3.1260968396E-01  -3.7568443220E-11  -4.2862641796E-09
    3     -1.6539961581E-01  -4.6732259040E-04  -3.7568443220E-11   1.4464619896E-01   7.1188961115E-04
    4     -5.3649206284E-04  -7.2971682003E-01  -4.2862641796E-09   7.1188961115E-04   8.8343842321E-01
    5     -3.6079529760E-11  -5.1767558648E-09  -1.2688307673E-01   2.0291831557E-11   4.9143298097E-09
    6     -2.6807822380E-01  -9.3184853169E-02   8.5246033832E-10   1.4215880836E-03  -5.4787364713E-02
    7     -6.6119467945E-02  -2.1866217171E-01  -5.5858732867E-11  -6.7920211824E-02  -7.0559479632E-02
    8      1.5491844154E-09   1.1703324584E-09  -9.6324162747E-02  -8.2711611453E-11  -3.4769516586E-10
    9     -2.6169109946E-01   8.8715310741E-02  -7.4197315282E-10   1.3076347406E-03   5.4569857690E-02
   10      6.1658529924E-02  -2.1564691147E-01  -1.9045135930E-11   6.7578496863E-02  -7.0248324627E-02
   11     -1.4528601460E-09   1.1106184266E-09  -9.7227830787E-02   9.8817730364E-11  -3.5573103400E-10
   12     -4.9012666772E-02   2.8149396356E-02   3.4466483836E-10   8.9976876134E-03   5.8058478984E-03
   13     -2.6217501206E-02   2.9849357004E-02   3.6963378293E-10   1.9323153341E-03  -6.3967360246E-03
   14      6.0367695350E-10  -4.0101667999E-10   3.7726534254E-03  -1.1384223953E-10   3.8140350759E-11
   15     -4.9457471205E-02  -2.8528052382E-02  -3.7681523390E-10   9.0265064044E-03  -5.7637384238E-03
   16      2.5899410244E-02   2.9965416993E-02   3.0370933859E-10  -1.8351673939E-03  -6.5170628924E-03
   17     -6.2315269760E-10  -3.9100316173E-10   4.0527328825E-03   1.1501272156E-10   3.7220092589E-11
                    5                  6                  7                  8                  9        
    0     -3.6079529760E-11  -2.6807822380E-01  -6.6119467945E-02   1.5491844154E-09  -2.6169109946E-01
    1     -5.1767558648E-09  -9.3184853169E-02  -2.1866217171E-01   1.1703324584E-09   8.8715310741E-02
    2     -1.2688307673E-01   8.5246033832E-10  -5.5858732867E-11  -9.6324162747E-02  -7.4197315282E-10
    3      2.0291831557E-11   1.4215880836E-03  -6.7920211824E-02  -8.2711611453E-11   1.3076347406E-03
    4      4.9143298097E-09  -5.4787364713E-02  -7.0559479632E-02  -3.4769516586E-10   5.4569857690E-02
    5      6.7506155321E-02   1.2070903749E-10   2.4114789697E-10   3.4714328120E-02  -1.1123892535E-10
    6      1.2070903749E-10   6.9848607445E-01  -9.2142067685E-02  -4.2866602986E-09  -9.4443178203E-02
    7      2.4114789697E-10  -9.2142067685E-02   5.2525991029E-01   1.1731000179E-09   2.4351890925E-02
    8      3.4714328120E-02  -4.2866602986E-09   1.1731000179E-09   6.9701274155E-02  -1.7976933605E-10
    9     -1.1123892535E-10  -9.4443178203E-02   2.4351890925E-02  -1.7976933605E-10   6.8767732776E-01
   10      2.0077585420E-10  -2.4489207711E-02   2.6828126807E-02   1.7865529796E-10   9.7252960008E-02
   11      3.4602461810E-02   1.7851864570E-10   2.0777701556E-10   1.6058935076E-02   3.8325974715E-09
   12     -5.9729055010E-11  -3.3488124159E-01   1.9578069956E-01   3.0431522918E-09  -2.3072819455E-03
   13     -9.3080528559E-11   2.5748981284E-01  -2.5972555858E-01  -2.1521548009E-09  -7.0517430695E-03
   14     -4.9664981950E-03   3.0152670559E-09  -1.6261990004E-09  -2.7247719177E-02  -1.1653899548E-10
   15      6.6046651802E-11  -2.5050189355E-03   6.0491569647E-03  -4.3195468803E-11  -3.3054340289E-01
   16     -8.6417041045E-11   7.1136804379E-03  -3.1408271780E-03  -2.2237645177E-11  -2.5783827629E-01
   17     -4.9733703265E-03   1.1970522891E-10   6.0032640453E-11   3.0973445718E-03  -2.6830771890E-09
                   10                 11                 12                 13                 14        
    0      6.1658529924E-02  -1.4528601460E-09  -4.9012666772E-02  -2.6217501206E-02   6.0367695350E-10
    1     -2.1564691147E-01   1.1106184266E-09   2.8149396356E-02   2.9849357004E-02  -4.0101667999E-10
    2     -1.9045135930E-11  -9.7227830787E-02   3.4466483836E-10   3.6963378293E-10   3.7726534254E-03
    3      6.7578496863E-02   9.8817730364E-11   8.9976876134E-03   1.9323153341E-03  -1.1384223953E-10
    4     -7.0248324627E-02  -3.5573103400E-10   5.8058478984E-03  -6.3967360246E-03   3.8140350759E-11
    5      2.0077585420E-10   3.4602461810E-02  -5.9729055010E-11  -9.3080528559E-11  -4.9664981950E-03
    6     -2.4489207711E-02   1.7851864570E-10  -3.3488124159E-01   2.5748981284E-01   3.0152670559E-09
    7      2.6828126807E-02   2.0777701556E-10   1.9578069956E-01  -2.5972555858E-01  -1.6261990004E-09
    8      1.7865529796E-10   1.6058935076E-02   3.0431522918E-09  -2.1521548009E-09  -2.7247719177E-02
    9      9.7252960008E-02   3.8325974715E-09  -2.3072819455E-03  -7.0517430695E-03  -1.1653899548E-10
   10      5.2548098013E-01   1.0042248607E-09  -6.0301627671E-03  -3.0773104049E-03   6.0933095204E-11
   11      1.0042248607E-09   7.0915496167E-02   3.4447922245E-11  -5.3542409424E-11   3.1543819812E-03
   12     -6.0301627671E-03   3.4447922245E-11   3.7861550869E-01  -2.2493128223E-01  -3.3731353317E-09
   13     -3.0773104049E-03  -5.3542409424E-11  -2.2493128223E-01   2.3836805769E-01   1.9458055437E-09
   14      6.0933095204E-11   3.1543819812E-03  -3.3731353317E-09   1.9458055437E-09   2.3432746783E-02
   15     -1.9597061632E-01  -2.6915214965E-09  -1.4120059873E-03  -1.2216016663E-03  -1.5427337652E-11
   16     -2.6333656044E-01  -1.9133470915E-09   1.2255011813E-03   9.8219031474E-04  -1.7663399359E-11
   17     -1.4255437401E-09  -2.7503444247E-02   1.0599229373E-11  -1.6661497705E-11   1.8544351825E-03
                   15                 16                 17        
     0     -4.9457471205E-02   2.5899410244E-02  -6.2315269760E-10
     1     -2.8528052382E-02   2.9965416993E-02  -3.9100316173E-10
     2     -3.7681523390E-10   3.0370933859E-10   4.0527328825E-03
     3      9.0265064044E-03  -1.8351673939E-03   1.1501272156E-10
     4     -5.7637384238E-03  -6.5170628924E-03   3.7220092589E-11
     5      6.6046651802E-11  -8.6417041045E-11  -4.9733703265E-03
     6     -2.5050189355E-03   7.1136804379E-03   1.1970522891E-10
     7      6.0491569647E-03  -3.1408271780E-03   6.0032640453E-11
     8     -4.3195468803E-11  -2.2237645177E-11   3.0973445718E-03
     9     -3.3054340289E-01  -2.5783827629E-01  -2.6830771890E-09
    10     -1.9597061632E-01  -2.6333656044E-01  -1.4255437401E-09
    11     -2.6915214965E-09  -1.9133470915E-09  -2.7503444247E-02
    12     -1.4120059873E-03   1.2255011813E-03   1.0599229373E-11
    13     -1.2216016663E-03   9.8219031474E-04  -1.6661497705E-11
    14     -1.5427337652E-11  -1.7663399359E-11   1.8544351825E-03
    15      3.7489139262E-01   2.2543485183E-01   3.0609127959E-09
    16      2.2543485183E-01   2.4204684320E-01   1.7359557525E-09
    17      3.0609127959E-09   1.7359557525E-09   2.3472301937E-02

$vibrational_frequencies
18
    0        0.0000000000000000
    1        0.0000000000000000
    2        0.0000000000000000
    3        0.0000000000000000
    4        0.0000000000000000
    5        0.0000000000000000
    6      633.8866157899767586
    7      671.5772615319389161
    8      798.6283233136791750
    9      800.1034218842224846
   10      961.8150053933909476
   11     1021.5945547362522348
   12     1336.6424406297264795
   13     1466.6854475970944804
   14     1594.0515437113447206
   15     1902.6186844625735830
   16     3886.1116106659083016
   17     3889.7301859247213542

$normal_modes
18 18
                    0                  1                  2                  3                  4        
    0      0.0000000000E+00   0.0000000000E+00   0.0000000000E+00   0.0000000000E+00   0.0000000000E+00
    1      0.0000000000E+00   0.0000000000E+00   0.0000000000E+00   0.0000000000E+00   0.0000000000E+00
    2      0.0000000000E+00   0.0000000000E+00   0.0000000000E+00   0.0000000000E+00   0.0000000000E+00
    3      0.0000000000E+00   0.0000000000E+00   0.0000000000E+00   0.0000000000E+00   0.0000000000E+00
    4      0.0000000000E+00   0.0000000000E+00   0.0000000000E+00   0.0000000000E+00   0.0000000000E+00
    5      0.0000000000E+00   0.0000000000E+00   0.0000000000E+00   0.0000000000E+00   0.0000000000E+00
    6      0.0000000000E+00   0.0000000000E+00   0.0000000000E+00   0.0000000000E+00   0.0000000000E+00
    7      0.0000000000E+00   0.0000000000E+00   0.0000000000E+00   0.0000000000E+00   0.0000000000E+00
    8      0.0000000000E+00   0.0000000000E+00   0.0000000000E+00   0.0000000000E+00   0.0000000000E+00
    9      0.0000000000E+00   0.0000000000E+00   0.0000000000E+00   0.0000000000E+00   0.0000000000E+00
   10      0.0000000000E+00   0.0000000000E+00   0.0000000000E+00   0.0000000000E+00   0.0000000000E+00
   11      0.0000000000E+00   0.0000000000E+00   0.0000000000E+00   0.0000000000E+00   0.0000000000E+00
   12      0.0000000000E+00   0.0000000000E+00   0.0000000000E+00   0.0000000000E+00   0.0000000000E+00
   13      0.0000000000E+00   0.0000000000E+00   0.0000000000E+00   0.0000000000E+00   0.0000000000E+00
   14      0.0000000000E+00   0.0000000000E+00   0.0000000000E+00   0.0000000000E+00   0.0000000000E+00
   15      0.0000000000E+00   0.0000000000E+00   0.0000000000E+00   0.0000000000E+00   0.0000000000E+00
   16      0.0000000000E+00   0.0000000000E+00   0.0000000000E+00   0.0000000000E+00   0.0000000000E+00
   17      0.0000000000E+00   0.0000000000E+00   0.0000000000E+00   0.0000000000E+00   0.0000000000E+00
                    5                  6                  7                  8                  9        
    0      0.0000000000E+00   7.8178321662E-06  -6.1640743262E-02   2.6836868264E-10  -1.3504473838E-11
    1      0.0000000000E+00  -8.8805741560E-02  -3.5497233171E-04   3.4333947216E-11   5.7151458388E-10
    2      0.0000000000E+00  -6.5050010346E-10   7.6672630924E-11  -1.2336343596E-02  -1.2582493883E-01
    3      0.0000000000E+00   8.6788643582E-05   1.6063307767E-01  -2.5739253678E-10   5.6539871992E-11
    4      0.0000000000E+00  -1.0199829619E-01  -5.1080416389E-04  -5.1809929326E-11  -3.8079647950E-10
    5      0.0000000000E+00   4.9543399876E-10  -1.7301453140E-11   1.5363283011E-03   1.2945118349E-02
    6      0.0000000000E+00  -1.2072780940E-01  -4.8370185198E-02   6.0925494358E-10   1.2300556936E-09
    7      0.0000000000E+00   6.8878965665E-02  -1.0323554481E-01   5.1298114843E-10  -1.6507433933E-10
    8      0.0000000000E+00  -1.7194960148E-10  -1.1370808855E-10   6.9701506663E-02  -4.7878233009E-03
    9      0.0000000000E+00   1.2071040534E-01  -4.9500280076E-02   3.2242031386E-10  -1.3697468621E-09
   10      0.0000000000E+00   6.8931803593E-02   1.0404823417E-01  -5.1906387982E-10  -2.4040643264E-11
   11      0.0000000000E+00  -1.7007735962E-10   8.7520039044E-11  -6.8365763671E-02   6.8349041919E-03
   12      0.0000000000E+00   1.2944636000E-02  -1.3035353016E-01  -6.4630252760E-09   8.5258044235E-09
   13      0.0000000000E+00   2.4518629255E-01  -2.0781051958E-01  -7.6568618886E-10   1.0879947317E-09
   14      0.0000000000E+00   2.6601536798E-09  -1.0943744040E-09  -5.9509221171E-01   6.8425811354E-01
   15      0.0000000000E+00  -1.4138905300E-02  -1.3178890419E-01  -7.4337507125E-09  -7.0453376269E-09
   16      0.0000000000E+00   2.4383852212E-01   2.0724597728E-01   1.2756764895E-09   1.1519877581E-09
   17      0.0000000000E+00   2.6505587925E-09   8.7165652615E-10   6.9639708583E-01   5.7598079559E-01
                   10                 11                 12                 13                 14        
    0      5.7496404306E-11   3.5382137180E-03   1.5005628630E-01   4.0038763112E-03   2.0182737443E-01
    1     -1.4449385597E-09  -6.9102663566E-02  -3.5492121910E-04   4.4887699465E-02  -2.6759282681E-03
    2     -2.2582553824E-01   8.9528839718E-09  -2.4603913267E-11   1.6817820322E-10  -6.2056723535E-11
    3      2.4355749851E-12  -1.0490094143E-03  -1.1829894888E-02  -6.3121929661E-04  -2.9245799774E-02
    4     -4.5299253976E-09  -1.0783402557E-01   3.1793768177E-03  -9.4951203767E-02   2.9594064456E-03
    5      7.7391936579E-02  -2.5312904800E-09   1.3933250190E-11  -6.4301916004E-10   3.3110338707E-11
    6      4.4554329015E-09   1.2301419683E-01  -6.8661517582E-02  -6.2508704060E-04  -4.2337516505E-02
    7      2.4769959792E-09   7.0648771105E-02  -7.8569329320E-02   5.8945614483E-02   1.9290956596E-02
    8      6.3458635333E-02  -2.3688500147E-09   7.8841747591E-10  -6.0600820596E-11   3.2466017993E-10
    9     -4.5082175156E-09  -1.2496701329E-01  -6.5312717400E-02  -1.9507109694E-03  -4.1077205069E-02
   10      2.5695084853E-09   7.1804674782E-02   7.5185853820E-02   5.9839376932E-02  -2.0466836460E-02
   11      6.4265676792E-02  -2.4004551758E-09  -7.7450472645E-10  -8.9881520762E-11  -3.0065494321E-10
   12      3.1804996713E-09   1.8190502181E-01   2.6313046054E-01  -3.8333994050E-01  -3.0439647376E-01
   13      4.7437239356E-09   1.4128821980E-01   3.5903195162E-01  -4.5741722026E-01  -3.4204395105E-01
   14     -2.7794734155E-01   4.5414141375E-09  -3.4900309413E-09   5.2820163538E-09   4.6655260774E-09
   15     -3.0660238502E-09  -1.7639277151E-01   2.6419239403E-01   3.8656416312E-01  -3.1072326761E-01
   16      4.2624275537E-09   1.3207003369E-01  -3.5156677127E-01  -4.5531243286E-01   3.4559990939E-01
   17     -2.8853037829E-01   4.7238814961E-09   3.3410492389E-09   5.3089595586E-09  -4.8330929562E-09
                   15                 16                 17        
     0     -2.7738289004E-03  -2.8058319400E-03   9.4237873596E-04
     1     -2.2917332957E-01  -6.4460823956E-06  -1.2692851275E-04
     2     -1.2216432738E-09  -4.4881976428E-12   8.3978486157E-12
     3      3.4842037842E-04   4.1562189768E-04  -1.5464726548E-04
     4      1.2378293681E-01  -4.8176183602E-04  -1.3437487142E-03
     5      1.1184677388E-09   6.1199552172E-12  -1.4286992888E-11
     6      1.0178313311E-02  -1.9995250789E-02   4.4281675932E-02
     7      3.4069402318E-02   1.5267559725E-02  -3.1973262156E-02
     8     -2.2880974661E-10   1.8077906059E-10  -4.0682954445E-10
     9     -8.8470579071E-03  -4.3136838306E-02  -2.1591677597E-02
    10      3.3642243576E-02  -3.2388086505E-02  -1.5332894274E-02
    11     -2.1336189463E-10  -3.5597526045E-10  -1.6531315517E-10
    12     -1.3122842963E-01   3.3331232845E-01  -6.9901204210E-01
    13     -1.5324011185E-01  -2.4894362087E-01   5.2258029917E-01
    14      1.8814465833E-09  -3.0969460213E-09   6.4356616991E-09
    15      1.3759826156E-01   6.9545207825E-01   3.3013892503E-01
    16     -1.5719030580E-01   5.2838146723E-01   2.5104031577E-01
    17      1.9311403012E-09   5.8337489540E-09   2.7714113506E-09

#
# The atoms: label  mass x y z (in bohrs)
#
$atoms
6
 C     12.00000      0.002256804857    -0.183465967679     0.000000015844
 O     15.99491     -0.000141323387    -2.463706465014    -0.000000004073
 O     15.99491      2.049845781882     1.290124247381    -0.000000002919
 O     15.99491     -2.051895477629     1.292370314527    -0.000000002936
 H      1.00783      3.483629889767     0.155001413425    -0.000000015602
 H      1.00783     -3.475728214927     0.144243132870    -0.000000015489

$actual_temperature
  0.000000

$frequency_scale_factor
  1.000000

$dipole_derivatives
18
    2.2984613557E+00    2.9945339864E-03    2.6422645923E-10
    3.1617315140E-03    2.3390073421E+00   -4.5917705815E-09
   -7.3851389436E-10   -3.2536906298E-09    7.2200253920E-01
   -8.1512853500E-01    5.3691664968E-05   -2.9994179018E-11
    3.1783767282E-04   -1.4329110405E+00    3.1812701730E-09
    7.1450275305E-11   -8.0109743058E-09   -5.3176362354E-01
   -1.1837364063E+00   -4.1382126980E-01    1.0820042495E-09
   -3.5623801422E-01   -7.2812212364E-01    5.7999311575E-10
    6.3495620816E-09    5.5200794601E-09   -4.7804280082E-01
   -1.1783604309E+00    4.0967756377E-01   -8.3695189454E-10
    3.5245343545E-01   -7.2531296812E-01    9.5012924943E-10
   -6.1099004750E-09    5.1328905634E-09   -4.7916064309E-01
    4.4054813337E-01   -3.2961069635E-03   -7.3881056242E-10
    9.4924716773E-03    2.7420600703E-01    6.8522405600E-11
    6.4134135755E-10    1.8009535723E-10    3.8406896087E-01
    4.3821588319E-01    4.3915873392E-03    2.5952592730E-10
   -9.1874620960E-03    2.7313278320E-01   -1.8814436210E-10
   -2.1393444237E-10    4.3159907708E-10    3.8289556738E-01

#
# The IR spectrum
#  wavenumber T**2 TX TY TZ
#
$ir_spectrum
18
      0.00   0.00000000     0.000000     0.000000     0.000000
      0.00   0.00000000     0.000000     0.000000     0.000000
      0.00   0.00000000     0.000000     0.000000     0.000000
      0.00   0.00000000     0.000000     0.000000     0.000000
      0.00   0.00000000     0.000000     0.000000     0.000000
      0.00   0.00000000     0.000000     0.000000     0.000000
    633.89   0.00048453    -0.000106     0.022012     0.000000
    671.58   0.00368092    -0.060669    -0.000408     0.000000
    798.63   0.00005828    -0.000000     0.000000     0.007634
    800.10   0.01113083     0.000000     0.000000     0.105503
    961.82   0.01457479     0.000000    -0.000000    -0.120726
   1021.59   0.00115396     0.003273    -0.033812     0.000000
   1336.64   0.02922964     0.170966     0.000448    -0.000000
   1466.69   0.00035944     0.002698    -0.018766     0.000000
   1594.05   0.00329954     0.057420    -0.001586    -0.000000
   1902.62   0.02309771    -0.001205    -0.151975     0.000000
   3886.11   0.00390262     0.061639     0.010163     0.000000
   3889.73   0.00127753    -0.022308     0.027926     0.000000


$end

