
$orca_hessian_file

$act_atom
  0

$act_coord
  0

$act_energy
        0.000000

$multiplicity
  1

$hessian
18
                    0                  1                  2                  3                  4        
    0      7.9362273165E-01  -4.3759093335E-03   6.5429833770E-11  -1.6539946986E-01   6.0368514407E-04
    1     -4.3759093335E-03   1.1042053234E+00   3.6896420353E-09   6.6559557238E-04  -7.2971345987E-01
    2      6.5429833770E-11   3.6896420353E-09   3.1261069607E-01   6.7825088616E-12  -4.2868320502E-09
    3     -1.6539946986E-01   6.6559557238E-04   6.7825088616E-12   1.4464646149E-01  -5.9065842438E-04
    4      6.0368514407E-04  -7.2971345987E-01  -4.2868320502E-09  -5.9065842438E-04   8.8343484933E-01
    5      7.9926102202E-12  -5.1766323529E-09  -1.2688290220E-01  -6.9293215077E-12   4.9147608258E-09
    6     -2.6272699600E-01  -8.8969487896E-02   7.7540093859E-10   1.3426356097E-03  -5.4675944169E-02
    7     -6.1933197016E-02  -2.1585931350E-01  -7.7820878868E-11  -6.7838310205E-02  -7.0567446926E-02
    8      1.4707974119E-09   1.1060965054E-09  -9.6819530963E-02  -9.1425450038E-11  -3.4942625258E-10
    9     -2.6702303187E-01   9.2919151118E-02  -8.1554303819E-10   1.3864381554E-03   5.4681953131E-02
   10      6.5839493403E-02  -2.1845148421E-01   3.4104569791E-12   6.7659470727E-02  -7.0239447887E-02
   11     -1.5296212778E-09   1.1715284360E-09  -9.6734106131E-02   9.0063835999E-11  -3.5316343869E-10
   12     -4.8590686784E-02   2.8220155187E-02   3.4563802857E-10   8.9855744959E-03   5.7749235496E-03
   13     -2.6123198870E-02   2.9821619426E-02   3.5541154095E-10   1.9355812894E-03  -6.3863788471E-03
   14      6.0656312718E-10  -3.9519316423E-10   3.6216043470E-03  -1.1363799716E-10   4.0344792863E-11
   15     -4.9882547144E-02  -2.8459504648E-02  -3.7770817459E-10   9.0383601056E-03  -5.7939592313E-03
   16      2.5989126672E-02   2.9997314738E-02   3.1618883994E-10  -1.8316789589E-03  -6.5281158012E-03
   17     -6.2116180226E-10  -3.9544140363E-10   4.2042388738E-03   1.1514642724E-10   3.4315986818E-11
                    5                  6                  7                  8                  9        
    0      7.9926102202E-12  -2.6272699600E-01  -6.1933197016E-02   1.4707974119E-09  -2.6702303187E-01
    1     -5.1766323529E-09  -8.8969487896E-02  -2.1585931350E-01   1.1060965054E-09   9.2919151118E-02
    2     -1.2688290220E-01   7.7540093859E-10  -7.7820878868E-11  -9.6819530963E-02  -8.1554303819E-10
    3     -6.9293215077E-12   1.3426356097E-03  -6.7838310205E-02  -9.1425450038E-11   1.3864381554E-03
    4      4.9147608258E-09  -5.4675944169E-02  -7.0567446926E-02  -3.4942625258E-10   5.4681953131E-02
    5      6.7506325683E-02   1.1367140988E-10   2.1912682746E-10   3.4652103699E-02  -1.1798834665E-10
    6      1.1367140988E-10   6.9282124632E-01  -9.6752285016E-02  -4.1303124456E-09  -9.4443328069E-02
    7      2.1912682746E-10  -9.6752285016E-02   5.2313049269E-01   1.1872903901E-09   2.4366389003E-02
    8      3.4652103699E-02  -4.1303124456E-09   1.1872903901E-09   7.0074156888E-02  -1.8219531784E-10
    9     -1.1798834665E-10  -9.4443328069E-02   2.4366389003E-02  -1.8219531784E-10   6.9334620425E-01
   10      2.2265648382E-10  -2.4477212190E-02   2.6828694417E-02   1.8219259879E-10   9.2675823852E-02
   11      3.4664115524E-02   1.7653995075E-10   2.0337096731E-10   1.6058762392E-02   3.9706990378E-09
   12     -6.1420973641E-11  -3.3455916640E-01   1.9610839568E-01   2.9755262324E-09  -2.3783192604E-03
   13     -9.0164307590E-11   2.5779818678E-01  -2.6042861894E-01  -2.0982819543E-09  -7.0900845729E-03
   14     -4.9270874164E-03   2.9494072981E-09  -1.5886614358E-09  -2.7072109122E-02  -1.2124182595E-10
   15      6.4674618301E-11  -2.4343914599E-03   6.0490075573E-03  -4.2390520139E-11  -3.3088796321E-01
   16     -8.9747340648E-11   7.0767424911E-03  -3.1038077385E-03  -2.7871382542E-11  -2.5755323253E-01
   17     -5.0125552884E-03   1.1529293748E-10   5.6694224791E-11   3.1066171065E-03  -2.7337305626E-09
                   10                 11                 12                 13                 14        
    0      6.5839493403E-02  -1.5296212778E-09  -4.8590686784E-02  -2.6123198870E-02   6.0656312718E-10
    1     -2.1845148421E-01   1.1715284360E-09   2.8220155187E-02   2.9821619426E-02  -3.9519316423E-10
    2      3.4104569791E-12  -9.6734106131E-02   3.4563802857E-10   3.5541154095E-10   3.6216043470E-03
    3      6.7659470727E-02   9.0063835999E-11   8.9855744959E-03   1.9355812894E-03  -1.1363799716E-10
    4     -7.0239447887E-02  -3.5316343869E-10   5.7749235496E-03  -6.3863788471E-03   4.0344792863E-11
    5      2.2265648382E-10   3.4664115524E-02  -6.1420973641E-11  -9.0164307590E-11  -4.9270874164E-03
    6     -2.4477212190E-02   1.7653995075E-10  -3.3455916640E-01   2.5779818678E-01   2.9494072981E-09
    7      2.6828694417E-02   2.0337096731E-10   1.9610839568E-01  -2.6042861894E-01  -1.5886614358E-09
    8      1.8219259879E-10   1.6058762392E-02   2.9755262324E-09  -2.0982819543E-09  -2.7072109122E-02
    9      9.2675823852E-02   3.9706990378E-09  -2.3783192604E-03  -7.0900845729E-03  -1.2124182595E-10
   10      5.2761745243E-01   9.7968018522E-10  -6.0304175933E-03  -3.1150961154E-03   6.4185530866E-11
   11      9.7968018522E-10   7.0539354689E-02   3.5189703951E-11  -4.7230404411E-11   3.1450612466E-03
   12     -6.0304175933E-03   3.5189703951E-11   3.7795463018E-01  -2.2529022249E-01  -3.3072986579E-09
   13     -3.1150961154E-03  -4.7230404411E-11  -2.2529022249E-01   2.3912610308E-01   1.8969501018E-09
   14      6.4185530866E-11   3.1450612466E-03  -3.3072986579E-09   1.8969501018E-09   2.3377970903E-02
   15     -1.9566715820E-01  -2.7428711972E-09  -1.4120322335E-03  -1.2302621409E-03  -1.3791964688E-11
   16     -2.6264011863E-01  -1.9541857230E-09   1.2171656663E-03   9.8237140013E-04  -1.7625803030E-11
   17     -1.4521252781E-09  -2.7673187721E-02   1.2365687023E-11  -1.6684999052E-11   1.8545600420E-03
                   15                 16                 17        
     0     -4.9882547144E-02   2.5989126672E-02  -6.2116180226E-10
     1     -2.8459504648E-02   2.9997314738E-02  -3.9544140363E-10
     2     -3.7770817459E-10   3.1618883994E-10   4.2042388738E-03
     3      9.0383601056E-03  -1.8316789589E-03   1.1514642724E-10
     4     -5.7939592313E-03  -6.5281158012E-03   3.4315986818E-11
     5      6.4674618301E-11  -8.9747340648E-11  -5.0125552884E-03
     6     -2.4343914599E-03   7.0767424911E-03   1.1529293748E-10
     7      6.0490075573E-03  -3.1038077385E-03   5.6694224791E-11
     8     -4.2390520139E-11  -2.7871382542E-11   3.1066171065E-03
     9     -3.3088796321E-01  -2.5755323253E-01  -2.7337305626E-09
    10     -1.9566715820E-01  -2.6264011863E-01  -1.4521252781E-09
    11     -2.7428711972E-09  -1.9541857230E-09  -2.7673187721E-02
    12     -1.4120322335E-03   1.2171656663E-03   1.2365687023E-11
    13     -1.2302621409E-03   9.8237140013E-04  -1.6684999052E-11
    14     -1.3791964688E-11  -1.7625803030E-11   1.8545600420E-03
    15      3.7557857394E-01   2.2510187666E-01   3.1120872757E-09
    16      2.2510187666E-01   2.4129235604E-01   1.7732414392E-09
    17      3.1120872757E-09   1.7732414392E-09   2.3520326987E-02

$vibrational_frequencies
18
    0        0.0000000000000000
    1        0.0000000000000000
    2        0.0000000000000000
    3        0.0000000000000000
    4        0.0000000000000000
    5        0.0000000000000000
    6      633.8795308385074350
    7      671.5801498258084621
    8      798.3607792229159941
    9      800.2432902015688114
   10      961.8274192801522986
   11     1021.6216008028939086
   12     1336.5768753719075903
   13     1466.6249504848995002
   14     1594.1197284470424620
   15     1902.5958267878838797
   16     3885.6741892720378928
   17     3890.2853360234562388

$normal_modes
18 18
                    0                  1                  2                  3                  4        
    0      0.0000000000E+00   0.0000000000E+00   0.0000000000E+00   0.0000000000E+00   0.0000000000E+00
    1      0.0000000000E+00   0.0000000000E+00   0.0000000000E+00   0.0000000000E+00   0.0000000000E+00
    2      0.0000000000E+00   0.0000000000E+00   0.0000000000E+00   0.0000000000E+00   0.0000000000E+00
    3      0.0000000000E+00   0.0000000000E+00   0.0000000000E+00   0.0000000000E+00   0.0000000000E+00
    4      0.0000000000E+00   0.0000000000E+00   0.0000000000E+00   0.0000000000E+00   0.0000000000E+00
    5      0.0000000000E+00   0.0000000000E+00   0.0000000000E+00   0.0000000000E+00   0.0000000000E+00
    6      0.0000000000E+00   0.0000000000E+00   0.0000000000E+00   0.0000000000E+00   0.0000000000E+00
    7      0.0000000000E+00   0.0000000000E+00   0.0000000000E+00   0.0000000000E+00   0.0000000000E+00
    8      0.0000000000E+00   0.0000000000E+00   0.0000000000E+00   0.0000000000E+00   0.0000000000E+00
    9      0.0000000000E+00   0.0000000000E+00   0.0000000000E+00   0.0000000000E+00   0.0000000000E+00
   10      0.0000000000E+00   0.0000000000E+00   0.0000000000E+00   0.0000000000E+00   0.0000000000E+00
   11      0.0000000000E+00   0.0000000000E+00   0.0000000000E+00   0.0000000000E+00   0.0000000000E+00
   12      0.0000000000E+00   0.0000000000E+00   0.0000000000E+00   0.0000000000E+00   0.0000000000E+00
   13      0.0000000000E+00   0.0000000000E+00   0.0000000000E+00   0.0000000000E+00   0.0000000000E+00
   14      0.0000000000E+00   0.0000000000E+00   0.0000000000E+00   0.0000000000E+00   0.0000000000E+00
   15      0.0000000000E+00   0.0000000000E+00   0.0000000000E+00   0.0000000000E+00   0.0000000000E+00
   16      0.0000000000E+00   0.0000000000E+00   0.0000000000E+00   0.0000000000E+00   0.0000000000E+00
   17      0.0000000000E+00   0.0000000000E+00   0.0000000000E+00   0.0000000000E+00   0.0000000000E+00
                    5                  6                  7                  8                  9        
    0      0.0000000000E+00  -2.5824374970E-04   6.1643869816E-02  -2.5928194504E-10  -8.0609779764E-11
    1      0.0000000000E+00  -8.8804912746E-02  -4.9190101218E-04   2.1287325878E-10  -5.3484608916E-10
    2      0.0000000000E+00  -6.5134703826E-10  -1.7193956754E-11  -3.7734767218E-02   1.2067747367E-01
    3      0.0000000000E+00   4.8181944804E-04  -1.6063347190E-01   2.6948145045E-10   3.4599620494E-11
    4      0.0000000000E+00  -1.0199623228E-01  -6.6540140802E-04  -6.3534506285E-11   3.7900191916E-10
    5      0.0000000000E+00   4.9503022047E-10  -9.3621263139E-13   3.2728752005E-03  -1.2642504398E-02
    6      0.0000000000E+00  -1.2082070780E-01   4.8981891400E-02  -1.5820164873E-12  -1.3527217675E-09
    7      0.0000000000E+00   6.8501626409E-02   1.0405480657E-01  -5.7134788916E-10  -4.8937814040E-11
    8      0.0000000000E+00  -2.0100830558E-10   9.0683817826E-11  -6.6172396634E-02  -2.3535292773E-02
    9      0.0000000000E+00   1.2061772405E-01   4.8885728446E-02  -9.0906573751E-10   1.1054400313E-09
   10      0.0000000000E+00   6.9305736706E-02  -1.0322455294E-01   4.4703600593E-10   2.1342471271E-10
   11      0.0000000000E+00  -1.4226746561E-10  -1.0642544897E-10   6.5053056539E-02   2.0890856828E-02
   12      0.0000000000E+00   1.2872926194E-02   1.3164002057E-01   9.2990302928E-09  -5.1555376638E-09
   13      0.0000000000E+00   2.4438950609E-01   2.0916003537E-01   1.1612513308E-09  -7.1591934432E-10
   14      0.0000000000E+00   2.9354554634E-09   1.2364810020E-09   8.2086821068E-01  -3.8804219158E-01
   15      0.0000000000E+00  -1.4223387064E-02   1.3051660218E-01   3.9639700098E-09   9.4907639998E-09
   16      0.0000000000E+00   2.4464674231E-01  -2.0591937870E-01  -7.1463816259E-10  -1.5413221272E-09
   17      0.0000000000E+00   2.4115689996E-09  -7.6706609404E-10  -4.0574496696E-01  -8.0622897643E-01
                   10                 11                 12                 13                 14        
    0     -4.2714734113E-11   2.8556935677E-03  -1.5005599396E-01   6.0709666529E-03  -2.0179858042E-01
    1     -1.4419604275E-09   6.9103900086E-02  -2.3163879950E-04   4.4913441571E-02   6.6937132822E-04
    2     -2.2581915633E-01  -8.9425820163E-09  -9.1873506691E-11   1.7123569728E-10  -1.7530557304E-11
    3      9.5028307263E-12  -8.0121942118E-04   1.1831691592E-02  -8.2018953970E-04   2.9243035251E-02
    4     -4.5274985474E-09   1.0784365131E-01   6.8431662630E-04  -9.5021345809E-02  -9.4669975601E-04
    5      7.7387963242E-02   2.5280305281E-09   2.0620230762E-11  -6.4423058794E-10  -7.1476078730E-12
    6      4.4838477738E-09  -1.2473716653E-01   6.5796034307E-02  -9.8738929240E-04   4.1079905546E-02
    7      2.5106410785E-09  -7.1460243462E-02   7.7128447349E-02   5.9098063215E-02  -1.8962925576E-02
    8      6.2796203271E-02   2.3576795015E-09  -7.6483648621E-10  -6.4576899948E-11  -3.0986234001E-10
    9     -4.4691387286E-09   1.2325779793E-01   6.8180621204E-02  -2.4106362381E-03   4.2318684758E-02
   10      2.5326453357E-09  -7.1006372539E-02  -7.6635044379E-02   5.9714928842E-02   2.0791352910E-02
   11      6.4919163549E-02   2.4062748375E-09   7.9948698752E-10  -8.7927173585E-11   3.1427604620E-10
   12      3.1833984170E-09  -1.7808298102E-01  -2.6930171967E-01  -3.8742966359E-01   2.9695695473E-01
   13      4.5851749828E-09  -1.3476698032E-01  -3.6331035834E-01  -4.6053732431E-01   3.3279766936E-01
   14     -2.7421033983E-01  -4.3497864040E-09   3.5302282521E-09   5.4024269582E-09  -4.6274627184E-09
   15     -3.0590613893E-09   1.8027531379E-01  -2.5809154624E-01   3.8208983796E-01   3.1811983128E-01
   16      4.3980729670E-09  -1.3854974446E-01   3.4737717719E-01  -4.5183002107E-01  -3.5476141560E-01
   17     -2.9213834008E-01  -4.9015130654E-09  -3.3134926589E-09   5.2034562479E-09   4.8795850401E-09
                   15                 16                 17        
     0      1.5735529208E-03  -2.7015010019E-03  -1.2152059545E-03
     1     -2.2918276860E-01  -4.1746644976E-05   1.1465470218E-04
     2     -1.2221869068E-09  -1.5231530487E-12  -7.5988265111E-12
     3     -2.6692260666E-04   3.9619895241E-04   1.9909618097E-04
     4      1.2379238648E-01  -6.4053882706E-04   1.2757387305E-03
     5      1.1187037509E-09   5.9141073914E-13   1.2426139078E-11
     6      8.9898484336E-03  -1.4687548688E-02  -4.6273794375E-02
     7      3.3445130223E-02   1.1472900633E-02   3.3622785739E-02
     8     -2.1702441630E-10   1.3100619312E-10   4.1334342596E-10
     9     -1.0028259066E-02  -4.5394503694E-02   1.6430761627E-02
    10      3.4264940680E-02  -3.3863070403E-02   1.1428702129E-02
    11     -2.2483656637E-10  -3.7999357547E-10   1.2898151221E-10
    12     -1.3342577473E-01   2.4932181795E-01   7.3215375261E-01
    13     -1.5469572827E-01  -1.8681263960E-01  -5.4920168238E-01
    14      1.9099491402E-09  -2.2713393132E-09  -6.6094011510E-09
    15      1.3540633543E-01   7.3010229840E-01  -2.4721371817E-01
    16     -1.5574727727E-01   5.5282376811E-01  -1.8741019637E-01
    17      1.9004347853E-09   6.2316995789E-09  -2.1044230699E-09

#
# The atoms: label  mass x y z (in bohrs)
#
$atoms
6
 C     12.00000     -0.002771330521    -0.183465967679     0.000000015844
 O     15.99491      0.000422479551    -2.463706465013    -0.000000004073
 O     15.99491      2.051432678464     1.290990761926    -0.000000002929
 O     15.99491     -2.050308581047     1.291503799981    -0.000000002926
 H      1.00783      3.483905281821     0.154377890270    -0.000000015606
 H      1.00783     -3.475452822877     0.144866656028    -0.000000015485

$actual_temperature
  0.000000

$frequency_scale_factor
  1.000000

$dipole_derivatives
18
    2.2984791456E+00   -6.3086241480E-04    3.0282221097E-10
    3.9810451290E-04    2.3389994786E+00   -4.5985528635E-09
   -2.6225459473E-10   -3.2384721809E-09    7.2200368710E-01
   -8.1512685600E-01    1.9622701944E-04    2.0280299139E-11
   -1.1403911762E-03   -1.4329069868E+00    3.1835105673E-09
   -1.8781354116E-11   -8.0091683318E-09   -5.3176125091E-01
   -1.1819315008E+00   -4.1209867085E-01    9.1103031009E-10
   -3.5398583790E-01   -7.2614884147E-01    6.0241689691E-10
    6.2329539084E-09    5.3395803365E-09   -4.8026836586E-01
   -1.1801771997E+00    4.1140165956E-01   -9.9333085824E-10
    3.5468464752E-01   -7.2727335746E-01    9.4612014435E-10
   -6.2435200841E-09    5.2848683750E-09   -4.7693741573E-01
    4.3941374310E-01   -3.2795416492E-03   -6.0853419555E-10
    9.3529179750E-03    2.7342113966E-01   -5.0767172580E-12
    5.6207078054E-10    2.2996444904E-10    3.8381161024E-01
    4.3934266782E-01    4.4111883382E-03    3.6773223363E-10
   -9.3094409301E-03    2.7390856745E-01   -1.2841802954E-10
   -2.7047011798E-10    3.9322686589E-10    3.8315173516E-01

#
# The IR spectrum
#  wavenumber T**2 TX TY TZ
#
$ir_spectrum
18
      0.00   0.00000000     0.000000     0.000000     0.000000
      0.00   0.00000000     0.000000     0.000000     0.000000
      0.00   0.00000000     0.000000     0.000000     0.000000
      0.00   0.00000000     0.000000     0.000000     0.000000
      0.00   0.00000000     0.000000     0.000000     0.000000
      0.00   0.00000000     0.000000     0.000000     0.000000
    633.88   0.00048460    -0.000217     0.022013     0.000000
    671.58   0.00368122     0.060673     0.000030     0.000000
    798.36   0.00130125     0.000000     0.000000     0.036073
    800.24   0.00989351     0.000000    -0.000000    -0.099466
    961.83   0.01457072    -0.000000    -0.000000    -0.120709
   1021.62   0.00114998     0.002470     0.033821    -0.000000
   1336.58   0.02923326    -0.170974    -0.001105    -0.000000
   1466.62   0.00036204     0.003352    -0.018730     0.000000
   1594.12   0.00329599    -0.057407    -0.000693     0.000000
   1902.60   0.02309900     0.001065    -0.151980     0.000000
   3885.67   0.00362616     0.058719     0.013349     0.000000
   3890.29   0.00155384     0.029135    -0.026552    -0.000000


$end

