
$orca_hessian_file

$act_atom
  0

$act_coord
  0

$act_energy
        0.000000

$multiplicity
  1

$hessian
18
                    0                  1                  2                  3                  4        
    0      7.9360606502E-01   8.4612525320E-13  -4.6944869866E-15  -1.6539961871E-01  -2.0107950157E-12
    1      8.4612525320E-13   1.1041764281E+00  -6.7366712140E-04  -2.0331675699E-12  -7.2969985664E-01
    2     -4.6944869866E-15  -6.7366712140E-04   3.1262044063E-01   3.5237386074E-15   1.0963620804E-03
    3     -1.6539961871E-01  -2.0331675699E-12   3.5237386074E-15   1.4464626458E-01   2.5856773320E-12
    4     -2.0107950157E-12  -7.2969985664E-01   1.0963620804E-03   2.5856773320E-12   8.8342079918E-01
    5      4.9652473329E-15   1.4483991880E-03  -1.2688546579E-01  -3.7237228546E-15  -1.2874881017E-03
    6     -2.6486793517E-01  -9.0933052265E-02  -2.0501020642E-04   1.3644970161E-03  -5.4678838792E-02
    7     -6.3873230414E-02  -2.1714678829E-01  -2.9158990735E-04  -6.7749151035E-02  -7.0403968422E-02
    8     -1.4139039505E-04  -4.0409447058E-04  -9.6780285755E-02   4.5603656944E-05   1.0186166296E-04
    9     -2.6486793517E-01   9.0933052265E-02   2.0501020642E-04   1.3644970170E-03   5.4678838791E-02
   10      6.3873230415E-02  -2.1714678829E-01  -2.9158990735E-04   6.7749151035E-02  -7.0403968423E-02
   11      1.4139039505E-04  -4.0409447058E-04  -9.6780285755E-02  -4.5603656943E-05   1.0186166296E-04
   12     -4.9235287982E-02   2.8339558597E-02   1.5275288020E-04   9.0121800489E-03   5.7845738788E-03
   13     -2.6058805341E-02   2.9908502583E-02   8.0242427828E-05   1.8839574224E-03  -6.4565028462E-03
   14     -1.7917710605E-04   1.6728437294E-05   3.9127983368E-03  -2.1868039111E-05  -6.2986523048E-06
   15     -4.9235287982E-02  -2.8339558596E-02  -1.5275288020E-04   9.0121800489E-03  -5.7845738789E-03
   16      2.6058805341E-02   2.9908502583E-02   8.0242427827E-05  -1.8839574225E-03  -6.4565028461E-03
   17      1.7917710604E-04   1.6728437294E-05   3.9127983368E-03   2.1868039110E-05  -6.2986523050E-06
                    5                  6                  7                  8                  9        
    0      4.9652473329E-15  -2.6486793517E-01  -6.3873230414E-02  -1.4139039505E-04  -2.6486793517E-01
    1      1.4483991880E-03  -9.0933052265E-02  -2.1714678829E-01  -4.0409447058E-04   9.0933052265E-02
    2     -1.2688546579E-01  -2.0501020642E-04  -2.9158990735E-04  -9.6780285755E-02   2.0501020642E-04
    3     -3.7237228546E-15   1.3644970161E-03  -6.7749151035E-02   4.5603656944E-05   1.3644970170E-03
    4     -1.2874881017E-03  -5.4678838792E-02  -7.0403968422E-02   1.0186166296E-04   5.4678838791E-02
    5      6.7509800644E-02  -5.4964415354E-05  -9.1671256708E-05   3.4657500785E-02   5.4964415354E-05
    6     -5.4964415354E-05   6.9306931995E-01  -9.4727489188E-02  -1.1269552195E-03  -9.4441417444E-02
    7     -9.1671256708E-05  -9.4727489188E-02   5.2536738912E-01   1.4945600674E-03   2.4421855829E-02
    8      3.4657500785E-02  -1.1269552195E-03   1.4945600674E-03   7.0317520614E-02   9.3534214287E-05
    9      5.4964415354E-05  -9.4441417444E-02   2.4421855829E-02   9.3534214287E-05   6.9306931995E-01
   10     -9.1671256707E-05  -2.4421855828E-02   2.6828503874E-02   5.0297829089E-05   9.4727489186E-02
   11      3.4657500785E-02  -9.3534214285E-05   5.0297829089E-05   1.6059318773E-02   1.1269552195E-03
   12     -2.8764320160E-05  -3.3271806107E-01   1.9588827011E-01   1.0992434818E-03  -2.4064032829E-03
   13      1.1215713596E-05   2.5767806148E-01  -2.6153577784E-01  -1.2268075350E-03  -7.0831745918E-03
   14     -4.9696682116E-03   1.4461334284E-03  -1.1404184558E-03  -2.7379673025E-02  -3.4330627228E-05
   15      2.8764320159E-05  -2.4064032828E-03   6.0397446963E-03   2.9964261518E-05  -3.3271806107E-01
   16      1.1215713596E-05   7.0831745917E-03  -3.1093584495E-03  -1.5817553850E-05  -2.5767806148E-01
   17     -4.9696682116E-03   3.4330627227E-05  -2.1178276617E-05   3.1256186081E-03  -1.4461334284E-03
                   10                 11                 12                 13                 14        
    0      6.3873230415E-02   1.4139039505E-04  -4.9235287982E-02  -2.6058805341E-02  -1.7917710605E-04
    1     -2.1714678829E-01  -4.0409447058E-04   2.8339558597E-02   2.9908502583E-02   1.6728437294E-05
    2     -2.9158990735E-04  -9.6780285755E-02   1.5275288020E-04   8.0242427828E-05   3.9127983368E-03
    3      6.7749151035E-02  -4.5603656943E-05   9.0121800489E-03   1.8839574224E-03  -2.1868039111E-05
    4     -7.0403968423E-02   1.0186166296E-04   5.7845738788E-03  -6.4565028462E-03  -6.2986523048E-06
    5     -9.1671256707E-05   3.4657500785E-02  -2.8764320160E-05   1.1215713596E-05  -4.9696682116E-03
    6     -2.4421855828E-02  -9.3534214285E-05  -3.3271806107E-01   2.5767806148E-01   1.4461334284E-03
    7      2.6828503874E-02   5.0297829089E-05   1.9588827011E-01  -2.6153577784E-01  -1.1404184558E-03
    8      5.0297829089E-05   1.6059318773E-02   1.0992434818E-03  -1.2268075350E-03  -2.7379673025E-02
    9      9.4727489186E-02   1.1269552195E-03  -2.4064032829E-03  -7.0831745918E-03  -3.4330627228E-05
   10      5.2536738912E-01   1.4945600674E-03  -6.0397446963E-03  -3.1093584495E-03  -2.1178276617E-05
   11      1.4945600674E-03   7.0317520614E-02  -2.9964261518E-05  -1.5817553850E-05   3.1256186081E-03
   12     -6.0397446963E-03  -2.9964261518E-05   3.7675967131E-01  -2.2519634843E-01  -1.2020127182E-03
   13     -3.1093584495E-03  -1.5817553850E-05  -2.2519634843E-01   2.4021075463E-01   1.1537972192E-03
   14     -2.1178276617E-05   3.1256186081E-03  -1.2020127182E-03   1.1537972192E-03   2.3456426403E-02
   15     -1.9588827011E-01  -1.0992434818E-03  -1.4120990273E-03  -1.2236905400E-03  -8.7449378104E-06
   16     -2.6153577783E-01  -1.2268075350E-03   1.2236905400E-03   9.8238191456E-04  -2.6302717091E-06
   17     -1.1404184558E-03  -2.7379673025E-02   8.7449378101E-06  -2.6302717093E-06   1.8544978885E-03
                   15                 16                 17        
     0     -4.9235287982E-02   2.6058805341E-02   1.7917710604E-04
     1     -2.8339558596E-02   2.9908502583E-02   1.6728437294E-05
     2     -1.5275288020E-04   8.0242427827E-05   3.9127983368E-03
     3      9.0121800489E-03  -1.8839574225E-03   2.1868039110E-05
     4     -5.7845738789E-03  -6.4565028461E-03  -6.2986523050E-06
     5      2.8764320159E-05   1.1215713596E-05  -4.9696682116E-03
     6     -2.4064032828E-03   7.0831745917E-03   3.4330627227E-05
     7      6.0397446963E-03  -3.1093584495E-03  -2.1178276617E-05
     8      2.9964261518E-05  -1.5817553850E-05   3.1256186081E-03
     9     -3.3271806107E-01  -2.5767806148E-01  -1.4461334284E-03
    10     -1.9588827011E-01  -2.6153577783E-01  -1.1404184558E-03
    11     -1.0992434818E-03  -1.2268075350E-03  -2.7379673025E-02
    12     -1.4120990273E-03   1.2236905400E-03   8.7449378101E-06
    13     -1.2236905400E-03   9.8238191456E-04  -2.6302717093E-06
    14     -8.7449378104E-06  -2.6302717091E-06   1.8544978885E-03
    15      3.7675967131E-01   2.2519634843E-01   1.2020127182E-03
    16      2.2519634843E-01   2.4021075463E-01   1.1537972191E-03
    17      1.2020127182E-03   1.1537972191E-03   2.3456426403E-02

$vibrational_frequencies
18
    0        0.0000000000000000
    1        0.0000000000000000
    2        0.0000000000000000
    3        0.0000000000000000
    4        0.0000000000000000
    5        0.0000000000000000
    6      633.8862472493486848
    7      671.5784527111810576
    8      798.6159693980445127
    9      800.0667631252239289
   10      961.8046042607228401
   11     1021.6625566467076851
   12     1336.5820660830795532
   13     1466.6876860019801825
   14     1594.0495419043566017
   15     1902.5558979562313198
   16     3886.5740527762341117
   17     3889.3817192534775131

$normal_modes
18 18
                    0                  1                  2                  3                  4        
    0      0.0000000000E+00   0.0000000000E+00   0.0000000000E+00   0.0000000000E+00   0.0000000000E+00
    1      0.0000000000E+00   0.0000000000E+00   0.0000000000E+00   0.0000000000E+00   0.0000000000E+00
    2      0.0000000000E+00   0.0000000000E+00   0.0000000000E+00   0.0000000000E+00   0.0000000000E+00
    3      0.0000000000E+00   0.0000000000E+00   0.0000000000E+00   0.0000000000E+00   0.0000000000E+00
    4      0.0000000000E+00   0.0000000000E+00   0.0000000000E+00   0.0000000000E+00   0.0000000000E+00
    5      0.0000000000E+00   0.0000000000E+00   0.0000000000E+00   0.0000000000E+00   0.0000000000E+00
    6      0.0000000000E+00   0.0000000000E+00   0.0000000000E+00   0.0000000000E+00   0.0000000000E+00
    7      0.0000000000E+00   0.0000000000E+00   0.0000000000E+00   0.0000000000E+00   0.0000000000E+00
    8      0.0000000000E+00   0.0000000000E+00   0.0000000000E+00   0.0000000000E+00   0.0000000000E+00
    9      0.0000000000E+00   0.0000000000E+00   0.0000000000E+00   0.0000000000E+00   0.0000000000E+00
   10      0.0000000000E+00   0.0000000000E+00   0.0000000000E+00   0.0000000000E+00   0.0000000000E+00
   11      0.0000000000E+00   0.0000000000E+00   0.0000000000E+00   0.0000000000E+00   0.0000000000E+00
   12      0.0000000000E+00   0.0000000000E+00   0.0000000000E+00   0.0000000000E+00   0.0000000000E+00
   13      0.0000000000E+00   0.0000000000E+00   0.0000000000E+00   0.0000000000E+00   0.0000000000E+00
   14      0.0000000000E+00   0.0000000000E+00   0.0000000000E+00   0.0000000000E+00   0.0000000000E+00
   15      0.0000000000E+00   0.0000000000E+00   0.0000000000E+00   0.0000000000E+00   0.0000000000E+00
   16      0.0000000000E+00   0.0000000000E+00   0.0000000000E+00   0.0000000000E+00   0.0000000000E+00
   17      0.0000000000E+00   0.0000000000E+00   0.0000000000E+00   0.0000000000E+00   0.0000000000E+00
                    5                  6                  7                  8                  9        
    0      0.0000000000E+00   1.1911634400E-13   6.1645491396E-02   5.3249086362E-04  -6.5098116257E-13
    1      0.0000000000E+00   8.8805186675E-02   4.4940427133E-14   1.6378512779E-13   1.3377685245E-04
    2      0.0000000000E+00  -4.9116517291E-05   5.3146862786E-15  -1.5506013231E-10  -1.2638763047E-01
    3      0.0000000000E+00   9.1229002301E-13  -1.6063288027E-01  -8.9455274083E-04   1.0908231058E-12
    4      0.0000000000E+00   1.0199842017E-01   8.7284216045E-13   3.6741027253E-13   2.9870106293E-04
    5      0.0000000000E+00   3.1062918743E-05   1.4803998450E-15   1.5643083679E-11   1.3018646827E-02
    6      0.0000000000E+00   1.2071871004E-01   4.8933093283E-02   1.8675067767E-04  -7.1841995557E-04
    7      0.0000000000E+00  -6.8904765037E-02   1.0363818799E-01   8.5358124123E-04  -3.2993788036E-05
    8      0.0000000000E+00  -3.0973089884E-05   2.8838880679E-04  -6.9277689784E-02   1.0685987760E-03
    9      0.0000000000E+00  -1.2071871004E-01   4.8933093282E-02   1.8675067945E-04   7.1841995511E-04
   10      0.0000000000E+00  -6.8904765036E-02  -1.0363818799E-01  -8.5358124131E-04  -3.2993785951E-05
   11      0.0000000000E+00  -3.0973089881E-05  -2.8838880679E-04   6.9277689786E-02   1.0685986045E-03
   12      0.0000000000E+00  -1.3547165133E-02   1.3107533630E-01   9.6459304388E-04  -1.5731570177E-04
   13      0.0000000000E+00  -2.4451992114E-01   2.0754949145E-01  -1.9842007674E-03  -2.6430950019E-03
   14      0.0000000000E+00   5.3748086032E-04  -3.5218977484E-03   6.4801458804E-01   6.3217080801E-01
   15      0.0000000000E+00   1.3547165131E-02   1.3107533630E-01   9.6459304426E-04   1.5731569942E-04
   16      0.0000000000E+00  -2.4451992114E-01  -2.0754949145E-01   1.9842007608E-03  -2.6430950068E-03
   17      0.0000000000E+00   5.3748086028E-04   3.5218977482E-03  -6.4801458647E-01   6.3217080961E-01
                   10                 11                 12                 13                 14        
    0     -5.3355421293E-16  -4.2505681142E-13   1.5013145126E-01   7.3910411392E-13  -2.0185886846E-01
    1     -3.1953689457E-04  -6.9099207142E-02  -5.7331024447E-13   4.4916973335E-02   7.5086360318E-13
    2     -2.2584696523E-01  -3.0307544552E-04   5.8249266286E-15  -7.0806257717E-04   2.5176957816E-15
    3      1.7910961214E-15  -2.8438720028E-13  -1.1846668393E-02  -4.0934888190E-13   2.9253809135E-02
    4      3.4441831586E-04  -1.0785807917E-01   1.6244258203E-13  -9.5003465528E-02  -1.3272412689E-13
    5      7.7394239213E-02  -6.6867024987E-05  -9.1373468934E-16   2.6020181475E-04  -1.1558009493E-16
    6      2.1234622003E-04   1.2400355516E-01  -6.7007400823E-02   6.8375962011E-04   4.1713517942E-02
    7     -2.1813004015E-04   7.1238872054E-02  -7.6880944759E-02   5.9407748513E-02  -1.9881401786E-02
    8      6.3864073630E-02  -4.5329501863E-05  -3.2071791607E-04   2.9529175367E-04  -8.0185161441E-05
    9     -2.1234622003E-04  -1.2400355515E-01  -6.7007400823E-02  -6.8375962011E-04   4.1713517942E-02
   10     -2.1813004015E-04   7.1238872054E-02   7.6880944759E-02   5.9407748514E-02   1.9881401786E-02
   11      6.3864073631E-02  -4.5329501865E-05   3.2071791607E-04   2.9529175367E-04   8.0185161439E-05
   12      9.8710361778E-04   1.7918233092E-01   2.6366895415E-01  -3.8494599474E-01   3.0758609202E-01
   13      2.6311332552E-03   1.3665660806E-01   3.5528423740E-01  -4.5636646310E-01   3.4386227607E-01
   14     -2.8316000162E-01   3.0543598983E-03   1.2006955280E-03  -2.5359003284E-03   1.9917986635E-03
   15     -9.8710361776E-04  -1.7918233092E-01   2.6366895415E-01   3.8494599474E-01   3.0758609202E-01
   16      2.6311332553E-03   1.3665660806E-01  -3.5528423740E-01  -4.5636646310E-01  -3.4386227608E-01
   17     -2.8316000162E-01   3.0543598983E-03  -1.2006955280E-03  -2.5359003284E-03  -1.9917986635E-03
                   15                 16                 17        
     0     -7.0724105078E-13   2.9594763058E-03   1.8850964567E-12
     1     -2.2918456983E-01   6.8676414172E-14  -1.2152534373E-04
     2      1.5350797728E-04   5.5071791456E-15  -8.7296738503E-06
     3      4.3301319526E-13  -4.4337910507E-04  -2.8790766347E-13
     4      1.2379815663E-01   9.1547375513E-13  -1.4273569034E-03
     5     -3.0155991759E-04  -2.7031060812E-15   4.2541824356E-06
     6      9.5041576040E-03   3.3542661720E-02   3.4909728446E-02
     7      3.3853881217E-02  -2.5238546757E-02  -2.5154296968E-02
     8      1.2027238501E-04  -1.3394198682E-04  -1.3688268758E-04
     9     -9.5041576038E-03   3.3542661765E-02  -3.4909728404E-02
    10      3.3853881217E-02   2.5238546789E-02  -2.5154296936E-02
    11      1.2027238501E-04   1.3394198699E-04  -1.3688268741E-04
    12     -1.3442907031E-01  -5.4644699733E-01  -5.4550200347E-01
    13     -1.5523824896E-01   4.1169040393E-01   4.1126703251E-01
    14     -4.2971925869E-04   2.2015984955E-03   2.1906404692E-03
    15      1.3442907031E-01  -5.4644699803E-01   5.4550200278E-01
    16     -1.5523824897E-01  -4.1169040446E-01   4.1126703198E-01
    17     -4.2971925869E-04  -2.2015984983E-03   2.1906404663E-03

#
# The atoms: label  mass x y z (in bohrs)
#
$atoms
6
 C     12.00000     -0.000000000001    -0.183465967705    -0.003992136516
 O     15.99491     -0.000000000009    -2.463706465093     0.001294181742
 O     15.99491      2.050870629839     1.291247280991     0.001168026097
 O     15.99491     -2.050870629830     1.291247281005     0.001168026097
 H      1.00783      3.479679052403     0.149622273216    -0.005040380683
 H      1.00783     -3.479679052402     0.149622273240    -0.005040380683

$actual_temperature
  0.000000

$frequency_scale_factor
  1.000000

$dipole_derivatives
18
    2.2984370442E+00    1.8043803553E-13    7.1876798819E-15
   -6.1760446447E-14    2.3389663189E+00   -4.6044847665E-05
   -3.0103574150E-15    5.4110226468E-04    7.2199009408E-01
   -8.1512515409E-01   -2.3075605810E-12   -6.4177826079E-15
   -2.0349789263E-12   -1.4328892810E+00   -6.2235367627E-04
    7.4229591038E-15    1.7621408641E-03   -5.3175546635E-01
   -1.1810315218E+00   -4.1174243052E-01   -1.0980198737E-04
   -3.5432668255E-01   -7.2669970999E-01    6.9056693634E-04
   -2.0694427971E-03   -1.0111068635E-03   -4.7859546752E-01
   -1.1810315218E+00    4.1174243053E-01    1.0980198738E-04
    3.5432668255E-01   -7.2669970999E-01    6.9056693632E-04
    2.0694427971E-03   -1.0111068636E-03   -4.7859546752E-01
    4.3937557678E-01   -3.8468394433E-03   -3.2029037817E-04
    9.3350605583E-03    2.7366119106E-01   -3.5636767437E-04
   -5.4049099114E-05   -1.4051470081E-04    3.8347815365E-01
    4.3937557678E-01    3.8468394422E-03    3.2029037817E-04
   -9.3350605595E-03    2.7366119106E-01   -3.5636767437E-04
    5.4049099112E-05   -1.4051470081E-04    3.8347815365E-01

#
# The IR spectrum
#  wavenumber T**2 TX TY TZ
#
$ir_spectrum
18
      0.00   0.00000000     0.000000     0.000000     0.000000
      0.00   0.00000000     0.000000     0.000000     0.000000
      0.00   0.00000000     0.000000     0.000000     0.000000
      0.00   0.00000000     0.000000     0.000000     0.000000
      0.00   0.00000000     0.000000     0.000000     0.000000
      0.00   0.00000000     0.000000     0.000000     0.000000
    633.89   0.00048458    -0.000000    -0.022013     0.000118
    671.58   0.00368137     0.060674    -0.000000    -0.000000
    798.62   0.00000028     0.000531    -0.000000     0.000000
    800.07   0.01119091    -0.000000    -0.000314     0.105787
    961.80   0.01457255     0.000000     0.000075    -0.120717
   1021.66   0.00114381    -0.000000    -0.033816     0.000518
   1336.58   0.02924624     0.171015    -0.000000     0.000000
   1466.69   0.00035165     0.000000    -0.018747    -0.000439
   1594.05   0.00329844    -0.057432     0.000000    -0.000000
   1902.56   0.02309856    -0.000000    -0.151982     0.000000
   3886.57   0.00429665    -0.065549    -0.000000    -0.000000
   3889.38   0.00088317    -0.000000     0.029717     0.000226


$end

