
$orca_hessian_file

$act_atom
  0

$act_coord
  0

$act_energy
        0.000000

$multiplicity
  1

$hessian
18
                    0                  1                  2                  3                  4        
    0      8.0003145313E-01   9.3377389154E-13  -3.4687757177E-15  -1.6535039066E-01  -2.0205965458E-12
    1      9.3377389154E-13   1.1091222651E+00   3.6898003079E-09  -2.0237518135E-12  -7.3182818849E-01
    2     -3.4687757177E-15   3.6898003079E-09   3.1214743334E-01   1.5684753227E-16  -4.2860787388E-09
    3     -1.6535039066E-01  -2.0237518135E-12   1.5684753227E-16   1.4462264502E-01   2.5969894638E-12
    4     -2.0205965458E-12  -7.3182818849E-01  -4.2860787388E-09   2.5969894638E-12   8.8631135586E-01
    5      8.8649920883E-16  -5.1631788658E-09  -1.2680018514E-01   4.5658788286E-16   4.8950454933E-09
    6     -2.6786909111E-01  -9.3087946597E-02   8.1041739811E-10   1.3288917682E-03  -5.4895659679E-02
    7     -6.6017128444E-02  -2.1862924303E-01  -2.9708551648E-11  -6.8063135043E-02  -7.0745187355E-02
    8      1.5331025142E-09   1.1437480428E-09  -9.6659039778E-02  -8.8166399074E-11  -3.4339916075E-10
    9     -2.6786909111E-01   9.3087946597E-02  -8.1041712923E-10   1.3288917691E-03   5.4895659679E-02
   10      6.6017128444E-02  -2.1862924303E-01  -2.9705833027E-11   6.8063135042E-02  -7.0745187356E-02
   11     -1.5330996503E-09   1.1437479616E-09  -9.6659039778E-02   8.8166461090E-11  -3.4339853280E-10
   12     -4.9471440125E-02   2.8452681352E-02   3.6976854064E-10   9.0349810492E-03   5.8086160568E-03
   13     -2.6030937072E-02   2.9982204721E-02   3.2784744711E-10   1.8587734571E-03  -6.4963963258E-03
   14      6.1035033657E-10  -4.0705911151E-10   3.9854156807E-03  -1.1612835423E-10   3.8915300527E-11
   15     -4.9471440125E-02  -2.8452681352E-02  -3.6976549777E-10   9.0349810491E-03  -5.8086160569E-03
   16      2.6030937072E-02   2.9982204721E-02   3.2784519850E-10  -1.8587734572E-03  -6.4963963258E-03
   17     -6.1035061806E-10  -4.0705816500E-10   3.9854156807E-03   1.1612767877E-10   3.8915227721E-11
                    5                  6                  7                  8                  9        
    0      8.8649920883E-16  -2.6786909111E-01  -6.6017128444E-02   1.5331025142E-09  -2.6786909111E-01
    1     -5.1631788658E-09  -9.3087946597E-02  -2.1862924303E-01   1.1437480428E-09   9.3087946597E-02
    2     -1.2680018514E-01   8.1041739811E-10  -2.9708551648E-11  -9.6659039778E-02  -8.1041712923E-10
    3      4.5658788286E-16   1.3288917682E-03  -6.8063135043E-02  -8.8166399074E-11   1.3288917691E-03
    4      4.8950454933E-09  -5.4895659679E-02  -7.0745187355E-02  -3.4339916075E-10   5.4895659679E-02
    5      6.7157110153E-02   1.1997669630E-10   2.2201974882E-10   3.4822659215E-02  -1.1997756284E-10
    6      1.1997669630E-10   6.9642925092E-01  -9.2322418448E-02  -4.0827238799E-09  -9.5088231011E-02
    7      2.2201974882E-10  -9.2322418448E-02   5.2738949592E-01   1.0930330625E-09   2.4515829479E-02
    8      3.4822659215E-02  -4.0827238799E-09   1.0930330625E-09   7.0009185797E-02  -1.7802135487E-10
    9     -1.1997756284E-10  -9.5088231011E-02   2.4515829479E-02  -1.7802135487E-10   6.9642925092E-01
   10      2.2202072591E-10  -2.4515829478E-02   2.6965426809E-02   1.8617281315E-10   9.2322418446E-02
   11      3.4822659215E-02   1.7802208467E-10   1.8617296942E-10   1.6174307946E-02   4.0826952047E-09
   12     -6.4977477626E-11  -3.3238178732E-01   1.9583003339E-01   2.8539746351E-09  -2.4190332454E-03
   13     -8.7953433030E-11   2.5773821341E-01  -2.6186910806E-01  -2.0482879342E-09  -7.0836407897E-03
   14     -5.0011217199E-03   2.8525639275E-09  -1.5375587285E-09  -2.7491389040E-02  -1.2174467335E-10
   15      6.4977001075E-11  -2.4190332454E-03   6.0568190630E-03  -3.8165765321E-11  -3.3238178732E-01
   16     -8.7953258379E-11   7.0836407897E-03  -3.1113842843E-03  -3.1266933730E-11  -2.5773821341E-01
   17     -5.0011217199E-03   1.2174402315E-10   6.6041609568E-11   3.1442758599E-03  -2.8525347343E-09
                   10                 11                 12                 13                 14        
    0      6.6017128444E-02  -1.5330996503E-09  -4.9471440125E-02  -2.6030937072E-02   6.1035033657E-10
    1     -2.1862924303E-01   1.1437479616E-09   2.8452681352E-02   2.9982204721E-02  -4.0705911151E-10
    2     -2.9705833027E-11  -9.6659039778E-02   3.6976854064E-10   3.2784744711E-10   3.9854156807E-03
    3      6.8063135042E-02   8.8166461090E-11   9.0349810492E-03   1.8587734571E-03  -1.1612835423E-10
    4     -7.0745187356E-02  -3.4339853280E-10   5.8086160568E-03  -6.4963963258E-03   3.8915300527E-11
    5      2.2202072591E-10   3.4822659215E-02  -6.4977477626E-11  -8.7953433030E-11  -5.0011217199E-03
    6     -2.4515829478E-02   1.7802208467E-10  -3.3238178732E-01   2.5773821341E-01   2.8525639275E-09
    7      2.6965426809E-02   1.8617296942E-10   1.9583003339E-01  -2.6186910806E-01  -1.5375587285E-09
    8      1.8617281315E-10   1.6174307946E-02   2.8539746351E-09  -2.0482879342E-09  -2.7491389040E-02
    9      9.2322418446E-02   4.0826952047E-09  -2.4190332454E-03  -7.0836407897E-03  -1.2174467335E-10
   10      5.2738949592E-01   1.0930088060E-09  -6.0568190630E-03  -3.1113842842E-03   6.6041337926E-11
   11      1.0930088060E-09   7.0009185797E-02   3.8166022973E-11  -3.1267146066E-11   3.1442758599E-03
   12     -6.0568190630E-03   3.8166022973E-11   3.7665451067E-01  -2.2525846037E-01  -3.2109864097E-09
   13     -3.1113842842E-03  -3.1267146066E-11  -2.2525846037E-01   2.4051408874E-01   1.8586618427E-09
   14      6.6041337926E-11   3.1442758599E-03  -3.2109864097E-09   1.8586618427E-09   2.3501704476E-02
   15     -1.9583003339E-01  -2.8539498732E-09  -1.4172310250E-03  -1.2239486351E-03  -1.4054801229E-11
   16     -2.6186910805E-01  -2.0482641686E-09   1.2239486351E-03   9.8059520602E-04  -1.9000651317E-11
   17     -1.5375377396E-09  -2.7491389041E-02   1.4054663023E-11  -1.9000766362E-11   1.8611147432E-03
                   15                 16                 17        
     0     -4.9471440125E-02   2.6030937072E-02  -6.1035061806E-10
     1     -2.8452681352E-02   2.9982204721E-02  -4.0705816500E-10
     2     -3.6976549777E-10   3.2784519850E-10   3.9854156807E-03
     3      9.0349810491E-03  -1.8587734572E-03   1.1612767877E-10
     4     -5.8086160569E-03  -6.4963963258E-03   3.8915227721E-11
     5      6.4977001075E-11  -8.7953258379E-11  -5.0011217199E-03
     6     -2.4190332454E-03   7.0836407897E-03   1.2174402315E-10
     7      6.0568190630E-03  -3.1113842843E-03   6.6041609568E-11
     8     -3.8165765321E-11  -3.1266933730E-11   3.1442758599E-03
     9     -3.3238178732E-01  -2.5773821341E-01  -2.8525347343E-09
    10     -1.9583003339E-01  -2.6186910805E-01  -1.5375377396E-09
    11     -2.8539498732E-09  -2.0482641686E-09  -2.7491389041E-02
    12     -1.4172310250E-03   1.2239486351E-03   1.4054663023E-11
    13     -1.2239486351E-03   9.8059520602E-04  -1.9000766362E-11
    14     -1.4054801229E-11  -1.9000651317E-11   1.8611147432E-03
    15      3.7665451067E-01   2.2525846037E-01   3.2109589619E-09
    16      2.2525846037E-01   2.4051408874E-01   1.8586398236E-09
    17      3.2109589619E-09   1.8586398236E-09   2.3501704477E-02

$vibrational_frequencies
18
    0        0.0000000000000000
    1        0.0000000000000000
    2        0.0000000000000000
    3        0.0000000000000000
    4        0.0000000000000000
    5        0.0000000000000000
    6      634.5812628774261839
    7      672.5369652296971026
    8      799.5713291351083853
    9      800.2695257372552078
   10      961.8671262226068848
   11     1026.6409241624960487
   12     1341.2726951594199818
   13     1467.9341608118907061
   14     1597.6901565949390260
   15     1906.2308146066902736
   16     3886.8471061728046152
   17     3889.6661159365653475

$normal_modes
18 18
                    0                  1                  2                  3                  4        
    0      0.0000000000E+00   0.0000000000E+00   0.0000000000E+00   0.0000000000E+00   0.0000000000E+00
    1      0.0000000000E+00   0.0000000000E+00   0.0000000000E+00   0.0000000000E+00   0.0000000000E+00
    2      0.0000000000E+00   0.0000000000E+00   0.0000000000E+00   0.0000000000E+00   0.0000000000E+00
    3      0.0000000000E+00   0.0000000000E+00   0.0000000000E+00   0.0000000000E+00   0.0000000000E+00
    4      0.0000000000E+00   0.0000000000E+00   0.0000000000E+00   0.0000000000E+00   0.0000000000E+00
    5      0.0000000000E+00   0.0000000000E+00   0.0000000000E+00   0.0000000000E+00   0.0000000000E+00
    6      0.0000000000E+00   0.0000000000E+00   0.0000000000E+00   0.0000000000E+00   0.0000000000E+00
    7      0.0000000000E+00   0.0000000000E+00   0.0000000000E+00   0.0000000000E+00   0.0000000000E+00
    8      0.0000000000E+00   0.0000000000E+00   0.0000000000E+00   0.0000000000E+00   0.0000000000E+00
    9      0.0000000000E+00   0.0000000000E+00   0.0000000000E+00   0.0000000000E+00   0.0000000000E+00
   10      0.0000000000E+00   0.0000000000E+00   0.0000000000E+00   0.0000000000E+00   0.0000000000E+00
   11      0.0000000000E+00   0.0000000000E+00   0.0000000000E+00   0.0000000000E+00   0.0000000000E+00
   12      0.0000000000E+00   0.0000000000E+00   0.0000000000E+00   0.0000000000E+00   0.0000000000E+00
   13      0.0000000000E+00   0.0000000000E+00   0.0000000000E+00   0.0000000000E+00   0.0000000000E+00
   14      0.0000000000E+00   0.0000000000E+00   0.0000000000E+00   0.0000000000E+00   0.0000000000E+00
   15      0.0000000000E+00   0.0000000000E+00   0.0000000000E+00   0.0000000000E+00   0.0000000000E+00
   16      0.0000000000E+00   0.0000000000E+00   0.0000000000E+00   0.0000000000E+00   0.0000000000E+00
   17      0.0000000000E+00   0.0000000000E+00   0.0000000000E+00   0.0000000000E+00   0.0000000000E+00
                    5                  6                  7                  8                  9        
    0      0.0000000000E+00   2.9805119455E-14   6.2228498374E-02  -2.3795515995E-10  -1.3217048296E-15
    1      0.0000000000E+00   8.9023924878E-02   1.4488800615E-13   1.5743476858E-15  -5.7203918323E-10
    2      0.0000000000E+00   5.9771614574E-10  -8.9922506684E-16  -2.2762471590E-10   1.2773053074E-01
    3      0.0000000000E+00   1.0612682784E-12  -1.6068083952E-01   1.7463641836E-10   2.5665866646E-15
    4      0.0000000000E+00   1.0209088318E-01   9.9449431000E-13   5.6590032287E-16   4.1092069833E-10
    5      0.0000000000E+00  -4.8985605950E-10   8.6771063295E-16   2.3661283278E-11  -1.3404612781E-02
    6      0.0000000000E+00   1.2051163316E-01   4.8718641836E-02  -4.3511930696E-10  -1.2070130547E-09
    7      0.0000000000E+00  -6.9012373909E-02   1.0350441223E-01  -4.4203188084E-10   7.7430876419E-11
    8      0.0000000000E+00   1.6939078203E-10   1.3673427682E-10  -6.9287869883E-02  -1.4848253325E-03
    9      0.0000000000E+00  -1.2051163316E-01   4.8718641834E-02  -4.3511149824E-10   1.2070137802E-09
   10      0.0000000000E+00  -6.9012373908E-02  -1.0350441223E-01   4.4203287175E-10   7.7435431259E-11
   11      0.0000000000E+00   1.6939059456E-10  -1.3673274873E-10   6.9287869888E-02  -1.4848250845E-03
   12      0.0000000000E+00  -1.4114019461E-02   1.3138852836E-01   6.9364490404E-09  -7.6387720931E-09
   13      0.0000000000E+00  -2.4484805692E-01   2.0791398170E-01   9.5851622320E-10  -1.0841302729E-09
   14      0.0000000000E+00  -2.3596167409E-09   6.3743613227E-10   6.4801662163E-01  -6.3049705260E-01
   15      0.0000000000E+00   1.4114019458E-02   1.3138852835E-01   6.9364299040E-09   7.6387356412E-09
   16      0.0000000000E+00  -2.4484805691E-01  -2.0791398170E-01  -9.5855960445E-10  -1.0841476285E-09
   17      0.0000000000E+00  -2.3596220703E-09  -6.3746349809E-10  -6.4801661937E-01  -6.3049705492E-01
                   10                 11                 12                 13                 14        
    0     -2.0591475044E-15  -3.7006884607E-13  -1.4761544397E-01  -1.6288946265E-12  -2.0353210569E-01
    1     -1.3090894083E-09  -6.8527600365E-02   6.1003723005E-13  -4.4679058952E-02   9.7940445736E-13
    2     -2.2509713416E-01   8.4589443453E-09  -3.2616987453E-15  -1.6711559820E-10   3.5140101614E-15
    3      2.3833243992E-15  -3.1321862662E-13   1.1137281296E-02   5.3456965818E-13   2.9163429095E-02
    4     -4.3076111729E-09  -1.0784229899E-01  -4.8723135947E-13   9.5093731389E-02  -3.9477685987E-13
    5      7.7282591670E-02  -2.3808180988E-09   1.2409574223E-16   6.3567202241E-10  -5.3593055963E-16
    6      4.2503039532E-09   1.2418772726E-01   6.6639384899E-02  -7.6106466220E-04   4.2565702615E-02
    7      2.3738257178E-09   7.0996649853E-02   7.7333460832E-02  -5.9521617353E-02  -1.8879671902E-02
    8      6.3875019735E-02  -2.2631954955E-09  -7.5456700938E-10   6.7477963711E-11  -3.2983953029E-10
    9     -4.2503045080E-09  -1.2418772726E-01   6.6639384899E-02   7.6106466275E-04   4.2565702616E-02
   10      2.3738318834E-09   7.0996649854E-02  -7.7333460832E-02  -5.9521617354E-02   1.8879671902E-02
   11      6.3875019736E-02  -2.2631929365E-09   7.5456971237E-10   6.7480971176E-11   3.2983676593E-10
   12      2.8128955747E-09   1.7985126322E-01  -2.6717786424E-01   3.8505297874E-01   3.0473997573E-01
   13      4.3016378464E-09   1.3697261675E-01  -3.5864970477E-01   4.5604094897E-01   3.3980591836E-01
   14     -2.8691181551E-01   4.4516018590E-09   3.3107721121E-09  -5.1203200207E-09  -4.5824194943E-09
   15     -2.8129001039E-09  -1.7985126322E-01  -2.6717786423E-01  -3.8505297874E-01   3.0473997573E-01
   16      4.3016092327E-09   1.3697261675E-01   3.5864970477E-01   4.5604094897E-01  -3.3980591837E-01
   17     -2.8691181551E-01   4.4515768298E-09  -3.3107781678E-09  -5.1203353756E-09   4.5824300175E-09
                   15                 16                 17        
     0     -7.8469448637E-13  -2.9902038638E-03  -2.2273873745E-12
     1     -2.2931828258E-01  -9.1760048770E-14   1.3895093685E-04
     2     -1.2140347563E-09  -3.0963413961E-17  -4.1592525960E-12
     3      4.3447457932E-13   4.4570116374E-04   3.3702177446E-13
     4      1.2366713722E-01  -1.0754631438E-12   1.4327746484E-03
     5      1.1080490386E-09   2.8247654564E-17   9.3786557880E-12
     6      9.7998578341E-03  -3.3520824990E-02  -3.4895182811E-02
     7      3.3938913719E-02   2.5247016073E-02   2.5161496804E-02
     8     -2.1783932643E-10   2.9249187359E-10   2.9938152023E-10
     9     -9.7998578339E-03  -3.3520825043E-02   3.4895182761E-02
    10      3.3938913719E-02  -2.5247016111E-02   2.5161496766E-02
    11     -2.1783979192E-10  -2.9248894871E-10   2.9937870270E-10
    12     -1.3391558964E-01   5.4626494009E-01   5.4531917092E-01
    13     -1.5475204260E-01  -4.1195680301E-01  -4.1152803267E-01
    14      1.8921531516E-09  -4.8329833037E-09  -4.8010639929E-09
    15      1.3391558964E-01   5.4626494091E-01  -5.4531917011E-01
    16     -1.5475204261E-01   4.1195680363E-01  -4.1152803205E-01
    17      1.8921528653E-09   4.8329367865E-09  -4.8010178173E-09

#
# The atoms: label  mass x y z (in bohrs)
#
$atoms
6
 C     12.00000     -0.000000000001    -0.182279925536     0.000000015690
 O     15.99491     -0.000000000009    -2.461855167912    -0.000000004027
 O     15.99491      2.048742146797     1.290024540439    -0.000000002888
 O     15.99491     -2.048742146788     1.290024540453    -0.000000002888
 H      1.00783      3.476603411945     0.147276337788    -0.000000015624
 H      1.00783     -3.476603411944     0.147276337811    -0.000000015624

$actual_temperature
  0.000000

$frequency_scale_factor
  1.000000

$dipole_derivatives
18
    2.2997676048E+00    2.2804792267E-13    3.2928607144E-15
    2.2195555573E-14    2.3404455267E+00   -4.5999884803E-09
    3.2388126668E-15   -3.3024735971E-09    7.2180543388E-01
   -8.1545605505E-01   -2.2787055572E-12    1.0562532570E-15
   -2.0503162328E-12   -1.4333603241E+00    3.1056679641E-09
   -3.6592795197E-17   -7.9276884333E-09   -5.3250944068E-01
   -1.1818886418E+00   -4.1227939852E-01    9.9133321649E-10
   -3.5550267320E-01   -7.2758706354E-01    8.0891422924E-10
    6.1573520638E-09    5.3505056416E-09   -4.7810606107E-01
   -1.1818886418E+00    4.1227939853E-01   -9.9133122626E-10
    3.5550267320E-01   -7.2758706355E-01    8.0890538414E-10
   -6.1573576756E-09    5.3505020033E-09   -4.7810606107E-01
    4.3973286697E-01   -4.1830325183E-03   -5.1748272580E-10
    9.5483522812E-03    2.7404446224E-01   -6.1752374714E-11
    5.1795760406E-10    2.6457449577E-10    3.8345806447E-01
    4.3973286697E-01    4.1830325172E-03    5.1747638645E-10
   -9.5483522824E-03    2.7404446224E-01   -6.1746720768E-11
   -5.1795519170E-10    2.6457851790E-10    3.8345806447E-01

#
# The IR spectrum
#  wavenumber T**2 TX TY TZ
#
$ir_spectrum
18
      0.00   0.00000000     0.000000     0.000000     0.000000
      0.00   0.00000000     0.000000     0.000000     0.000000
      0.00   0.00000000     0.000000     0.000000     0.000000
      0.00   0.00000000     0.000000     0.000000     0.000000
      0.00   0.00000000     0.000000     0.000000     0.000000
      0.00   0.00000000     0.000000     0.000000     0.000000
    634.58   0.00047824    -0.000000    -0.021869    -0.000000
    672.54   0.00375838     0.061306    -0.000000    -0.000000
    799.57   0.00000000     0.000000    -0.000000     0.000000
    800.27   0.01102212    -0.000000    -0.000000    -0.104986
    961.87   0.01470641    -0.000000    -0.000000    -0.121270
   1026.64   0.00111592    -0.000000    -0.033405     0.000000
   1341.27   0.02893280    -0.170096     0.000000    -0.000000
   1467.93   0.00035545    -0.000000     0.018853    -0.000000
   1597.69   0.00349484    -0.059117     0.000000     0.000000
   1906.23   0.02309323    -0.000000    -0.151965     0.000000
   3886.85   0.00429494     0.065536     0.000000    -0.000000
   3889.67   0.00088913     0.000000    -0.029818    -0.000000


$end

