
$orca_hessian_file

$act_atom
  0

$act_coord
  0

$act_energy
        0.000000

$multiplicity
  1

$hessian
18
                    0                  1                  2                  3                  4        
    0      7.9361700888E-01  -3.6081044944E-05   6.6800448376E-11  -1.6539967051E-01  -7.1679650670E-05
    1     -3.6081044944E-05   1.1042046270E+00   3.6921139310E-09   3.8401669791E-05  -7.2972279987E-01
    2      6.6800448376E-11   3.6921139310E-09   3.1261766313E-01  -1.7336434510E-11  -4.2869693356E-09
    3     -1.6539967051E-01   3.8401669791E-05  -1.7336434510E-11   1.4464525003E-01  -6.7596934878E-05
    4     -7.1679650670E-05  -7.2972279987E-01  -4.2869693356E-09  -6.7596934878E-05   8.8344339390E-01
    5     -2.7011613298E-11  -5.1774750759E-09  -1.2688301282E-01   8.5420176066E-12   4.9152036461E-09
    6     -2.6488511909E-01  -9.0972350022E-02   7.7566578826E-10   1.3305915479E-03  -5.4659239804E-02
    7     -6.3536427492E-02  -2.1710890533E-01  -7.4524547950E-11  -6.7761363368E-02  -7.0357501948E-02
    8      1.4731606247E-09   1.1158346877E-09  -9.6811918936E-02  -8.6393833657E-11  -3.4497935317E-10
    9     -2.6486126948E-01   9.0901310805E-02  -8.1351829941E-10   1.3988485509E-03   5.4697635084E-02
   10      6.4210371314E-02  -2.1719095322E-01  -2.1925814046E-12   6.7737338083E-02  -7.0450318083E-02
   11     -1.5252763392E-09   1.1601552818E-09  -9.6747974230E-02   9.5103271107E-11  -3.5813674473E-10
   12     -4.9471189138E-02   2.8373915666E-02   3.5611664533E-10   9.0532423820E-03   5.8354274960E-03
   13     -2.6344451986E-02   2.9976531430E-02   3.4845116502E-10   1.9108416903E-03  -6.4454200946E-03
   14      6.2032001624E-10  -3.9823907314E-10   3.9694205500E-03  -1.1432901663E-10   4.0084461992E-11
   15     -4.8999760656E-02  -2.8305197074E-02  -3.6772815544E-10   8.9717380000E-03  -5.7345461905E-03
   16      2.5778268859E-02   2.9841499965E-02   3.2312126366E-10  -1.8576211404E-03  -6.4673539068E-03
   17     -6.0799312945E-10  -3.9238964613E-10   3.8558223145E-03   1.1441399583E-10   3.4797069561E-11
                    5                  6                  7                  8                  9        
    0     -2.7011613298E-11  -2.6488511909E-01  -6.3536427492E-02   1.4731606247E-09  -2.6486126948E-01
    1     -5.1774750759E-09  -9.0972350022E-02  -2.1710890533E-01   1.1158346877E-09   9.0901310805E-02
    2     -1.2688301282E-01   7.7566578826E-10  -7.4524547950E-11  -9.6811918936E-02  -8.1351829941E-10
    3      8.5420176066E-12   1.3305915479E-03  -6.7761363368E-02  -8.6393833657E-11   1.3988485509E-03
    4      4.9152036461E-09  -5.4659239804E-02  -7.0357501948E-02  -3.4497935317E-10   5.4697635084E-02
    5      6.7506212342E-02   1.2327681162E-10   2.3224916128E-10   3.4661922411E-02  -1.0856305666E-10
    6      1.2327681162E-10   7.0020453048E-01  -1.0185756155E-01  -4.1777776005E-09  -9.4441982266E-02
    7      2.3224916128E-10  -1.0185756155E-01   5.2941496522E-01   1.2080691874E-09   2.4452952356E-02
    8      3.4661922411E-02  -4.1777776005E-09   1.2080691874E-09   6.8598632595E-02  -1.7564912586E-10
    9     -1.0856305666E-10  -9.4441982266E-02   2.4452952356E-02  -1.7564912586E-10   6.8611089311E-01
   10      2.0978589955E-10  -2.4391100391E-02   2.6828955698E-02   1.7524766980E-10   8.7777828080E-02
   11      3.4654840289E-02   1.8283445780E-10   2.0982819328E-10   1.6058881121E-02   3.9233932217E-09
   12     -6.1215697249E-11  -3.3981583856E-01   2.0265664207E-01   3.0067014372E-09  -2.4201416752E-03
   13     -9.0299821404E-11   2.6482163925E-01  -2.6567910983E-01  -2.1292095309E-09  -7.1083042825E-03
   14     -4.9881172522E-03   2.9857297598E-09  -1.6273965731E-09  -2.5624022118E-02  -1.2671409653E-10
   15      6.4971538236E-11  -2.3921821058E-03   6.0457579914E-03  -4.0041635312E-11  -3.2578634824E-01
   16     -8.9463553732E-11   7.0586125216E-03  -3.0984038106E-03  -2.4962726059E-11  -2.5072142204E-01
   17     -4.9518449646E-03   1.1027091640E-10   5.1774644342E-11   3.1165049282E-03  -2.6989487792E-09
                   10                 11                 12                 13                 14        
    0      6.4210371314E-02  -1.5252763392E-09  -4.9471189138E-02  -2.6344451986E-02   6.2032001624E-10
    1     -2.1719095322E-01   1.1601552818E-09   2.8373915666E-02   2.9976531430E-02  -3.9823907314E-10
    2     -2.1925814046E-12  -9.6747974230E-02   3.5611664533E-10   3.4845116502E-10   3.9694205500E-03
    3      6.7737338083E-02   9.5103271107E-11   9.0532423820E-03   1.9108416903E-03  -1.1432901663E-10
    4     -7.0450318083E-02  -3.5813674473E-10   5.8354274960E-03  -6.4454200946E-03   4.0084461992E-11
    5      2.0978589955E-10   3.4654840289E-02  -6.1215697249E-11  -9.0299821404E-11  -4.9881172522E-03
    6     -2.4391100391E-02   1.8283445780E-10  -3.3981583856E-01   2.6482163925E-01   2.9857297598E-09
    7      2.6828955698E-02   2.0982819328E-10   2.0265664207E-01  -2.6567910983E-01  -1.6273965731E-09
    8      1.7524766980E-10   1.6058881121E-02   3.0067014372E-09  -2.1292095309E-09  -2.5624022118E-02
    9      8.7777828080E-02   3.9233932217E-09  -2.4201416752E-03  -7.1083042825E-03  -1.2671409653E-10
   10      5.2141995784E-01   9.6386831628E-10  -6.0336966407E-03  -3.1207621245E-03   6.9608973426E-11
   11      9.6386831628E-10   7.1961304548E-02   3.7292664265E-11  -4.9786148321E-11   3.1351036866E-03
   12     -6.0336966407E-03   3.7292664265E-11   3.8406599692E-01  -2.3205020582E-01  -3.3507062901E-09
   13     -3.1207621245E-03  -4.9786148321E-11  -2.3205020582E-01   2.4428635598E-01   1.9356184635E-09
   14      6.9608973426E-11   3.1351036866E-03  -3.3507062901E-09   1.9356184635E-09   2.1653037904E-02
   15     -1.8930074045E-01  -2.7133471398E-09  -1.4120699226E-03  -1.2295188489E-03  -1.4300355568E-11
   16     -2.5748688011E-01  -1.9259289726E-09   1.2179172358E-03   9.8240463795E-04  -1.9676260173E-11
   17     -1.4163182033E-09  -2.9062155414E-02   1.1811223381E-11  -1.4774120379E-11   1.8545772301E-03
                   15                 16                 17        
     0     -4.8999760656E-02   2.5778268859E-02  -6.0799312945E-10
     1     -2.8305197074E-02   2.9841499965E-02  -3.9238964613E-10
     2     -3.6772815544E-10   3.2312126366E-10   3.8558223145E-03
     3      8.9717380000E-03  -1.8576211404E-03   1.1441399583E-10
     4     -5.7345461905E-03  -6.4673539068E-03   3.4797069561E-11
     5      6.4971538236E-11  -8.9463553732E-11  -4.9518449646E-03
     6     -2.3921821058E-03   7.0586125216E-03   1.1027091640E-10
     7      6.0457579914E-03  -3.0984038106E-03   5.1774644342E-11
     8     -4.0041635312E-11  -2.4962726059E-11   3.1165049282E-03
     9     -3.2578634824E-01  -2.5072142204E-01  -2.6989487792E-09
    10     -1.8930074045E-01  -2.5748688011E-01  -1.4163182033E-09
    11     -2.7133471398E-09  -1.9259289726E-09  -2.9062155414E-02
    12     -1.4120699226E-03   1.2179172358E-03   1.1811223381E-11
    13     -1.2295188489E-03   9.8240463795E-04  -1.4774120379E-11
    14     -1.4300355568E-11  -1.9676260173E-11   1.8545772301E-03
    15      3.6961862292E-01   2.1852424457E-01   3.0704457605E-09
    16      2.1852424457E-01   2.3622873323E-01   1.7369102524E-09
    17      3.0704457605E-09   1.7369102524E-09   2.5187095906E-02

$vibrational_frequencies
18
    0        0.0000000000000000
    1        0.0000000000000000
    2        0.0000000000000000
    3        0.0000000000000000
    4        0.0000000000000000
    5        0.0000000000000000
    6      633.6050007836414579
    7      671.6643450614841413
    8      771.3539872652152098
    9      824.4057285054840349
   10      962.6360456628470956
   11     1021.6550400977243953
   12     1335.7027288023173242
   13     1466.9008367328665372
   14     1594.1873074048403396
   15     1902.5779311103094642
   16     3843.2061125412492402
   17     3933.3185354104616636

$normal_modes
18 18
                    0                  1                  2                  3                  4        
    0      0.0000000000E+00   0.0000000000E+00   0.0000000000E+00   0.0000000000E+00   0.0000000000E+00
    1      0.0000000000E+00   0.0000000000E+00   0.0000000000E+00   0.0000000000E+00   0.0000000000E+00
    2      0.0000000000E+00   0.0000000000E+00   0.0000000000E+00   0.0000000000E+00   0.0000000000E+00
    3      0.0000000000E+00   0.0000000000E+00   0.0000000000E+00   0.0000000000E+00   0.0000000000E+00
    4      0.0000000000E+00   0.0000000000E+00   0.0000000000E+00   0.0000000000E+00   0.0000000000E+00
    5      0.0000000000E+00   0.0000000000E+00   0.0000000000E+00   0.0000000000E+00   0.0000000000E+00
    6      0.0000000000E+00   0.0000000000E+00   0.0000000000E+00   0.0000000000E+00   0.0000000000E+00
    7      0.0000000000E+00   0.0000000000E+00   0.0000000000E+00   0.0000000000E+00   0.0000000000E+00
    8      0.0000000000E+00   0.0000000000E+00   0.0000000000E+00   0.0000000000E+00   0.0000000000E+00
    9      0.0000000000E+00   0.0000000000E+00   0.0000000000E+00   0.0000000000E+00   0.0000000000E+00
   10      0.0000000000E+00   0.0000000000E+00   0.0000000000E+00   0.0000000000E+00   0.0000000000E+00
   11      0.0000000000E+00   0.0000000000E+00   0.0000000000E+00   0.0000000000E+00   0.0000000000E+00
   12      0.0000000000E+00   0.0000000000E+00   0.0000000000E+00   0.0000000000E+00   0.0000000000E+00
   13      0.0000000000E+00   0.0000000000E+00   0.0000000000E+00   0.0000000000E+00   0.0000000000E+00
   14      0.0000000000E+00   0.0000000000E+00   0.0000000000E+00   0.0000000000E+00   0.0000000000E+00
   15      0.0000000000E+00   0.0000000000E+00   0.0000000000E+00   0.0000000000E+00   0.0000000000E+00
   16      0.0000000000E+00   0.0000000000E+00   0.0000000000E+00   0.0000000000E+00   0.0000000000E+00
   17      0.0000000000E+00   0.0000000000E+00   0.0000000000E+00   0.0000000000E+00   0.0000000000E+00
                    5                  6                  7                  8                  9        
    0      0.0000000000E+00  -3.9825968726E-03  -6.1528912269E-02   2.4331988906E-10  -1.6633968533E-10
    1      0.0000000000E+00   8.8664060392E-02  -5.0450592225E-03  -5.6130245167E-10  -2.9260316099E-10
    2      0.0000000000E+00   6.8075789875E-10   4.8813371825E-11   7.5770013435E-02   1.0560135382E-01
    3      0.0000000000E+00   9.2911889844E-03   1.6036449747E-01  -3.3555360714E-10   9.1550669263E-11
    4      0.0000000000E+00   1.0180532043E-01  -6.0294500815E-03  -5.2100470600E-11   5.7299529587E-10
    5      0.0000000000E+00  -4.9251966234E-10   2.7144487420E-11  -5.1524489945E-03  -1.4179617118E-02
    6      0.0000000000E+00   1.1802276614E-01  -5.6062072690E-02  -5.8041083592E-10  -1.2764532800E-09
    7      0.0000000000E+00  -7.4147262045E-02  -9.9345124331E-02   7.2220506836E-10  -3.9514348399E-10
    8      0.0000000000E+00   3.0032599483E-10  -8.9554580630E-11   5.2522584818E-02  -5.2379543647E-02
    9      0.0000000000E+00  -1.2295981257E-01  -4.1666196266E-02   1.3594071898E-09   7.0428238923E-10
   10      0.0000000000E+00  -6.3383495454E-02   1.0763300744E-01  -2.1762780458E-10   2.0036653385E-10
   11      0.0000000000E+00   5.3725516860E-11   8.9217225771E-11  -4.7524715360E-02   4.2839735773E-02
   12      0.0000000000E+00  -2.4605077871E-02  -1.3184688925E-01  -1.0372291188E-08  -8.1518159169E-10
   13      0.0000000000E+00  -2.6035836488E-01  -1.9492096469E-01  -7.6057362545E-10  -4.2099178701E-10
   14      0.0000000000E+00  -4.2261876894E-09  -1.5887035990E-09  -9.1841173715E-01   4.2655274229E-03
   15      0.0000000000E+00   2.9217744343E-03  -1.2962129366E-01   4.3736479122E-10   1.0423551389E-08
   16      0.0000000000E+00  -2.2836080096E-01   2.1914864944E-01   2.6277046435E-10  -2.0976318943E-09
   17      0.0000000000E+00  -1.6818899829E-09   5.8204238214E-10   1.8684457370E-02  -8.8519826858E-01
                   10                 11                 12                 13                 14        
    0     -3.8957091137E-11  -2.9802015711E-04   1.4928236960E-01   1.9788838567E-02   2.0151507070E-01
    1      1.4544277327E-09   6.9090584393E-02  -1.1270045888E-03   4.4802648769E-02  -3.5873467083E-03
    2      2.2380474257E-01  -8.9652794928E-09   5.1261372926E-11   1.7298915628E-10  -2.7219129723E-12
    3      1.6048988283E-12  -2.4537185018E-04  -1.1679068790E-02  -2.7986623343E-03  -2.9197154517E-02
    4      4.5286674951E-09   1.0783323975E-01   7.4452976680E-03  -9.4662119685E-02   4.2915060068E-03
    5     -7.7018384349E-02   2.5390228459E-09   1.8034360849E-11  -6.4294049861E-10   3.3600859373E-11
    6     -4.4345908414E-09  -1.2371871938E-01  -6.6425441545E-02  -5.7226650353E-03  -4.1906475091E-02
    7     -2.4690399254E-09  -7.0752277180E-02  -8.2036565084E-02   5.4771560947E-02   1.7873378351E-02
    8     -5.8121952233E-02   2.3055730748E-09   7.7498883849E-10  -1.0912361381E-11   3.0943605433E-10
    9      4.5390520479E-09   1.2431539576E-01  -6.7106386073E-02  -7.0961238796E-03  -4.1324338787E-02
   10     -2.5852144832E-09  -7.1685843914E-02   7.1474865965E-02   6.3586715244E-02  -2.1992511759E-02
   11     -6.9170900937E-02   2.4783201647E-09  -7.8396826813E-10  -1.4184119602E-10  -3.1298985915E-10
   12     -3.6963445659E-09  -1.8026409280E-01   2.9167632725E-01  -3.7744189059E-01  -2.9200619175E-01
   13     -4.7482875024E-09  -1.3805825000E-01   3.8637421674E-01  -4.4262075509E-01  -3.2393906807E-01
   14      2.3767994751E-01  -3.9433578095E-09  -3.7992541520E-09   5.2952739381E-09   4.5299485529E-09
   15      2.4768538364E-09   1.7823711003E-01   2.3544637533E-01   3.8967986455E-01  -3.2308578681E-01
   16     -4.2278886067E-09  -1.3538692291E-01  -3.2349561364E-01  -4.6691190786E-01   3.6391731251E-01
   17      3.4008292850E-01  -5.5285876139E-09   3.0451852336E-09   5.2732158860E-09  -4.9744076743E-09
                   15                 16                 17        
     0     -2.9572947356E-04  -2.1850161195E-03  -1.9994571018E-03
     1     -2.2917830373E-01  -9.4542436361E-05   7.8108606246E-05
     2     -1.2228771138E-09   2.2652411275E-12  -6.2168671845E-12
     3     -4.1419489954E-05   3.2568803393E-04   3.0122363803E-04
     4      1.2379600343E-01  -1.0157191928E-03   1.0038102706E-03
     5      1.1188736672E-09  -4.3361647043E-12   1.0800431192E-11
     6      9.4437778956E-03   2.3740121837E-04  -4.8397044757E-02
     7      3.3392199714E-02   6.1981180659E-04   3.5688533417E-02
     8     -2.1948868118E-10  -1.0093996314E-12   4.2741357863E-10
     9     -9.5660693453E-03  -4.8399068932E-02   1.6969196744E-03
    10      3.4312521056E-02  -3.5567891328E-02   4.9861260705E-04
    11     -2.2202838537E-10  -4.0686824476E-10   7.6310883809E-12
    12     -1.3135405397E-01   1.2705265581E-02   7.7157401176E-01
    13     -1.5123114037E-01  -9.3848285661E-03  -5.8240912729E-01
    14      1.8741126141E-09  -1.3540991643E-10  -6.9076060316E-09
    15      1.3747346556E-01   7.7250305814E-01  -1.1382581926E-02
    16     -1.5923752081E-01   5.8128211295E-01  -8.7683636188E-03
    17      1.9363347956E-09   6.6505704110E-09  -9.4256000137E-11

#
# The atoms: label  mass x y z (in bohrs)
#
$atoms
6
 C     12.00000      0.000025950162    -0.183465967679     0.000000015844
 O     15.99491     -0.000005142941    -2.463706465013    -0.000000004073
 O     15.99491      2.051166465667     1.291024143297    -0.000000002930
 O     15.99491     -2.050574793843     1.291470418611    -0.000000002925
 H      1.00783      3.474870240792     0.153243509616    -0.000000015503
 H      1.00783     -3.484487863929     0.146001036661    -0.000000015588

$actual_temperature
  0.000000

$frequency_scale_factor
  1.000000

$dipole_derivatives
18
    2.2984613328E+00    9.4023272613E-04    7.6867179356E-10
   -5.1502445701E-03    2.3389831020E+00   -4.6013017538E-09
   -4.5233057554E-10   -3.2278538539E-09    7.2200620651E-01
   -8.1512644349E-01    7.0656266123E-05   -2.5156330127E-11
    1.6872839852E-03   -1.4329018018E+00    3.1863555923E-09
    4.6016600249E-11   -8.0109482952E-09   -5.3176195495E-01
   -1.1818848851E+00   -4.1254315905E-01    7.3299300750E-10
   -3.5204512482E-01   -7.2646100744E-01    4.6569610902E-10
    6.2253573907E-09    5.5043705588E-09   -4.7864098113E-01
   -1.1802056471E+00    4.1095483375E-01   -1.1750169410E-09
    3.5661869631E-01   -7.2693987168E-01    1.0792029132E-09
   -6.2570113290E-09    5.1110669629E-09   -4.7856692776E-01
    4.3927815658E-01   -3.5565476821E-03   -6.3856369555E-10
    8.7771957168E-03    2.7297317160E-01   -3.7207889205E-11
    6.3268323190E-10    2.0055497372E-10    3.8340520737E-01
    4.3947748625E-01    4.1339839860E-03    3.3707216580E-10
   -9.8878066279E-03    2.7434640735E-01   -9.2744970737E-11
   -1.9471523155E-10    4.2280874368E-10    3.8355844995E-01

#
# The IR spectrum
#  wavenumber T**2 TX TY TZ
#
$ir_spectrum
18
      0.00   0.00000000     0.000000     0.000000     0.000000
      0.00   0.00000000     0.000000     0.000000     0.000000
      0.00   0.00000000     0.000000     0.000000     0.000000
      0.00   0.00000000     0.000000     0.000000     0.000000
      0.00   0.00000000     0.000000     0.000000     0.000000
      0.00   0.00000000     0.000000     0.000000     0.000000
    633.61   0.00051321    -0.005374    -0.022007    -0.000000
    671.66   0.00366167    -0.060502     0.001070    -0.000000
    771.35   0.00655929    -0.000000    -0.000000    -0.080989
    824.41   0.00454693     0.000000    -0.000000    -0.067431
    962.64   0.01471227    -0.000000     0.000000     0.121294
   1021.66   0.00114332    -0.000617     0.033807    -0.000000
   1335.70   0.02906130     0.170458     0.002326    -0.000000
   1466.90   0.00056126     0.014605    -0.018654     0.000000
   1594.19   0.00327426     0.057221     0.000014     0.000000
   1902.58   0.02309822     0.000768    -0.151979     0.000000
   3843.21   0.00267225     0.047296     0.020865     0.000000
   3933.32   0.00250792     0.045388    -0.021163    -0.000000


$end

