
$orca_hessian_file

$act_atom
  0

$act_coord
  0

$act_energy
        0.000000

$multiplicity
  1

$hessian
18
                    0                  1                  2                  3                  4        
    0      7.9361700888E-01   3.6081046794E-05  -6.6808144054E-11  -1.6539967051E-01   7.1679646622E-05
    1      3.6081046794E-05   1.1042046270E+00   3.6921093166E-09  -3.8401673855E-05  -7.2972279987E-01
    2     -6.6808144054E-11   3.6921093166E-09   3.1261766313E-01   1.7338115879E-11  -4.2869673139E-09
    3     -1.6539967051E-01  -3.8401673855E-05   1.7338115879E-11   1.4464525003E-01   6.7596940071E-05
    4      7.1679646622E-05  -7.2972279987E-01  -4.2869673139E-09   6.7596940071E-05   8.8344339390E-01
    5      2.7014908221E-11  -5.1774723958E-09  -1.2688301282E-01  -8.5417847790E-12   4.9152024541E-09
    6     -2.6486126948E-01  -9.0901310804E-02   8.1351914645E-10   1.3988485499E-03  -5.4697635085E-02
    7     -6.4210371312E-02  -2.1719095322E-01  -2.1945547769E-12  -6.7737338084E-02  -7.0450318081E-02
    8      1.5252793294E-09   1.1601557984E-09  -9.6747974231E-02  -9.5103337792E-11  -3.5813812851E-10
    9     -2.6488511909E-01   9.0972350023E-02  -7.7566687727E-10   1.3305915486E-03   5.4659239804E-02
   10      6.3536427491E-02  -2.1710890533E-01  -7.4520033150E-11   6.7761363368E-02  -7.0357501948E-02
   11     -1.4731579898E-09   1.1158364943E-09  -9.6811918937E-02   8.6393278168E-11  -3.4497905763E-10
   12     -4.8999760657E-02   2.8305197074E-02   3.6773125828E-10   8.9717380003E-03   5.7345461906E-03
   13     -2.5778268860E-02   2.9841499965E-02   3.2312352406E-10   1.8576211405E-03  -6.4673539068E-03
   14      6.0799253474E-10  -3.9239079923E-10   3.8558223147E-03  -1.1441476857E-10   3.4797351756E-11
   15     -4.9471189140E-02  -2.8373915666E-02  -3.5611349228E-10   9.0532423821E-03  -5.8354274964E-03
   16      2.6344451988E-02   2.9976531431E-02   3.4844895564E-10  -1.9108416906E-03  -6.4454200946E-03
   17     -6.2032064554E-10  -3.9823830877E-10   3.9694205502E-03   1.1432849734E-10   4.0084437920E-11
                    5                  6                  7                  8                  9        
    0      2.7014908221E-11  -2.6486126948E-01  -6.4210371312E-02   1.5252793294E-09  -2.6488511909E-01
    1     -5.1774723958E-09  -9.0901310804E-02  -2.1719095322E-01   1.1601557984E-09   9.0972350023E-02
    2     -1.2688301282E-01   8.1351914645E-10  -2.1945547769E-12  -9.6747974231E-02  -7.7566687727E-10
    3     -8.5417847790E-12   1.3988485499E-03  -6.7737338084E-02  -9.5103337792E-11   1.3305915486E-03
    4      4.9152024541E-09  -5.4697635085E-02  -7.0450318081E-02  -3.5813812851E-10   5.4659239804E-02
    5      6.7506212342E-02   1.0856121785E-10   2.0978416052E-10   3.4654840289E-02  -1.2327742334E-10
    6      1.0856121785E-10   6.8611089315E-01  -8.7777828118E-02  -3.9234189794E-09  -9.4441982266E-02
    7      2.0978416052E-10  -8.7777828118E-02   5.2141995787E-01   9.6389135093E-10   2.4391100392E-02
    8      3.4654840289E-02  -3.9234189794E-09   9.6389135093E-10   7.1961304539E-02  -1.8283414697E-10
    9     -1.2327742334E-10  -9.4441982266E-02   2.4391100392E-02  -1.8283414697E-10   7.0020453052E-01
   10      2.3224964350E-10  -2.4452952356E-02   2.6828955698E-02   2.0982799346E-10   1.0185756159E-01
   11      3.4661922411E-02   1.7564943097E-10   1.7524744905E-10   1.6058881121E-02   4.1777486951E-09
   12     -6.4972022440E-11  -3.2578634827E-01   1.8930074048E-01   2.7133694271E-09  -2.3921821059E-03
   13     -8.9463819681E-11   2.5072142208E-01  -2.5748688014E-01  -1.9259511104E-09  -7.0586125218E-03
   14     -4.9518449647E-03   2.6989760091E-09  -1.4163377369E-09  -2.9062155405E-02  -1.1027142466E-10
   15      6.1215104258E-11  -2.4201416751E-03   6.0336966406E-03  -3.7292428817E-11  -3.3981583860E-01
   16     -9.0299786309E-11   7.1083042827E-03  -3.1207621247E-03  -4.9785977893E-11  -2.6482163929E-01
   17     -4.9881172523E-03   1.2671331148E-10   6.9609405210E-11   3.1351036867E-03  -2.9856989570E-09
                   10                 11                 12                 13                 14        
    0      6.3536427491E-02  -1.4731579898E-09  -4.8999760657E-02  -2.5778268860E-02   6.0799253474E-10
    1     -2.1710890533E-01   1.1158364943E-09   2.8305197074E-02   2.9841499965E-02  -3.9239079923E-10
    2     -7.4520033150E-11  -9.6811918937E-02   3.6773125828E-10   3.2312352406E-10   3.8558223147E-03
    3      6.7761363368E-02   8.6393278168E-11   8.9717380003E-03   1.8576211405E-03  -1.1441476857E-10
    4     -7.0357501948E-02  -3.4497905763E-10   5.7345461906E-03  -6.4673539068E-03   3.4797351756E-11
    5      2.3224964350E-10   3.4661922411E-02  -6.4972022440E-11  -8.9463819681E-11  -4.9518449647E-03
    6     -2.4452952356E-02   1.7564943097E-10  -3.2578634827E-01   2.5072142208E-01   2.6989760091E-09
    7      2.6828955698E-02   1.7524744905E-10   1.8930074048E-01  -2.5748688014E-01  -1.4163377369E-09
    8      2.0982799346E-10   1.6058881121E-02   2.7133694271E-09  -1.9259511104E-09  -2.9062155405E-02
    9      1.0185756159E-01   4.1777486951E-09  -2.3921821059E-03  -7.0586125218E-03  -1.1027142466E-10
   10      5.2941496524E-01   1.2080424412E-09  -6.0457579914E-03  -3.0984038106E-03   5.1774314152E-11
   11      1.2080424412E-09   6.8598632586E-02   4.0042160878E-11  -2.4963066675E-11   3.1165049283E-03
   12     -6.0457579914E-03   4.0042160878E-11   3.6961862296E-01  -2.1852424460E-01  -3.0704710137E-09
   13     -3.0984038106E-03  -2.4963066675E-11  -2.1852424460E-01   2.3622873325E-01   1.7369308374E-09
   14      5.1774314152E-11   3.1165049283E-03  -3.0704710137E-09   1.7369308374E-09   2.5187095897E-02
   15     -2.0265664210E-01  -3.0066754412E-09  -1.4120699227E-03  -1.2179172358E-03  -1.1811323956E-11
   16     -2.6567910985E-01  -2.1291843256E-09   1.2295188489E-03   9.8240463799E-04  -1.4773970940E-11
   17     -1.6273742938E-09  -2.5624022109E-02   1.4300176921E-11  -1.9676360897E-11   1.8545772302E-03
                   15                 16                 17        
     0     -4.9471189140E-02   2.6344451988E-02  -6.2032064554E-10
     1     -2.8373915666E-02   2.9976531431E-02  -3.9823830877E-10
     2     -3.5611349228E-10   3.4844895564E-10   3.9694205502E-03
     3      9.0532423821E-03  -1.9108416906E-03   1.1432849734E-10
     4     -5.8354274964E-03  -6.4454200946E-03   4.0084437920E-11
     5      6.1215104258E-11  -9.0299786309E-11  -4.9881172523E-03
     6     -2.4201416751E-03   7.1083042827E-03   1.2671331148E-10
     7      6.0336966406E-03  -3.1207621247E-03   6.9609405210E-11
     8     -3.7292428817E-11  -4.9785977893E-11   3.1351036867E-03
     9     -3.3981583860E-01  -2.6482163929E-01  -2.9856989570E-09
    10     -2.0265664210E-01  -2.6567910985E-01  -1.6273742938E-09
    11     -3.0066754412E-09  -2.1291843256E-09  -2.5624022109E-02
    12     -1.4120699227E-03   1.2295188489E-03   1.4300176921E-11
    13     -1.2179172358E-03   9.8240463799E-04  -1.9676360897E-11
    14     -1.1811323956E-11  -1.4773970940E-11   1.8545772302E-03
    15      3.8406599696E-01   2.3205020586E-01   3.3506775994E-09
    16      2.3205020586E-01   2.4428635600E-01   1.9355951127E-09
    17      3.3506775994E-09   1.9355951127E-09   2.1653037894E-02

$vibrational_frequencies
18
    0        0.0000000000000000
    1        0.0000000000000000
    2        0.0000000000000000
    3        0.0000000000000000
    4        0.0000000000000000
    5        0.0000000000000000
    6      633.6050007634547683
    7      671.6643450550112675
    8      771.3539871095358649
    9      824.4057283772106075
   10      962.6360456321411903
   11     1021.6550400962706817
   12     1335.7027287541955047
   13     1466.9008366822349672
   14     1594.1873073897529594
   15     1902.5779311054122900
   16     3843.2061127813949497
   17     3933.3185356475646586

$normal_modes
18 18
                    0                  1                  2                  3                  4        
    0      0.0000000000E+00   0.0000000000E+00   0.0000000000E+00   0.0000000000E+00   0.0000000000E+00
    1      0.0000000000E+00   0.0000000000E+00   0.0000000000E+00   0.0000000000E+00   0.0000000000E+00
    2      0.0000000000E+00   0.0000000000E+00   0.0000000000E+00   0.0000000000E+00   0.0000000000E+00
    3      0.0000000000E+00   0.0000000000E+00   0.0000000000E+00   0.0000000000E+00   0.0000000000E+00
    4      0.0000000000E+00   0.0000000000E+00   0.0000000000E+00   0.0000000000E+00   0.0000000000E+00
    5      0.0000000000E+00   0.0000000000E+00   0.0000000000E+00   0.0000000000E+00   0.0000000000E+00
    6      0.0000000000E+00   0.0000000000E+00   0.0000000000E+00   0.0000000000E+00   0.0000000000E+00
    7      0.0000000000E+00   0.0000000000E+00   0.0000000000E+00   0.0000000000E+00   0.0000000000E+00
    8      0.0000000000E+00   0.0000000000E+00   0.0000000000E+00   0.0000000000E+00   0.0000000000E+00
    9      0.0000000000E+00   0.0000000000E+00   0.0000000000E+00   0.0000000000E+00   0.0000000000E+00
   10      0.0000000000E+00   0.0000000000E+00   0.0000000000E+00   0.0000000000E+00   0.0000000000E+00
   11      0.0000000000E+00   0.0000000000E+00   0.0000000000E+00   0.0000000000E+00   0.0000000000E+00
   12      0.0000000000E+00   0.0000000000E+00   0.0000000000E+00   0.0000000000E+00   0.0000000000E+00
   13      0.0000000000E+00   0.0000000000E+00   0.0000000000E+00   0.0000000000E+00   0.0000000000E+00
   14      0.0000000000E+00   0.0000000000E+00   0.0000000000E+00   0.0000000000E+00   0.0000000000E+00
   15      0.0000000000E+00   0.0000000000E+00   0.0000000000E+00   0.0000000000E+00   0.0000000000E+00
   16      0.0000000000E+00   0.0000000000E+00   0.0000000000E+00   0.0000000000E+00   0.0000000000E+00
   17      0.0000000000E+00   0.0000000000E+00   0.0000000000E+00   0.0000000000E+00   0.0000000000E+00
                    5                  6                  7                  8                  9        
    0      0.0000000000E+00   3.9825968733E-03   6.1528912271E-02  -2.4332333188E-10  -1.6633698832E-10
    1      0.0000000000E+00   8.8664060392E-02  -5.0450592227E-03  -5.6130109625E-10   2.9260446631E-10
    2      0.0000000000E+00   6.8075785420E-10   4.8816091003E-11   7.5770013357E-02  -1.0560135376E-01
    3      0.0000000000E+00  -9.2911889832E-03  -1.6036449747E-01   3.3556019344E-10   9.1545448604E-11
    4      0.0000000000E+00   1.0180532043E-01  -6.0294500802E-03  -5.2100935621E-11  -5.7299526570E-10
    5      0.0000000000E+00  -4.9251945251E-10   2.7145246121E-11  -5.1524489753E-03   1.4179617092E-02
    6      0.0000000000E+00   1.2295981256E-01   4.1666196266E-02  -1.3594144065E-09   7.0427641780E-10
    7      0.0000000000E+00  -6.3383495454E-02   1.0763300744E-01  -2.1763158546E-10  -2.0036114827E-10
    8      0.0000000000E+00   5.3725091333E-11   8.9217818894E-11  -4.7524715360E-02  -4.2839735781E-02
    9      0.0000000000E+00  -1.1802276614E-01   5.6062072688E-02   5.8041746162E-10  -1.2764473547E-09
   10      0.0000000000E+00  -7.4147262042E-02  -9.9345124330E-02   7.2221215853E-10   3.9514069595E-10
   11      0.0000000000E+00   3.0032678003E-10  -8.9553344412E-11   5.2522584846E-02   5.2379543609E-02
   12      0.0000000000E+00  -2.9217744523E-03   1.2962129367E-01  -4.3737859895E-10   1.0423588633E-08
   13      0.0000000000E+00  -2.2836080098E-01   2.1914864945E-01   2.6275197935E-10   2.0975947473E-09
   14      0.0000000000E+00  -1.6818812568E-09   5.8200845882E-10   1.8684457595E-02   8.8519826869E-01
   15      0.0000000000E+00   2.4605077887E-02   1.3184688926E-01   1.0372250962E-08  -8.1516734118E-10
   16      0.0000000000E+00  -2.6035836490E-01  -1.9492096470E-01  -7.6061618615E-10   4.2097211139E-10
   17      0.0000000000E+00  -4.2262046764E-09  -1.5887429712E-09  -9.1841173719E-01  -4.2655270387E-03
                   10                 11                 12                 13                 14        
    0     -3.8960955059E-11   2.9802015798E-04   1.4928236957E-01  -1.9788838565E-02   2.0151507072E-01
    1     -1.4544324959E-09   6.9090584392E-02   1.1270045871E-03   4.4802648756E-02   3.5873467057E-03
    2     -2.2380474262E-01  -8.9652899233E-09  -5.1255188505E-11   1.7298899536E-10   2.7148204450E-12
    3      1.6082227771E-12   2.4537185092E-04  -1.1679068782E-02   2.7986623333E-03  -2.9197154520E-02
    4     -4.5286721323E-09   1.0783323975E-01  -7.4452976701E-03  -9.4662119685E-02  -4.2915060055E-03
    5      7.7018384354E-02   2.5390264294E-09  -1.8034580922E-11  -6.4294057704E-10  -3.3599690368E-11
    6      4.5390581502E-09  -1.2431539576E-01  -6.7106386070E-02   7.0961238783E-03  -4.1324338794E-02
    7      2.5852128692E-09  -7.1685843911E-02  -7.1474865967E-02   6.3586715251E-02   2.1992511750E-02
    8      6.9170900931E-02   2.4783259104E-09   7.8396594812E-10  -1.4183796000E-10   3.1299288142E-10
    9     -4.4345970445E-09   1.2371871939E-01  -6.6425441540E-02   5.7226650386E-03  -4.1906475099E-02
   10      2.4690486326E-09  -7.0752277179E-02   8.2036565091E-02   5.4771560949E-02  -1.7873378343E-02
   11      5.8121952241E-02   2.3055732017E-09  -7.7499172705E-10  -1.0915541553E-11  -3.0943325507E-10
   12      2.4768578274E-09  -1.7823711003E-01   2.3544637536E-01  -3.8967986457E-01  -3.2308578677E-01
   13      4.2279281483E-09  -1.3538692291E-01   3.2349561367E-01  -4.6691190786E-01  -3.6391731246E-01
   14     -3.4008292819E-01  -5.5286276076E-09  -3.0451808712E-09   5.2731993629E-09   4.9743940494E-09
   15     -3.6963538048E-09   1.8026409281E-01   2.9167632728E-01   3.7744189057E-01  -2.9200619172E-01
   16      4.7482658834E-09  -1.3805825000E-01  -3.8637421679E-01  -4.4262075508E-01   3.2393906803E-01
   17     -2.3767994733E-01  -3.9433434160E-09   3.7992621533E-09   5.2952926879E-09  -4.5299612782E-09
                   15                 16                 17        
     0      2.9572947212E-04   2.1850161192E-03  -1.9994571015E-03
     1     -2.2917830373E-01  -9.4542436300E-05  -7.8108606162E-05
     2     -1.2228759562E-09   2.2651782578E-12   6.2168824917E-12
     3      4.1419490797E-05  -3.2568803390E-04   3.0122363799E-04
     4      1.2379600343E-01  -1.0157191927E-03  -1.0038102705E-03
     5      1.1188732510E-09  -4.3361364125E-12  -1.0800377838E-11
     6      9.5660693449E-03   4.8399068932E-02   1.6969196743E-03
     7      3.4312521054E-02  -3.5567891328E-02  -4.9861260714E-04
     8     -2.2202811694E-10  -4.0687206555E-10  -7.6311501719E-12
     9     -9.4437778948E-03  -2.3740121816E-04  -4.8397044758E-02
    10      3.3392199713E-02   6.1981180662E-04  -3.5688533417E-02
    11     -2.1948954273E-10  -1.0096170786E-12  -4.2740943884E-10
    12     -1.3747346555E-01  -7.7250305814E-01  -1.1382581928E-02
    13     -1.5923752079E-01   5.8128211295E-01   8.7683636199E-03
    14      1.9363356511E-09   6.6506331713E-09   9.4256954142E-11
    15      1.3135405396E-01  -1.2705265583E-02   7.7157401177E-01
    16     -1.5123114035E-01  -9.3848285670E-03   5.8240912729E-01
    17      1.8741138613E-09  -1.3540831739E-10   6.9075393692E-09

#
# The atoms: label  mass x y z (in bohrs)
#
$atoms
6
 C     12.00000     -0.000025950163    -0.183465967679     0.000000015844
 O     15.99491      0.000005142923    -2.463706465013    -0.000000004073
 O     15.99491      2.050574793854     1.291470418596    -0.000000002925
 O     15.99491     -2.051166465659     1.291024143310    -0.000000002930
 H      1.00783      3.484487863905     0.146001036657    -0.000000015588
 H      1.00783     -3.474870240765     0.153243509658    -0.000000015503

$actual_temperature
  0.000000

$frequency_scale_factor
  1.000000

$dipole_derivatives
18
    2.2984613328E+00   -9.4023272576E-04   -7.6866658897E-10
    5.1502445697E-03    2.3389831020E+00   -4.6013092615E-09
    4.5234316143E-10   -3.2278490090E-09    7.2200620651E-01
   -8.1512644349E-01   -7.0656270728E-05    2.5160503682E-11
   -1.6872839892E-03   -1.4329018018E+00    3.1863674273E-09
   -4.6019439158E-11   -8.0109573075E-09   -5.3176195495E-01
   -1.1802056471E+00   -4.1095483375E-01    1.1750168506E-09
   -3.5661869630E-01   -7.2693987168E-01    1.0792082791E-09
    6.2570076041E-09    5.1110726529E-09   -4.7856692776E-01
   -1.1818848851E+00    4.1254315906E-01   -7.3299203726E-10
    3.5204512481E-01   -7.2646100744E-01    4.6568461725E-10
   -6.2253649927E-09    5.5043688967E-09   -4.7864098113E-01
    4.3947748625E-01   -4.1339839856E-03   -3.3707832808E-10
    9.8878066243E-03    2.7434640735E-01   -9.2749768330E-11
    1.9471720771E-10    4.2280596458E-10    3.8355844995E-01
    4.3927815658E-01    3.5565476796E-03    6.3855959985E-10
   -8.7771957156E-03    2.7297317160E-01   -3.7201293153E-11
   -6.3268362210E-10    2.0055789157E-10    3.8340520737E-01

#
# The IR spectrum
#  wavenumber T**2 TX TY TZ
#
$ir_spectrum
18
      0.00   0.00000000     0.000000     0.000000     0.000000
      0.00   0.00000000     0.000000     0.000000     0.000000
      0.00   0.00000000     0.000000     0.000000     0.000000
      0.00   0.00000000     0.000000     0.000000     0.000000
      0.00   0.00000000     0.000000     0.000000     0.000000
      0.00   0.00000000     0.000000     0.000000     0.000000
    633.61   0.00051321     0.005374    -0.022007    -0.000000
    671.66   0.00366167     0.060502     0.001070    -0.000000
    771.35   0.00655929     0.000000    -0.000000    -0.080989
    824.41   0.00454693     0.000000     0.000000     0.067431
    962.64   0.01471227    -0.000000    -0.000000    -0.121294
   1021.66   0.00114332     0.000617     0.033807    -0.000000
   1335.70   0.02906130     0.170458    -0.002326     0.000000
   1466.90   0.00056126    -0.014605    -0.018654     0.000000
   1594.19   0.00327426     0.057221    -0.000014    -0.000000
   1902.58   0.02309822    -0.000768    -0.151979     0.000000
   3843.21   0.00267225    -0.047296     0.020865     0.000000
   3933.32   0.00250792     0.045388     0.021163     0.000000


$end

