
$orca_hessian_file

$act_atom
  0

$act_coord
  0

$act_energy
        0.000000

$multiplicity
  1

$hessian
18
                    0                  1                  2                  3                  4        
    0      7.9360698607E-01   9.8559008177E-13  -6.3616646673E-15  -1.6539942965E-01  -2.0234329852E-12
    1      9.8559008177E-13   1.1041982168E+00  -9.1813861608E-04  -2.0326089423E-12  -7.2971681518E-01
    2     -6.3616646673E-15  -9.1813861608E-04   3.1262309988E-01   3.5606204009E-15   6.9626309458E-04
    3     -1.6539942965E-01  -2.0326089423E-12   3.5606204009E-15   1.4464641710E-01   2.5752360314E-12
    4     -2.0234329852E-12  -7.2971681518E-01   6.9626309458E-04   2.5752360314E-12   8.8343702918E-01
    5      3.7051165705E-15   6.9657432895E-04  -1.2688444677E-01  -3.0339263274E-15  -7.7824175342E-04
    6     -2.6487103620E-01  -9.0936783435E-02  -1.0973418089E-04   1.3648445592E-03  -5.4678317182E-02
    7     -6.3877299633E-02  -2.1714879128E-01   3.4508297044E-04  -6.7749215006E-02  -7.0403354371E-02
    8     -4.8437692998E-04  -3.9157505594E-05  -9.6780640352E-02  -5.2051718031E-06   5.0487333632E-05
    9     -2.6487103620E-01   9.0936783436E-02   1.0973418089E-04   1.3648445600E-03   5.4678317182E-02
   10      6.3877299634E-02  -2.1714879128E-01   3.4508297044E-04   6.7749215005E-02  -7.0403354372E-02
   11      4.8437692998E-04  -3.9157505597E-05  -9.6780640352E-02   5.2051718031E-06   5.0487333633E-05
   12     -4.9232742007E-02   2.8337933605E-02  -3.2534800504E-04   9.0116617178E-03   5.7847542831E-03
   13     -2.6057743161E-02   2.9908090477E-02  -2.3414520970E-04   1.8838011680E-03  -6.4567526259E-03
   14     -6.5726384528E-05   1.4993964916E-04   3.9113137989E-03   7.2871450171E-05  -9.4980042161E-06
   15     -4.9232742007E-02  -2.8337933605E-02   3.2534800505E-04   9.0116617178E-03  -5.7847542832E-03
   16      2.6057743161E-02   2.9908090477E-02  -2.3414520970E-04  -1.8838011681E-03  -6.4567526258E-03
   17      6.5726384529E-05   1.4993964916E-04   3.9113137989E-03  -7.2871450172E-05  -9.4980042155E-06
                    5                  6                  7                  8                  9        
    0      3.7051165705E-15  -2.6487103620E-01  -6.3877299633E-02  -4.8437692998E-04  -2.6487103620E-01
    1      6.9657432895E-04  -9.0936783435E-02  -2.1714879128E-01  -3.9157505594E-05   9.0936783436E-02
    2     -1.2688444677E-01  -1.0973418089E-04   3.4508297044E-04  -9.6780640352E-02   1.0973418089E-04
    3     -3.0339263274E-15   1.3648445592E-03  -6.7749215006E-02  -5.2051718031E-06   1.3648445600E-03
    4     -7.7824175342E-04  -5.4678317182E-02  -7.0403354371E-02   5.0487333632E-05   5.4678317182E-02
    5      6.7506997934E-02   1.5153064095E-05   1.4414689467E-05   3.4657929050E-02  -1.5153064096E-05
    6      1.5153064095E-05   6.9302752459E-01  -9.4683022752E-02   2.9771620315E-03  -9.4442263439E-02
    7      1.4414689467E-05  -9.4683022752E-02   5.2534331133E-01  -2.1359302730E-03   2.4420437209E-02
    8      3.4657929050E-02   2.9771620315E-03  -2.1359302730E-03   7.0338961949E-02  -2.7169302972E-05
    9     -1.5153064096E-05  -9.4442263439E-02   2.4420437209E-02  -2.7169302972E-05   6.9302752459E-01
   10      1.4414689467E-05  -2.4420437209E-02   2.6828853414E-02  -1.3849163022E-04   9.4683022750E-02
   11      3.4657929051E-02   2.7169302973E-05  -1.3849163022E-04   1.6060792666E-02  -2.9771620315E-03
   12      5.8223737774E-05  -3.3267268193E-01   1.9584945107E-01  -2.4436558876E-03  -2.4063875774E-03
   13      2.6419022768E-05   2.5763605130E-01  -2.6151070656E-01   2.2292358789E-03  -7.0825092775E-03
   14     -4.9692046303E-03  -2.8207762569E-03   1.9172298076E-03  -2.7402302301E-02   8.8973960716E-05
   15     -5.8223737775E-05  -2.4063875773E-03   6.0396491133E-03  -1.6754739100E-05  -3.3267268193E-01
   16      2.6419022769E-05   7.0825092775E-03  -3.1093125222E-03   3.3856196274E-05  -2.5763605130E-01
   17     -4.9692046303E-03  -8.8973960716E-05  -2.3055642803E-06   3.1252589874E-03   2.8207762570E-03
                   10                 11                 12                 13                 14        
    0      6.3877299634E-02   4.8437692998E-04  -4.9232742007E-02  -2.6057743161E-02  -6.5726384528E-05
    1     -2.1714879128E-01  -3.9157505597E-05   2.8337933605E-02   2.9908090477E-02   1.4993964916E-04
    2      3.4508297044E-04  -9.6780640352E-02  -3.2534800504E-04  -2.3414520970E-04   3.9113137989E-03
    3      6.7749215005E-02   5.2051718031E-06   9.0116617178E-03   1.8838011680E-03   7.2871450171E-05
    4     -7.0403354372E-02   5.0487333633E-05   5.7847542831E-03  -6.4567526259E-03  -9.4980042161E-06
    5      1.4414689467E-05   3.4657929051E-02   5.8223737774E-05   2.6419022768E-05  -4.9692046303E-03
    6     -2.4420437209E-02   2.7169302973E-05  -3.3267268193E-01   2.5763605130E-01  -2.8207762569E-03
    7      2.6828853414E-02  -1.3849163022E-04   1.9584945107E-01  -2.6151070656E-01   1.9172298076E-03
    8     -1.3849163022E-04   1.6060792666E-02  -2.4436558876E-03   2.2292358789E-03  -2.7402302301E-02
    9      9.4683022750E-02  -2.9771620315E-03  -2.4063875774E-03  -7.0825092775E-03   8.8973960716E-05
   10      5.2534331133E-01  -2.1359302730E-03  -6.0396491133E-03  -3.1093125221E-03  -2.3055642813E-06
   11     -2.1359302730E-03   7.0338961949E-02   1.6754739100E-05   3.3856196274E-05   3.1252589874E-03
   12     -6.0396491133E-03   1.6754739100E-05   3.7671225390E-01  -2.2515604494E-01   2.7093413232E-03
   13     -3.1093125221E-03   3.3856196274E-05  -2.2515604494E-01   2.4018633892E-01  -2.0657035265E-03
   14     -2.3055642813E-06   3.1252589874E-03   2.7093413232E-03  -2.0657035265E-03   2.3480584597E-02
   15     -1.9584945107E-01   2.4436558877E-03  -1.4121041060E-03  -1.2235550934E-03   1.5315907395E-05
   16     -2.6151070656E-01   2.2292358789E-03   1.2235550934E-03   9.8234232022E-04   1.0337638306E-05
   17      1.9172298076E-03  -2.7402302301E-02  -1.5315907395E-05   1.0337638306E-05   1.8543495477E-03
                   15                 16                 17        
     0     -4.9232742007E-02   2.6057743161E-02   6.5726384529E-05
     1     -2.8337933605E-02   2.9908090477E-02   1.4993964916E-04
     2      3.2534800505E-04  -2.3414520970E-04   3.9113137989E-03
     3      9.0116617178E-03  -1.8838011681E-03  -7.2871450172E-05
     4     -5.7847542832E-03  -6.4567526258E-03  -9.4980042155E-06
     5     -5.8223737775E-05   2.6419022769E-05  -4.9692046303E-03
     6     -2.4063875773E-03   7.0825092775E-03  -8.8973960716E-05
     7      6.0396491133E-03  -3.1093125222E-03  -2.3055642803E-06
     8     -1.6754739100E-05   3.3856196274E-05   3.1252589874E-03
     9     -3.3267268193E-01  -2.5763605130E-01   2.8207762570E-03
    10     -1.9584945107E-01  -2.6151070656E-01   1.9172298076E-03
    11      2.4436558877E-03   2.2292358789E-03  -2.7402302301E-02
    12     -1.4121041060E-03   1.2235550934E-03  -1.5315907395E-05
    13     -1.2235550934E-03   9.8234232022E-04   1.0337638306E-05
    14      1.5315907395E-05   1.0337638306E-05   1.8543495477E-03
    15      3.7671225390E-01   2.2515604494E-01  -2.7093413232E-03
    16      2.2515604494E-01   2.4018633891E-01  -2.0657035265E-03
    17     -2.7093413232E-03  -2.0657035265E-03   2.3480584597E-02

$vibrational_frequencies
18
    0        0.0000000000000000
    1        0.0000000000000000
    2        0.0000000000000000
    3        0.0000000000000000
    4        0.0000000000000000
    5        0.0000000000000000
    6      633.9053012154489579
    7      671.5864358979223425
    8      798.7451167724811967
    9      800.1749673683008268
   10      961.8130629344573208
   11     1021.6806654123668068
   12     1336.6267505604607777
   13     1466.7272117590462130
   14     1594.0572674369698234
   15     1902.5761221753757582
   16     3886.3563411950203772
   17     3889.1640839108349610

$normal_modes
18 18
                    0                  1                  2                  3                  4        
    0      0.0000000000E+00   0.0000000000E+00   0.0000000000E+00   0.0000000000E+00   0.0000000000E+00
    1      0.0000000000E+00   0.0000000000E+00   0.0000000000E+00   0.0000000000E+00   0.0000000000E+00
    2      0.0000000000E+00   0.0000000000E+00   0.0000000000E+00   0.0000000000E+00   0.0000000000E+00
    3      0.0000000000E+00   0.0000000000E+00   0.0000000000E+00   0.0000000000E+00   0.0000000000E+00
    4      0.0000000000E+00   0.0000000000E+00   0.0000000000E+00   0.0000000000E+00   0.0000000000E+00
    5      0.0000000000E+00   0.0000000000E+00   0.0000000000E+00   0.0000000000E+00   0.0000000000E+00
    6      0.0000000000E+00   0.0000000000E+00   0.0000000000E+00   0.0000000000E+00   0.0000000000E+00
    7      0.0000000000E+00   0.0000000000E+00   0.0000000000E+00   0.0000000000E+00   0.0000000000E+00
    8      0.0000000000E+00   0.0000000000E+00   0.0000000000E+00   0.0000000000E+00   0.0000000000E+00
    9      0.0000000000E+00   0.0000000000E+00   0.0000000000E+00   0.0000000000E+00   0.0000000000E+00
   10      0.0000000000E+00   0.0000000000E+00   0.0000000000E+00   0.0000000000E+00   0.0000000000E+00
   11      0.0000000000E+00   0.0000000000E+00   0.0000000000E+00   0.0000000000E+00   0.0000000000E+00
   12      0.0000000000E+00   0.0000000000E+00   0.0000000000E+00   0.0000000000E+00   0.0000000000E+00
   13      0.0000000000E+00   0.0000000000E+00   0.0000000000E+00   0.0000000000E+00   0.0000000000E+00
   14      0.0000000000E+00   0.0000000000E+00   0.0000000000E+00   0.0000000000E+00   0.0000000000E+00
   15      0.0000000000E+00   0.0000000000E+00   0.0000000000E+00   0.0000000000E+00   0.0000000000E+00
   16      0.0000000000E+00   0.0000000000E+00   0.0000000000E+00   0.0000000000E+00   0.0000000000E+00
   17      0.0000000000E+00   0.0000000000E+00   0.0000000000E+00   0.0000000000E+00   0.0000000000E+00
                    5                  6                  7                  8                  9        
    0      0.0000000000E+00   1.6886666161E-13  -6.1645094371E-02   4.6519579947E-04  -3.0566736126E-13
    1      0.0000000000E+00   8.8804148304E-02   4.6434222048E-14   2.6531036072E-13   4.0523717209E-04
    2      0.0000000000E+00  -2.3454066388E-04   1.3596887108E-15   8.2862344876E-11   1.2645459781E-01
    3      0.0000000000E+00   6.8872088953E-13   1.6063315914E-01  -8.6210291678E-04   5.6757703475E-13
    4      0.0000000000E+00   1.0199956924E-01  -7.4488123968E-13   1.1115036435E-13   1.6271753341E-04
    5      0.0000000000E+00   1.6975148208E-04  -1.5811722668E-16  -8.3843380652E-12  -1.3040912145E-02
    6      0.0000000000E+00   1.2072049401E-01  -4.8934939194E-02   1.3598131794E-06  -2.2079773946E-04
    7      0.0000000000E+00  -6.8906426917E-02  -1.0364074455E-01   7.1208288730E-04  -7.9040553970E-05
    8      0.0000000000E+00  -3.3945583947E-05   3.6646450592E-04   6.9277408155E-02  -1.0879785517E-03
    9      0.0000000000E+00  -1.2072049402E-01  -4.8934939193E-02   1.3598134602E-06   2.2079773946E-04
   10      0.0000000000E+00  -6.8906426915E-02   1.0364074455E-01  -7.1208288741E-04  -7.9040553033E-05
   11      0.0000000000E+00  -3.3945583947E-05  -3.6646450592E-04  -6.9277408156E-02  -1.0879784602E-03
   12      0.0000000000E+00  -1.3533689090E-02  -1.3105061692E-01   4.0500148840E-03   3.1757714779E-03
   13      0.0000000000E+00  -2.4449648236E-01  -2.0753707719E-01  -1.7809851471E-03  -2.4493365164E-03
   14      0.0000000000E+00   5.8801919984E-04  -3.3952957293E-03  -6.4800751509E-01  -6.3208523760E-01
   15      0.0000000000E+00   1.3533689087E-02  -1.3105061692E-01   4.0500148798E-03  -3.1757714833E-03
   16      0.0000000000E+00  -2.4449648236E-01   2.0753707719E-01   1.7809851439E-03  -2.4493365188E-03
   17      0.0000000000E+00   5.8801919984E-04   3.3952957292E-03   6.4800751425E-01  -6.3208523845E-01
                   10                 11                 12                 13                 14        
    0      2.1892798467E-15  -3.6450899232E-13   1.5014829398E-01   7.3664147667E-13   2.0184677992E-01
    1      9.4991031470E-04  -6.9092923330E-02  -5.9055070578E-13   4.4924406104E-02  -7.8269391085E-13
    2     -2.2578211936E-01  -3.5056931572E-03  -5.9133176284E-16   6.9715484239E-04  -3.3531787536E-15
    3      6.7110404231E-15  -3.2441026262E-13  -1.1852234698E-02  -4.1310206315E-13  -2.9251168041E-02
    4      1.5763319948E-03  -1.0784887114E-01   2.4401450859E-13  -9.5001393989E-02   1.5604042694E-13
    5      7.7382472153E-02   1.1689626626E-03   3.6925191564E-16   7.6926711647E-07   4.2565044074E-16
    6     -2.1550712996E-03   1.2398517051E-01  -6.7009421034E-02   6.8673051948E-04  -4.1709070198E-02
    7     -8.4020476712E-04   7.1235117343E-02  -7.6877752936E-02   5.9404777483E-02   1.9886669781E-02
    8      6.3854520590E-02   1.0669048694E-03   2.0293016157E-05  -2.9519355156E-04  -2.2350705756E-04
    9      2.1550712996E-03  -1.2398517051E-01  -6.7009421034E-02  -6.8673051947E-04  -4.1709070198E-02
   10     -8.4020476713E-04   7.1235117343E-02   7.6877752936E-02   5.9404777483E-02  -1.9886669781E-02
   11      6.3854520590E-02   1.0669048694E-03  -2.0293016156E-05  -2.9519355157E-04   2.2350705756E-04
   12     -2.4195426831E-03   1.7916854745E-01   2.6364491532E-01  -3.8494484044E-01  -3.0760567087E-01
   13     -4.8293166509E-03   1.3660571886E-01   3.5526743701E-01  -4.5637999946E-01  -3.4389724460E-01
   14     -2.8330106637E-01  -5.3378534658E-03   1.2963983504E-04   5.2837982908E-04   1.6033178828E-04
   15      2.4195426830E-03  -1.7916854745E-01   2.6364491531E-01   3.8494484044E-01  -3.0760567087E-01
   16     -4.8293166509E-03   1.3660571886E-01  -3.5526743701E-01  -4.5637999946E-01   3.4389724460E-01
   17     -2.8330106638E-01  -5.3378534659E-03  -1.2963983504E-04   5.2837982909E-04  -1.6033178830E-04
                   15                 16                 17        
     0     -7.7058186069E-13   2.9596646199E-03  -2.0398524886E-12
     1     -2.2918348913E-01   7.4621885679E-14   1.2158468899E-04
     2      3.7748407278E-04  -4.8699811750E-15  -7.0268977343E-06
     3      4.2676888290E-13  -4.4346475889E-04   3.1181175872E-13
     4      1.2379755280E-01   9.8930835341E-13   1.4275395424E-03
     5     -1.6266253342E-04  -1.1728696019E-16  -1.2739739519E-07
     6      9.5052776456E-03   3.3542107325E-02  -3.4909316447E-02
     7      3.3854381756E-02  -2.5238007971E-02   2.5153709318E-02
     8     -3.8955891292E-05   2.7378006007E-04  -2.7962082835E-04
     9     -9.5052776453E-03   3.3542107373E-02   3.4909316401E-02
    10      3.3854381756E-02   2.5238008005E-02   2.5153709283E-02
    11     -3.8955891293E-05  -2.7378006046E-04  -2.7962082798E-04
    12     -1.3443041920E-01  -5.4643864010E-01   5.4549365305E-01
    13     -1.5524783515E-01   4.1168288059E-01  -4.1125950868E-01
    14     -3.3827460485E-04  -4.5038619650E-03   4.4806304395E-03
    15      1.3443041919E-01  -5.4643864086E-01  -5.4549365230E-01
    16     -1.5524783515E-01  -4.1168288115E-01  -4.1125950811E-01
    17     -3.3827460485E-04   4.5038619712E-03   4.4806304333E-03

#
# The atoms: label  mass x y z (in bohrs)
#
$atoms
6
 C     12.00000     -0.000000000001    -0.183465967666    -0.002439948265
 O     15.99491     -0.000000000009    -2.463706465021     0.000557803976
 O     15.99491      2.050870629787     1.291247280944    -0.000130040778
 O     15.99491     -2.050870629778     1.291247280958    -0.000130040778
 H      1.00783      3.479679052500     0.149622273156     0.012163487572
 H      1.00783     -3.479679052499     0.149622273180     0.012163487572

$actual_temperature
  0.000000

$frequency_scale_factor
  1.000000

$dipole_derivatives
18
    2.2984592667E+00    1.5081190361E-13    8.2573685796E-15
   -7.4651009380E-14    2.3389713243E+00    1.9028604458E-03
    2.2714917668E-15    6.5204019420E-04    7.2200105942E-01
   -8.1512522987E-01   -2.3004083666E-12   -3.2204299251E-16
   -2.0351091164E-12   -1.4328983875E+00   -6.2037412353E-04
    7.1419570962E-15    1.6065674214E-03   -5.3176301039E-01
   -1.1810477028E+00   -4.1174309642E-01   -2.5548264702E-04
   -3.5433394265E-01   -7.2669940757E-01   -1.0696490128E-03
   -3.9565970006E-04   -1.1559536835E-03   -4.7860177524E-01
   -1.1810477028E+00    4.1174309642E-01    2.5548264701E-04
    3.5433394265E-01   -7.2669940757E-01   -1.0696490128E-03
    3.9565970005E-04   -1.1559536835E-03   -4.7860177524E-01
    4.3938068439E-01   -3.8490287465E-03    5.5810861341E-04
    9.3329195706E-03    2.7366293918E-01    4.2840585170E-04
   -1.2057100882E-04    2.6649875709E-05    3.8348275072E-01
    4.3938068439E-01    3.8490287455E-03   -5.5810861341E-04
   -9.3329195718E-03    2.7366293918E-01    4.2840585171E-04
    1.2057100882E-04    2.6649875711E-05    3.8348275072E-01

#
# The IR spectrum
#  wavenumber T**2 TX TY TZ
#
$ir_spectrum
18
      0.00   0.00000000     0.000000     0.000000     0.000000
      0.00   0.00000000     0.000000     0.000000     0.000000
      0.00   0.00000000     0.000000     0.000000     0.000000
      0.00   0.00000000     0.000000     0.000000     0.000000
      0.00   0.00000000     0.000000     0.000000     0.000000
      0.00   0.00000000     0.000000     0.000000     0.000000
    633.91   0.00048445    -0.000000    -0.022010     0.000059
    671.59   0.00368024    -0.060665     0.000000    -0.000000
    798.75   0.00000180     0.001343    -0.000000    -0.000000
    800.17   0.01118093    -0.000000    -0.000089    -0.105740
    961.81   0.01457559    -0.000000     0.000037    -0.120729
   1021.68   0.00114764    -0.000000    -0.033818    -0.001998
   1336.63   0.02924750     0.171019    -0.000000    -0.000000
   1466.73   0.00035137     0.000000    -0.018745     0.000078
   1594.06   0.00329714     0.057421    -0.000000    -0.000000
   1902.58   0.02309860    -0.000000    -0.151982    -0.000131
   3886.36   0.00429687    -0.065550    -0.000000     0.000000
   3889.16   0.00088339     0.000000    -0.029718     0.000488


$end

