
$orca_hessian_file

$act_atom
  0

$act_coord
  0

$act_energy
        0.000000

$multiplicity
  1

$hessian
18
                    0                  1                  2                  3                  4        
    0      7.9398122554E-01   8.8712717727E-13  -3.2807569593E-15  -1.6529756070E-01  -2.0066716819E-12
    1      8.8712717727E-13   1.1049072930E+00   3.7268347665E-09  -2.0262391172E-12  -7.3077793954E-01
    2     -3.2807569593E-15   3.7268347665E-09   3.1255714538E-01   1.3043244648E-16  -4.3203722691E-09
    3     -1.6529756070E-01  -2.0262391172E-12   1.3043244648E-16   1.4487779927E-01   2.5674852869E-12
    4     -2.0066716819E-12  -7.3077793954E-01  -4.3203722691E-09   2.5674852869E-12   8.8478162195E-01
    5      6.9872908551E-16  -5.1867962573E-09  -1.2681707929E-01   4.7462323544E-16   4.9277398575E-09
    6     -2.6497624728E-01  -9.0815304591E-02   7.9505629877E-10   1.1713556291E-03  -5.4895423189E-02
    7     -6.3607403879E-02  -2.1702212787E-01  -3.5571538102E-11  -6.8015605242E-02  -7.0485475409E-02
    8      1.5183620306E-09   1.1314597625E-09  -9.6809184162E-02  -9.1319474058E-11  -3.3828094160E-10
    9     -2.6497624728E-01   9.0815304591E-02  -7.9505628693E-10   1.1713556300E-03   5.4895423188E-02
   10      6.3607403880E-02  -2.1702212787E-01  -3.5568123309E-11   6.8015605241E-02  -7.0485475410E-02
   11     -1.5183590098E-09   1.1314602494E-09  -9.6809184162E-02   9.1319517639E-11  -3.3828028453E-10
   12     -4.9365585141E-02   2.8452999572E-02   3.6664840965E-10   9.0385250866E-03   5.7919328479E-03
   13     -2.5953887161E-02   2.9957451153E-02   3.3233952096E-10   1.8452047193E-03  -6.5163657944E-03
   14      6.1257805575E-10  -4.0147951679E-10   3.9391511171E-03  -1.1530025687E-10   3.4596563069E-11
   15     -4.9365585141E-02  -2.8452999571E-02  -3.6664527100E-10   9.0385250865E-03  -5.7919328480E-03
   16      2.5953887162E-02   2.9957451153E-02   3.3233744870E-10  -1.8452047194E-03  -6.5163657943E-03
   17     -6.1257849469E-10  -4.0147880977E-10   3.9391511171E-03   1.1529960824E-10   3.4596609239E-11
                    5                  6                  7                  8                  9        
    0      6.9872908551E-16  -2.6497624728E-01  -6.3607403879E-02   1.5183620306E-09  -2.6497624728E-01
    1     -5.1867962573E-09  -9.0815304591E-02  -2.1702212787E-01   1.1314597625E-09   9.0815304591E-02
    2     -1.2681707929E-01   7.9505629877E-10  -3.5571538102E-11  -9.6809184162E-02  -7.9505628693E-10
    3      4.7462323544E-16   1.1713556291E-03  -6.8015605242E-02  -9.1319474058E-11   1.1713556300E-03
    4      4.9277398575E-09  -5.4895423189E-02  -7.0485475409E-02  -3.3828094160E-10   5.4895423188E-02
    5      6.7306245811E-02   1.1654114578E-10   2.1890551574E-10   3.4740451940E-02  -1.1654177944E-10
    6      1.1654114578E-10   6.9101749017E-01  -9.4801538678E-02  -4.0447431835E-09  -9.3453686692E-02
    7      2.1890551574E-10  -9.4801538678E-02   5.2643349083E-01   1.0791399069E-09   2.4377094846E-02
    8      3.4740451940E-02  -4.0447431835E-09   1.0791399069E-09   7.0398859771E-02  -1.8136564991E-10
    9     -1.1654177944E-10  -9.3453686692E-02   2.4377094846E-02  -1.8136564991E-10   6.9101749017E-01
   10      2.1890615849E-10  -2.4377094845E-02   2.6844005780E-02   1.9213588437E-10   9.4801538676E-02
   11      3.4740451940E-02   1.8136653576E-10   1.9213581658E-10   1.5925824064E-02   4.0447146970E-09
   12     -6.3452948655E-11  -3.3138845244E-01   1.9600645212E-01   2.8407937887E-09  -2.3704593958E-03
   13     -8.9377464259E-11   2.5782365144E-01  -2.6262683021E-01  -2.0277637134E-09  -7.0657098641E-03
   14     -4.9850352020E-03   2.8329977136E-09  -1.5154860333E-09  -2.7373062405E-02  -1.1878232515E-10
   15      6.3452408959E-11  -2.3704593957E-03   6.0410008340E-03  -4.1727789026E-11  -3.3138845244E-01
   16     -8.9377344737E-11   7.0657098641E-03  -3.1430631160E-03  -3.6691023036E-11  -2.5782365144E-01
   17     -4.9850352020E-03   1.1878176679E-10   6.0876456492E-11   3.1171107926E-03  -2.8329689327E-09
                   10                 11                 12                 13                 14        
    0      6.3607403880E-02  -1.5183590098E-09  -4.9365585141E-02  -2.5953887161E-02   6.1257805575E-10
    1     -2.1702212787E-01   1.1314602494E-09   2.8452999572E-02   2.9957451153E-02  -4.0147951679E-10
    2     -3.5568123309E-11  -9.6809184162E-02   3.6664840965E-10   3.3233952096E-10   3.9391511171E-03
    3      6.8015605241E-02   9.1319517639E-11   9.0385250866E-03   1.8452047193E-03  -1.1530025687E-10
    4     -7.0485475410E-02  -3.3828028453E-10   5.7919328479E-03  -6.5163657944E-03   3.4596563069E-11
    5      2.1890615849E-10   3.4740451940E-02  -6.3452948655E-11  -8.9377464259E-11  -4.9850352020E-03
    6     -2.4377094845E-02   1.8136653576E-10  -3.3138845244E-01   2.5782365144E-01   2.8329977136E-09
    7      2.6844005780E-02   1.9213581658E-10   1.9600645212E-01  -2.6262683021E-01  -1.5154860333E-09
    8      1.9213588437E-10   1.5925824064E-02   2.8407937887E-09  -2.0277637134E-09  -2.7373062405E-02
    9      9.4801538676E-02   4.0447146970E-09  -2.3704593958E-03  -7.0657098641E-03  -1.1878232515E-10
   10      5.2643349083E-01   1.0791150775E-09  -6.0410008340E-03  -3.1430631159E-03   6.0875982276E-11
   11      1.0791150775E-09   7.0398859771E-02   4.1728111758E-11  -3.6691191719E-11   3.1171107926E-03
   12     -6.0410008340E-03   4.1728111758E-11   3.7550417702E-01  -2.2542982142E-01  -3.1986051976E-09
   13     -3.1430631159E-03  -3.6691191719E-11  -2.2542982142E-01   2.4134678951E-01   1.8380567926E-09
   14      6.0875982276E-11   3.1171107926E-03  -3.1986051976E-09   1.8380567926E-09   2.3457896765E-02
   15     -1.9600645212E-01  -2.8407695752E-09  -1.4182051295E-03  -1.2194377136E-03  -1.2887961155E-11
   16     -2.6262683021E-01  -2.0277397913E-09   1.2194377136E-03   9.8201845784E-04  -1.6563799159E-11
   17     -1.5154648553E-09  -2.7373062406E-02   1.2887807483E-11  -1.6563932952E-11   1.8439389327E-03
                   15                 16                 17        
     0     -4.9365585141E-02   2.5953887162E-02  -6.1257849469E-10
     1     -2.8452999571E-02   2.9957451153E-02  -4.0147880977E-10
     2     -3.6664527100E-10   3.3233744870E-10   3.9391511171E-03
     3      9.0385250865E-03  -1.8452047194E-03   1.1529960824E-10
     4     -5.7919328480E-03  -6.5163657943E-03   3.4596609239E-11
     5      6.3452408959E-11  -8.9377344737E-11  -4.9850352020E-03
     6     -2.3704593957E-03   7.0657098641E-03   1.1878176679E-10
     7      6.0410008340E-03  -3.1430631160E-03   6.0876456492E-11
     8     -4.1727789026E-11  -3.6691023036E-11   3.1171107926E-03
     9     -3.3138845244E-01  -2.5782365144E-01  -2.8329689327E-09
    10     -1.9600645212E-01  -2.6262683021E-01  -1.5154648553E-09
    11     -2.8407695752E-09  -2.0277397913E-09  -2.7373062406E-02
    12     -1.4182051295E-03   1.2194377136E-03   1.2887807483E-11
    13     -1.2194377136E-03   9.8201845784E-04  -1.6563932952E-11
    14     -1.2887961155E-11  -1.6563799159E-11   1.8439389327E-03
    15      3.7550417702E-01   2.2542982142E-01   3.1985782161E-09
    16      2.2542982142E-01   2.4134678951E-01   1.8380345209E-09
    17      3.1985782161E-09   1.8380345209E-09   2.3457896765E-02

$vibrational_frequencies
18
    0        0.0000000000000000
    1        0.0000000000000000
    2        0.0000000000000000
    3        0.0000000000000000
    4        0.0000000000000000
    5        0.0000000000000000
    6      632.8559855287517166
    7      672.3841565539456724
    8      798.8933097309591176
    9      799.8152673014222955
   10      961.8757887120801797
   11     1020.9798523268665349
   12     1336.7766930967427470
   13     1467.1790514858735150
   14     1594.5300747771862007
   15     1903.5516316637770160
   16     3885.8781760193141963
   17     3888.7284975194002072

$normal_modes
18 18
                    0                  1                  2                  3                  4        
    0      0.0000000000E+00   0.0000000000E+00   0.0000000000E+00   0.0000000000E+00   0.0000000000E+00
    1      0.0000000000E+00   0.0000000000E+00   0.0000000000E+00   0.0000000000E+00   0.0000000000E+00
    2      0.0000000000E+00   0.0000000000E+00   0.0000000000E+00   0.0000000000E+00   0.0000000000E+00
    3      0.0000000000E+00   0.0000000000E+00   0.0000000000E+00   0.0000000000E+00   0.0000000000E+00
    4      0.0000000000E+00   0.0000000000E+00   0.0000000000E+00   0.0000000000E+00   0.0000000000E+00
    5      0.0000000000E+00   0.0000000000E+00   0.0000000000E+00   0.0000000000E+00   0.0000000000E+00
    6      0.0000000000E+00   0.0000000000E+00   0.0000000000E+00   0.0000000000E+00   0.0000000000E+00
    7      0.0000000000E+00   0.0000000000E+00   0.0000000000E+00   0.0000000000E+00   0.0000000000E+00
    8      0.0000000000E+00   0.0000000000E+00   0.0000000000E+00   0.0000000000E+00   0.0000000000E+00
    9      0.0000000000E+00   0.0000000000E+00   0.0000000000E+00   0.0000000000E+00   0.0000000000E+00
   10      0.0000000000E+00   0.0000000000E+00   0.0000000000E+00   0.0000000000E+00   0.0000000000E+00
   11      0.0000000000E+00   0.0000000000E+00   0.0000000000E+00   0.0000000000E+00   0.0000000000E+00
   12      0.0000000000E+00   0.0000000000E+00   0.0000000000E+00   0.0000000000E+00   0.0000000000E+00
   13      0.0000000000E+00   0.0000000000E+00   0.0000000000E+00   0.0000000000E+00   0.0000000000E+00
   14      0.0000000000E+00   0.0000000000E+00   0.0000000000E+00   0.0000000000E+00   0.0000000000E+00
   15      0.0000000000E+00   0.0000000000E+00   0.0000000000E+00   0.0000000000E+00   0.0000000000E+00
   16      0.0000000000E+00   0.0000000000E+00   0.0000000000E+00   0.0000000000E+00   0.0000000000E+00
   17      0.0000000000E+00   0.0000000000E+00   0.0000000000E+00   0.0000000000E+00   0.0000000000E+00
                    5                  6                  7                  8                  9        
    0      0.0000000000E+00   1.5749020162E-14  -6.1615917655E-02   2.5288443238E-10   2.1988443376E-15
    1      0.0000000000E+00  -8.8712777851E-02  -1.9056944589E-13  -5.7052624709E-16   5.6605964605E-10
    2      0.0000000000E+00  -6.2640399557E-10  -1.0228153990E-15   1.3487928970E-10  -1.2658256888E-01
    3      0.0000000000E+00  -1.1590970084E-12   1.6076405270E-01  -2.4266674683E-10  -4.5624683974E-15
    4      0.0000000000E+00  -1.0179627799E-01  -1.0404682177E-12   4.9295476939E-16  -3.9584320698E-10
    5      0.0000000000E+00   4.9298859623E-10  -6.1421359284E-16  -1.3605544549E-11   1.2929245245E-02
    6      0.0000000000E+00  -1.2096262683E-01  -4.8989104315E-02   4.6747589371E-10   1.2712751725E-09
    7      0.0000000000E+00   6.8807888511E-02  -1.0353769601E-01   5.1198648730E-10  -8.8622348804E-11
    8      0.0000000000E+00  -1.7143003978E-10  -1.0814626974E-10   6.9198714593E-02   1.1995763179E-03
    9      0.0000000000E+00   1.2096262683E-01  -4.8989104313E-02   4.6746520346E-10  -1.2712746012E-09
   10      0.0000000000E+00   6.8807888509E-02   1.0353769601E-01  -5.1198923944E-10  -8.8629765801E-11
   11      0.0000000000E+00  -1.7143128768E-10   1.0814506972E-10  -6.9198714595E-02   1.1995761696E-03
   12      0.0000000000E+00   1.3630328481E-02  -1.3140336608E-01  -6.9989817107E-09   7.7792620250E-09
   13      0.0000000000E+00   2.4390320236E-01  -2.0720750040E-01  -1.0520256201E-09   1.1777243032E-09
   14      0.0000000000E+00   2.5379188507E-09  -9.0744640575E-10  -6.4816779786E-01   6.3196208240E-01
   15      0.0000000000E+00  -1.3630328478E-02  -1.3140336608E-01  -6.9989661911E-09  -7.7792248284E-09
   16      0.0000000000E+00   2.4390320236E-01   2.0720750041E-01   1.0520680269E-09   1.1777390440E-09
   17      0.0000000000E+00   2.5379375043E-09   9.0748745508E-10   6.4816779650E-01   6.3196208378E-01
                   10                 11                 12                 13                 14        
    0     -1.7724910392E-15  -4.2455453345E-13   1.5023659423E-01  -1.3604888146E-12   2.0179607091E-01
    1     -1.5000730846E-09  -6.9424781396E-02  -6.0214894302E-13  -4.4824809744E-02  -8.9049829339E-13
    2     -2.2574850561E-01   9.0996981102E-09   3.4462586135E-15  -1.7860089074E-10  -3.5268004008E-15
    3      2.0765490612E-15  -2.9243441933E-13  -1.1774441996E-02   4.9723599986E-13  -2.9213040404E-02
    4     -4.6163465742E-09  -1.0787325451E-01   3.7161779567E-13   9.5096301457E-02   3.0775320811E-13
    5      7.7343093015E-02  -2.5801861947E-09  -2.5635809520E-16   6.4835449151E-10   5.9932531196E-16
    6      4.5624087598E-09   1.2378876718E-01  -6.7139407092E-02  -8.9494190606E-04  -4.1648956274E-02
    7      2.5803784594E-09   7.1324176280E-02  -7.6758182114E-02  -5.9423439485E-02   1.9943901179E-02
    8      6.3885502667E-02  -2.4331580977E-09   7.8431946719E-10   7.7580470721E-11   3.1377757276E-10
    9     -4.5624093688E-09  -1.2378876718E-01  -6.7139407092E-02   8.9494190644E-04  -4.1648956275E-02
   10      2.5803845347E-09   7.1324176281E-02   7.6758182114E-02  -5.9423439485E-02  -1.9943901179E-02
   11      6.3885502667E-02  -2.4331553259E-09  -7.8432235394E-10   7.7584001782E-11  -3.1377469507E-10
   12      3.2603715016E-09   1.7966721338E-01   2.6456488713E-01   3.8602318985E-01  -3.0856038739E-01
   13      4.6104306073E-09   1.3736146834E-01   3.5440163534E-01   4.5533011538E-01  -3.4330855541E-01
   14     -2.8368040321E-01   4.9164167384E-09  -3.4499127402E-09  -5.3129193697E-09   4.7495421673E-09
   15     -3.2603736273E-09  -1.7966721338E-01   2.6456488712E-01  -3.8602318985E-01  -3.0856038739E-01
   16      4.6103993697E-09   1.3736146834E-01  -3.5440163534E-01   4.5533011538E-01   3.4330855542E-01
   17     -2.8368040322E-01   4.9163896317E-09   3.4499215052E-09  -5.3129396017E-09  -4.7495554287E-09
                   15                 16                 17        
     0     -7.4067518925E-13  -2.9739948603E-03   1.9514341777E-12
     1     -2.2914050886E-01  -5.5464184587E-14  -9.9782417913E-05
     2     -1.2309523738E-09   5.0720254862E-18   5.2536523214E-12
     3      4.3104948577E-13   4.4623304315E-04  -2.9805701113E-13
     4      1.2388078976E-01  -9.4865613488E-13  -1.4364638358E-03
     5      1.1212394591E-09   1.9974166133E-17  -9.5220908020E-12
     6      9.4857174864E-03  -3.3472073768E-02   3.4835898379E-02
     7      3.3775298620E-02   2.5325846030E-02  -2.5247300066E-02
     8     -2.1965812498E-10   2.9002033977E-10  -2.9805516563E-10
     9     -9.4857174862E-03  -3.3472073814E-02  -3.4835898335E-02
    10      3.3775298621E-02  -2.5325846063E-02  -2.5247300032E-02
    11     -2.1965878891E-10  -2.9001745100E-10  -2.9805236896E-10
    12     -1.3498980127E-01   5.4539050326E-01  -5.4444064797E-01
    13     -1.5490912324E-01  -4.1310062403E-01   4.1268588133E-01
    14      1.9170656153E-09  -4.8011644256E-09   4.7746365548E-09
    15      1.3498980126E-01   5.4539050398E-01   5.4444064726E-01
    16     -1.5490912324E-01   4.1310062457E-01   4.1268588078E-01
    17      1.9170673959E-09   4.8011182424E-09   4.7745907429E-09

#
# The atoms: label  mass x y z (in bohrs)
#
$atoms
6
 C     12.00000     -0.000000000001    -0.181530798800     0.000000015860
 O     15.99491     -0.000000000009    -2.461483826258    -0.000000004071
 O     15.99491      2.053501214471     1.289745782166    -0.000000002930
 O     15.99491     -2.053501214462     1.289745782180    -0.000000002930
 H      1.00783      3.479383712358     0.144293841246    -0.000000015612
 H      1.00783     -3.479383712357     0.144293841269    -0.000000015612

$actual_temperature
  0.000000

$frequency_scale_factor
  1.000000

$dipole_derivatives
18
    2.2995813578E+00    2.0560085467E-13    4.3119800629E-15
   -1.8088493768E-14    2.3366796534E+00   -4.6825524906E-09
    2.3924250380E-15   -2.9310604727E-09    7.2206555716E-01
   -8.1564768135E-01   -2.2736258477E-12    1.2032656978E-15
   -2.0237066283E-12   -1.4326135215E+00    3.1880401385E-09
    1.8936763837E-16   -8.0950130404E-09   -5.3200848817E-01
   -1.1818621136E+00   -4.1148315334E-01    9.6013782019E-10
   -3.5216011181E-01   -7.2581114375E-01    8.3090188207E-10
    6.2522381049E-09    5.2441164239E-09   -4.7849258001E-01
   -1.1818621136E+00    4.1148315334E-01   -9.6013769436E-10
    3.5216011182E-01   -7.2581114375E-01    8.3089510146E-10
   -6.2522410819E-09    5.2441133647E-09   -4.7849258001E-01
    4.3989527541E-01   -4.4685040422E-03   -4.6136455063E-10
    8.6333681133E-03    2.7377807782E-01   -8.3645019642E-11
    4.9025046872E-10    2.6891933631E-10    3.8346404552E-01
    4.3989527541E-01    4.4685040412E-03    4.6135890955E-10
   -8.6333681145E-03    2.7377807782E-01   -8.3639609997E-11
   -4.9025007598E-10    2.6892280205E-10    3.8346404552E-01

#
# The IR spectrum
#  wavenumber T**2 TX TY TZ
#
$ir_spectrum
18
      0.00   0.00000000     0.000000     0.000000     0.000000
      0.00   0.00000000     0.000000     0.000000     0.000000
      0.00   0.00000000     0.000000     0.000000     0.000000
      0.00   0.00000000     0.000000     0.000000     0.000000
      0.00   0.00000000     0.000000     0.000000     0.000000
      0.00   0.00000000     0.000000     0.000000     0.000000
    632.86   0.00048814     0.000000     0.022094     0.000000
    672.38   0.00369979    -0.060826     0.000000     0.000000
    798.89   0.00000000    -0.000000     0.000000    -0.000000
    799.82   0.01117049     0.000000     0.000000     0.105691
    961.88   0.01459163    -0.000000    -0.000000    -0.120796
   1020.98   0.00114718    -0.000000    -0.033870     0.000000
   1336.78   0.02930820     0.171196    -0.000000     0.000000
   1467.18   0.00034644    -0.000000     0.018613    -0.000000
   1594.53   0.00328280     0.057296    -0.000000    -0.000000
   1903.55   0.02302956    -0.000000    -0.151755     0.000000
   3885.88   0.00429888     0.065566     0.000000    -0.000000
   3888.73   0.00089644    -0.000000     0.029941     0.000000


$end

