
$orca_hessian_file

$act_atom
  0

$act_coord
  0

$act_energy
        0.000000

$multiplicity
  1

$hessian
18
                    0                  1                  2                  3                  4        
    0      7.9361690326E-01   1.0523387717E-12  -2.7403512707E-15  -1.6539966289E-01  -2.0112210763E-12
    1      1.0523387717E-12   1.1042065449E+00   3.6852648821E-09  -2.0295493900E-12  -7.2972342181E-01
    2     -2.7403512707E-15   3.6852648821E-09   3.1261765606E-01   5.1347672745E-16  -4.2906504022E-09
    3     -1.6539966289E-01  -2.0295493900E-12   5.1347672745E-16   1.4464538311E-01   2.5818561698E-12
    4     -2.0112210763E-12  -7.2972342181E-01  -4.2906504022E-09   2.5818561698E-12   8.8344382891E-01
    5      1.1240872081E-15  -5.1808629776E-09  -1.2688296359E-01   1.4839311061E-16   4.9184171751E-09
    6     -2.6487360039E-01  -9.0936830465E-02   8.0173389999E-10   1.3648076383E-03  -5.4678332327E-02
    7     -6.3874845948E-02  -2.1715046597E-01  -3.4476565914E-11  -6.7749282587E-02  -7.0403683438E-02
    8      1.5040890717E-09   1.1437965814E-09  -9.6779730840E-02  -9.0701109046E-11  -3.5119160456E-10
    9     -2.6487360039E-01   9.0936830465E-02  -8.0173470563E-10   1.3648076392E-03   5.4678332326E-02
   10      6.3874845948E-02  -2.1715046597E-01  -3.4472992430E-11   6.7749282587E-02  -7.0403683439E-02
   11     -1.5040868069E-09   1.1437975384E-09  -9.6779730840E-02   9.0701088642E-11  -3.5119090844E-10
   12     -4.9235019798E-02   2.8339766810E-02   3.6085818679E-10   9.0123322512E-03   5.7848437116E-03
   13     -2.6059965996E-02   2.9908904407E-02   3.3716851869E-10   1.8840573730E-03  -6.4565201112E-03
   14      6.1446636006E-10  -3.9599840066E-10   3.9123846023E-03  -1.1478446720E-10   3.7307685049E-11
   15     -4.9235019798E-02  -2.8339766810E-02  -3.6085515431E-10   9.0123322511E-03  -5.7848437118E-03
   16      2.6059965996E-02   2.9908904407E-02   3.3716637048E-10  -1.8840573731E-03  -6.4565201112E-03
   17     -6.1446700852E-10  -3.9599743429E-10   3.9123846023E-03   1.1478382573E-10   3.7307600013E-11
                    5                  6                  7                  8                  9        
    0      1.1240872081E-15  -2.6487360039E-01  -6.3874845948E-02   1.5040890717E-09  -2.6487360039E-01
    1     -5.1808629776E-09  -9.0936830465E-02  -2.1715046597E-01   1.1437965814E-09   9.0936830465E-02
    2     -1.2688296359E-01   8.0173389999E-10  -3.4476565914E-11  -9.6779730840E-02  -8.0173470563E-10
    3      1.4839311061E-16   1.3648076383E-03  -6.7749282587E-02  -9.0701109046E-11   1.3648076392E-03
    4      4.9184171751E-09  -5.4678332327E-02  -7.0403683438E-02  -3.5119160456E-10   5.4678332326E-02
    5      6.7506129311E-02   1.1617080308E-10   2.2151980947E-10   3.4658327050E-02  -1.1617155290E-10
    6      1.1617080308E-10   6.9308976158E-01  -9.4739327543E-02  -4.0600509305E-09  -9.4441952475E-02
    7      2.2151980947E-10  -9.4739327543E-02   5.2538066417E-01   1.0836999905E-09   2.4422037539E-02
    8      3.4658327050E-02  -4.0600509305E-09   1.0836999905E-09   7.0307565825E-02  -1.7910632985E-10
    9     -1.1617155290E-10  -9.4441952475E-02   2.4422037539E-02  -1.7910632985E-10   6.9308976158E-01
   10      2.2152068052E-10  -2.4422037539E-02   2.6828931178E-02   1.9325072964E-10   9.4739327541E-02
   11      3.4658327050E-02   1.7910734362E-10   1.9325060927E-10   1.6058918672E-02   4.0600238311E-09
   12     -6.2607357596E-11  -3.3273276983E-01   1.9590165812E-01   2.8648272854E-09  -2.4062465265E-03
   13     -9.0297205646E-11   2.5769318798E-01  -2.6154591942E-01  -2.0313424343E-09  -7.0833398979E-03
   14     -4.9699099118E-03   2.8454195711E-09  -1.5246881401E-09  -2.7370883970E-02  -1.1762013606E-10
   15      6.2606834940E-11  -2.4062465264E-03   6.0397604196E-03  -3.9058261298E-11  -3.3273276983E-01
   16     -9.0297026675E-11   7.0833398979E-03  -3.1095265261E-03  -3.8213384653E-11  -2.5769318797E-01
   17     -4.9699099118E-03   1.1761958622E-10   6.0694418546E-11   3.1258032620E-03  -2.8453913802E-09
                   10                 11                 12                 13                 14        
    0      6.3874845948E-02  -1.5040868069E-09  -4.9235019798E-02  -2.6059965996E-02   6.1446636006E-10
    1     -2.1715046597E-01   1.1437975384E-09   2.8339766810E-02   2.9908904407E-02  -3.9599840066E-10
    2     -3.4472992430E-11  -9.6779730840E-02   3.6085818679E-10   3.3716851869E-10   3.9123846023E-03
    3      6.7749282587E-02   9.0701088642E-11   9.0123322512E-03   1.8840573730E-03  -1.1478446720E-10
    4     -7.0403683439E-02  -3.5119090844E-10   5.7848437116E-03  -6.4565201112E-03   3.7307685049E-11
    5      2.2152068052E-10   3.4658327050E-02  -6.2607357596E-11  -9.0297205646E-11  -4.9699099118E-03
    6     -2.4422037539E-02   1.7910734362E-10  -3.3273276983E-01   2.5769318798E-01   2.8454195711E-09
    7      2.6828931178E-02   1.9325060927E-10   1.9590165812E-01  -2.6154591942E-01  -1.5246881401E-09
    8      1.9325072964E-10   1.6058918672E-02   2.8648272854E-09  -2.0313424343E-09  -2.7370883970E-02
    9      9.4739327541E-02   4.0600238311E-09  -2.4062465265E-03  -7.0833398979E-03  -1.1762013606E-10
   10      5.2538066417E-01   1.0836754421E-09  -6.0397604196E-03  -3.1095265260E-03   6.0693963798E-11
   11      1.0836754421E-09   7.0307565825E-02   3.9058638774E-11  -3.8213611710E-11   3.1258032620E-03
   12     -6.0397604196E-03   3.9058638774E-11   3.7677376650E-01  -2.2521022384E-01  -3.2148089578E-09
   13     -3.1095265260E-03  -3.8213611710E-11  -2.2521022384E-01   2.4022065319E-01   1.8398948349E-09
   14      6.0693963798E-11   3.1258032620E-03  -3.2148089578E-09   1.8398948349E-09   2.3448043619E-02
   15     -1.9590165812E-01  -2.8648038216E-09  -1.4120625915E-03  -1.2237156167E-03  -1.2672341956E-11
   16     -2.6154591941E-01  -2.0313191914E-09   1.2237156167E-03   9.8240845955E-04  -1.7209954067E-11
   17     -1.5246677017E-09  -2.7370883970E-02   1.2672176275E-11  -1.7210090943E-11   1.8545623982E-03
                   15                 16                 17        
     0     -4.9235019798E-02   2.6059965996E-02  -6.1446700852E-10
     1     -2.8339766810E-02   2.9908904407E-02  -3.9599743429E-10
     2     -3.6085515431E-10   3.3716637048E-10   3.9123846023E-03
     3      9.0123322511E-03  -1.8840573731E-03   1.1478382573E-10
     4     -5.7848437118E-03  -6.4565201112E-03   3.7307600013E-11
     5      6.2606834940E-11  -9.0297026675E-11  -4.9699099118E-03
     6     -2.4062465264E-03   7.0833398979E-03   1.1761958622E-10
     7      6.0397604196E-03  -3.1095265261E-03   6.0694418546E-11
     8     -3.9058261298E-11  -3.8213384653E-11   3.1258032620E-03
     9     -3.3273276983E-01  -2.5769318797E-01  -2.8453913802E-09
    10     -1.9590165812E-01  -2.6154591941E-01  -1.5246677017E-09
    11     -2.8648038216E-09  -2.0313191914E-09  -2.7370883970E-02
    12     -1.4120625915E-03   1.2237156167E-03   1.2672176275E-11
    13     -1.2237156167E-03   9.8240845955E-04  -1.7210090943E-11
    14     -1.2672341956E-11  -1.7209954067E-11   1.8545623982E-03
    15      3.7677376650E-01   2.2521022384E-01   3.2147827724E-09
    16      2.2521022384E-01   2.4022065318E-01   1.8398731974E-09
    17      3.2147827724E-09   1.8398731974E-09   2.3448043619E-02

$vibrational_frequencies
18
    0        0.0000000000000000
    1        0.0000000000000000
    2        0.0000000000000000
    3        0.0000000000000000
    4        0.0000000000000000
    5        0.0000000000000000
    6      633.8813283857966780
    7      671.5804160646474656
    8      798.5724126917639296
    9      800.0396607846151937
   10      961.7999342062880714
   11     1021.6646586179626865
   12     1336.5727729417199043
   13     1466.6684164065527511
   14     1594.0462795538285263
   15     1902.5773655934974613
   16     3886.6481026385426958
   17     3889.4558965319179151

$normal_modes
18 18
                    0                  1                  2                  3                  4        
    0      0.0000000000E+00   0.0000000000E+00   0.0000000000E+00   0.0000000000E+00   0.0000000000E+00
    1      0.0000000000E+00   0.0000000000E+00   0.0000000000E+00   0.0000000000E+00   0.0000000000E+00
    2      0.0000000000E+00   0.0000000000E+00   0.0000000000E+00   0.0000000000E+00   0.0000000000E+00
    3      0.0000000000E+00   0.0000000000E+00   0.0000000000E+00   0.0000000000E+00   0.0000000000E+00
    4      0.0000000000E+00   0.0000000000E+00   0.0000000000E+00   0.0000000000E+00   0.0000000000E+00
    5      0.0000000000E+00   0.0000000000E+00   0.0000000000E+00   0.0000000000E+00   0.0000000000E+00
    6      0.0000000000E+00   0.0000000000E+00   0.0000000000E+00   0.0000000000E+00   0.0000000000E+00
    7      0.0000000000E+00   0.0000000000E+00   0.0000000000E+00   0.0000000000E+00   0.0000000000E+00
    8      0.0000000000E+00   0.0000000000E+00   0.0000000000E+00   0.0000000000E+00   0.0000000000E+00
    9      0.0000000000E+00   0.0000000000E+00   0.0000000000E+00   0.0000000000E+00   0.0000000000E+00
   10      0.0000000000E+00   0.0000000000E+00   0.0000000000E+00   0.0000000000E+00   0.0000000000E+00
   11      0.0000000000E+00   0.0000000000E+00   0.0000000000E+00   0.0000000000E+00   0.0000000000E+00
   12      0.0000000000E+00   0.0000000000E+00   0.0000000000E+00   0.0000000000E+00   0.0000000000E+00
   13      0.0000000000E+00   0.0000000000E+00   0.0000000000E+00   0.0000000000E+00   0.0000000000E+00
   14      0.0000000000E+00   0.0000000000E+00   0.0000000000E+00   0.0000000000E+00   0.0000000000E+00
   15      0.0000000000E+00   0.0000000000E+00   0.0000000000E+00   0.0000000000E+00   0.0000000000E+00
   16      0.0000000000E+00   0.0000000000E+00   0.0000000000E+00   0.0000000000E+00   0.0000000000E+00
   17      0.0000000000E+00   0.0000000000E+00   0.0000000000E+00   0.0000000000E+00   0.0000000000E+00
                    5                  6                  7                  8                  9        
    0      0.0000000000E+00  -5.1014679353E-14   6.1648605990E-02   2.6817365337E-10  -2.3052432099E-15
    1      0.0000000000E+00   8.8805680301E-02   2.1293288013E-13  -9.9201589455E-16  -5.6737976046E-10
    2      0.0000000000E+00   6.4933290875E-10   1.2147599844E-15   9.9249522380E-11   1.2636931831E-01
    3      0.0000000000E+00   1.2091936744E-12  -1.6063542647E-01  -2.5807104415E-10   4.3523765193E-15
    4      0.0000000000E+00   1.0199778887E-01   1.0729456307E-12   1.1034486830E-16   3.8938915927E-10
    5      0.0000000000E+00  -4.9591228172E-10   4.8859210766E-16  -1.0048968356E-11  -1.3012307386E-02
    6      0.0000000000E+00   1.2071859328E-01   4.8932705892E-02   4.6857932442E-10  -1.3078569545E-09
    7      0.0000000000E+00  -6.8904384585E-02   1.0364025242E-01   5.1815646962E-10   9.0796224168E-11
    8      0.0000000000E+00   1.7034103142E-10   1.0208665541E-10   6.9278832463E-02  -1.0626517055E-03
    9      0.0000000000E+00  -1.2071859328E-01   4.8932705890E-02   4.6856830258E-10   1.3078565860E-09
   10      0.0000000000E+00  -6.8904384583E-02  -1.0364025242E-01  -5.1815858798E-10   9.0803302448E-11
   11      0.0000000000E+00   1.7034204917E-10  -1.0208560871E-10  -6.9278832464E-02  -1.0626515958E-03
   12      0.0000000000E+00  -1.3553271242E-02   1.3108314703E-01  -6.9852745759E-09  -7.8057262866E-09
   13      0.0000000000E+00  -2.4452388835E-01   2.0754156324E-01  -1.0217913907E-09  -1.1531480158E-09
   14      0.0000000000E+00  -2.6339394758E-09   9.6921597496E-10  -6.4803195583E-01  -6.3220647806E-01
   15      0.0000000000E+00   1.3553271238E-02   1.3108314703E-01  -6.9852612994E-09   7.8056905641E-09
   16      0.0000000000E+00  -2.4452388834E-01  -2.0754156324E-01   1.0218346704E-09  -1.1531633419E-09
   17      0.0000000000E+00  -2.6339562814E-09  -9.6925484321E-10   6.4803195482E-01  -6.3220647908E-01
                   10                 11                 12                 13                 14        
    0     -1.5256205587E-15  -3.5770673925E-13  -1.5011747853E-01   1.3610985573E-12  -2.0186926310E-01
    1     -1.4495253044E-09  -6.9099069783E-02   6.0836627246E-13   4.4908694082E-02   9.4050261111E-13
    2     -2.2585858191E-01   8.9769190724E-09  -3.7471684032E-15   1.6981930124E-10   3.4581759585E-15
    3      1.8096481834E-15  -3.0078150114E-13   1.1842822304E-02  -4.9943294294E-13   2.9255252725E-02
    4     -4.5389367702E-09  -1.0785696638E-01  -4.1731138493E-13  -9.5003419122E-02  -3.6376631672E-13
    5      7.7395826430E-02  -2.5383665425E-09   3.5283182302E-16  -6.4388864823E-10  -5.8896065736E-16
    6      4.4941138960E-09   1.2400587418E-01   6.7005164557E-02   6.8361270554E-04   4.1717914660E-02
    7      2.5291100693E-09   7.1237124374E-02   7.6883897051E-02   5.9411412132E-02  -1.9877239108E-02
    8      6.3864959646E-02  -2.3901096874E-09  -7.8147880937E-10  -7.5910028762E-11  -3.1257829895E-10
    9     -4.4941145599E-09  -1.2400587418E-01   6.7005164556E-02  -6.8361270591E-04   4.1717914660E-02
   10      2.5291160927E-09   7.1237124375E-02  -7.6883897051E-02   5.9411412132E-02   1.9877239108E-02
   11      6.3864959647E-02  -2.3901064448E-09   7.8148185982E-10  -7.5913552227E-11   3.1257539312E-10
   12      3.1376717085E-09   1.7918746990E-01  -2.6368612830E-01  -3.8494665812E-01   3.0756674111E-01
   13      4.5088912415E-09   1.3667469683E-01  -3.5530853854E-01  -4.5637568581E-01   3.4384355229E-01
   14     -2.8311749952E-01   4.6323059417E-09   3.4139647240E-09   5.3032504315E-09  -4.7511272844E-09
   15     -3.1376719518E-09  -1.7918746990E-01  -2.6368612829E-01   3.8494665812E-01   3.0756674111E-01
   16      4.5088588182E-09   1.3667469683E-01   3.5530853854E-01  -4.5637568581E-01  -3.4384355229E-01
   17     -2.8311749952E-01   4.6322747240E-09  -3.4139741374E-09   5.3032710242E-09   4.7511415534E-09
                   15                 16                 17        
     0     -8.1645660356E-13   2.9591972811E-03  -1.9289423677E-12
     1     -2.2918653469E-01   6.9171426954E-14   1.2150906635E-04
     2     -1.2219378961E-09  -7.6967733693E-18  -6.5187469970E-12
     3      4.4364446548E-13  -4.4336806224E-04   2.9399520444E-13
     4      1.2380056640E-01   9.3606203773E-13   1.4273354904E-03
     5      1.1185921080E-09   6.6881116379E-18   1.1372567342E-11
     6      9.5043303349E-03   3.3542869810E-02  -3.4909888659E-02
     7      3.3852579738E-02  -2.5238789210E-02   2.5154534591E-02
     8     -2.2105402481E-10  -2.9290401265E-10   2.9875038519E-10
     9     -9.5043303347E-03   3.3542869856E-02   3.4909888615E-02
    10      3.3852579738E-02   2.5238789242E-02   2.5154534558E-02
    11     -2.2105472673E-10   2.9290117466E-10   2.9874773645E-10
    12     -1.3441654879E-01  -5.4644872635E-01   5.4550369697E-01
    13     -1.5522501832E-01   4.1169384854E-01  -4.1127053693E-01
    14      1.9065608141E-09   4.8175227633E-09  -4.7928233111E-09
    15      1.3441654879E-01  -5.4644872707E-01  -5.4550369626E-01
    16     -1.5522501832E-01  -4.1169384907E-01  -4.1127053639E-01
    17      1.9065621618E-09  -4.8174777462E-09  -4.7927788036E-09

#
# The atoms: label  mass x y z (in bohrs)
#
$atoms
6
 C     12.00000     -0.000000000001    -0.183465967679     0.000000015844
 O     15.99491     -0.000000000009    -2.463706465013    -0.000000004073
 O     15.99491      2.050870629760     1.291247280946    -0.000000002927
 O     15.99491     -2.050870629751     1.291247280960    -0.000000002927
 H      1.00783      3.479679052348     0.149622273136    -0.000000015545
 H      1.00783     -3.479679052347     0.149622273160    -0.000000015545

$actual_temperature
  0.000000

$frequency_scale_factor
  1.000000

$dipole_derivatives
18
    2.2984538174E+00    1.6486553636E-13    2.3462004303E-15
   -3.0318181472E-14    2.3389899723E+00   -4.5476637656E-09
    2.8787501538E-15   -3.2931841236E-09    7.2200447007E-01
   -8.1512680722E-01   -2.3023074065E-12    1.7727258958E-15
   -2.0594691911E-12   -1.4329052477E+00    3.1607783656E-09
   -2.4044213112E-16   -7.9968025174E-09   -5.3176191990E-01
   -1.1810421563E+00   -4.1174729947E-01    9.4725100685E-10
   -3.5433082054E-01   -7.2670394641E-01    7.4775796211E-10
    6.1977520865E-09    5.3423579872E-09   -4.7860258521E-01
   -1.1810421563E+00    4.1174729948E-01   -9.4724985377E-10
    3.5433082054E-01   -7.2670394642E-01    7.4774731095E-10
   -6.1977530802E-09    5.3423571281E-09   -4.7860258521E-01
    4.3937865125E-01   -3.8476820720E-03   -4.9786608054E-10
    9.3337702430E-03    2.7366158412E-01   -5.4312979773E-11
    4.2978009133E-10    3.0263379289E-10    3.8348131013E-01
    4.3937865125E-01    3.8476820709E-03    4.9786080854E-10
   -9.3337702441E-03    2.7366158412E-01   -5.4306891646E-11
   -4.2978173549E-10    3.0263621969E-10    3.8348131013E-01

#
# The IR spectrum
#  wavenumber T**2 TX TY TZ
#
$ir_spectrum
18
      0.00   0.00000000     0.000000     0.000000     0.000000
      0.00   0.00000000     0.000000     0.000000     0.000000
      0.00   0.00000000     0.000000     0.000000     0.000000
      0.00   0.00000000     0.000000     0.000000     0.000000
      0.00   0.00000000     0.000000     0.000000     0.000000
      0.00   0.00000000     0.000000     0.000000     0.000000
    633.88   0.00048458    -0.000000    -0.022013    -0.000000
    671.58   0.00368194     0.060679    -0.000000    -0.000000
    798.57   0.00000000    -0.000000     0.000000    -0.000000
    800.04   0.01119408    -0.000000    -0.000000    -0.105802
    961.80   0.01457146    -0.000000    -0.000000    -0.120712
   1021.66   0.00114340    -0.000000    -0.033814     0.000000
   1336.57   0.02924508    -0.171012     0.000000    -0.000000
   1466.67   0.00035167     0.000000    -0.018753     0.000000
   1594.05   0.00329977    -0.057444     0.000000     0.000000
   1902.58   0.02309863    -0.000000    -0.151982     0.000000
   3886.65   0.00429669    -0.065549    -0.000000     0.000000
   3889.46   0.00088313     0.000000    -0.029717    -0.000000


$end

