
$orca_hessian_file

$act_atom
  0

$act_coord
  0

$act_energy
        0.000000

$multiplicity
  1

$hessian
18
                    0                  1                  2                  3                  4        
    0      7.9323169748E-01   9.5443097869E-13  -2.0310473324E-15  -1.6550082377E-01  -2.0321737424E-12
    1      9.5443097869E-13   1.1034999576E+00   3.6514807061E-09  -2.0394684538E-12  -7.2866929229E-01
    2     -2.0310473324E-15   3.6514807061E-09   3.1267738825E-01   3.8904407805E-16  -4.2740791588E-09
    3     -1.6550082377E-01  -2.0394684538E-12   3.8904407805E-16   1.4441484588E-01   2.5947495021E-12
    4     -2.0321737424E-12  -7.2866929229E-01  -4.2740791588E-09   2.5947495021E-12   8.8210622650E-01
    5      7.0769136460E-16  -5.1628170610E-09  -1.2694815305E-01   1.6273682636E-16   4.9025317624E-09
    6     -2.6476210830E-01  -9.1054767514E-02   8.2556870539E-10   1.5570896355E-03  -5.4461417673E-02
    7     -6.4137523797E-02  -2.1727542120E-01  -3.8814884863E-11  -6.7483277277E-02  -7.0321458957E-02
    8      1.5045681960E-09   1.1554195218E-09  -9.6750025501E-02  -9.2662901760E-11  -3.5416992136E-10
    9     -2.6476210830E-01   9.1054767514E-02  -8.2557017932E-10   1.5570896364E-03   5.4461417672E-02
   10      6.4137523798E-02  -2.1727542120E-01  -3.8811522118E-11   6.7483277277E-02  -7.0321458958E-02
   11     -1.5045661632E-09   1.1554199461E-09  -9.6750025501E-02   9.2662991642E-11  -3.5416906413E-10
   12     -4.9103328555E-02   2.8227074844E-02   3.5422463509E-10   8.9858993081E-03   5.7772719867E-03
   13     -2.6164730957E-02   2.9860088552E-02   3.5011343210E-10   1.9225525903E-03  -6.3970081467E-03
   14      6.0942414846E-10  -3.9975197310E-10   3.8854079023E-03  -1.1433353893E-10   3.9943007562E-11
   15     -4.9103328555E-02  -2.8227074843E-02  -3.5422151925E-10   8.9858993080E-03  -5.7772719868E-03
   16      2.6164730958E-02   2.9860088552E-02   3.5011122557E-10  -1.9225525904E-03  -6.3970081466E-03
   17     -6.0942485776E-10  -3.9975093788E-10   3.8854079023E-03   1.1433289727E-10   3.9942884354E-11
                    5                  6                  7                  8                  9        
    0      7.0769136460E-16  -2.6476210830E-01  -6.4137523797E-02   1.5045681960E-09  -2.6476210830E-01
    1     -5.1628170610E-09  -9.1054767514E-02  -2.1727542120E-01   1.1554195218E-09   9.1054767514E-02
    2     -1.2694815305E-01   8.2556870539E-10  -3.8814884863E-11  -9.6750025501E-02  -8.2557017932E-10
    3      1.6273682636E-16   1.5570896355E-03  -6.7483277277E-02  -9.2662901760E-11   1.5570896364E-03
    4      4.9025317624E-09  -5.4461417673E-02  -7.0321458957E-02  -3.5416992136E-10   5.4461417672E-02
    5      6.7705310032E-02   1.1193112292E-10   2.2047906878E-10   3.4576144083E-02  -1.1193138834E-10
    6      1.1193112292E-10   6.9514816537E-01  -9.4660309813E-02  -4.1192163842E-09  -9.5438342225E-02
    7      2.2047906878E-10  -9.4660309813E-02   5.2431563106E-01   1.1084094854E-09   2.4465660211E-02
    8      3.4576144083E-02  -4.1192163842E-09   1.1084094854E-09   7.0218358601E-02  -1.7565878481E-10
    9     -1.1193138834E-10  -9.5438342225E-02   2.4465660211E-02  -1.7565878481E-10   6.9514816537E-01
   10      2.2047967152E-10  -2.4465660210E-02   2.6814433722E-02   1.9870707137E-10   9.4660309811E-02
   11      3.4576144083E-02   1.7565991588E-10   1.9870703689E-10   1.6193220832E-02   4.1191886458E-09
   12     -6.1582585782E-11  -3.3406245842E-01   1.9577680747E-01   2.9193829379E-09  -2.4423460627E-03
   13     -9.0336521876E-11   2.5754145885E-01  -2.6045726794E-01  -2.0653304525E-09  -7.1006963562E-03
   14     -4.9547225718E-03   2.8923067636E-09  -1.5490902736E-09  -2.7372213239E-02  -1.1375084286E-10
   15      6.1581980783E-11  -2.4423460626E-03   6.0386432032E-03  -3.6413354664E-11  -3.3406245842E-01
   16     -9.0336429792E-11   7.1006963562E-03  -3.0759166854E-03  -4.3035836916E-11  -2.5754145885E-01
   17     -4.9547225718E-03   1.1375016791E-10   6.0309699610E-11   3.1345152240E-03  -2.8922777420E-09
                   10                 11                 12                 13                 14        
    0      6.4137523798E-02  -1.5045661632E-09  -4.9103328555E-02  -2.6164730957E-02   6.0942414846E-10
    1     -2.1727542120E-01   1.1554199461E-09   2.8227074844E-02   2.9860088552E-02  -3.9975197310E-10
    2     -3.8811522118E-11  -9.6750025501E-02   3.5422463509E-10   3.5011343210E-10   3.8854079023E-03
    3      6.7483277277E-02   9.2662991642E-11   8.9858993081E-03   1.9225525903E-03  -1.1433353893E-10
    4     -7.0321458958E-02  -3.5416906413E-10   5.7772719867E-03  -6.3970081467E-03   3.9943007562E-11
    5      2.2047967152E-10   3.4576144083E-02  -6.1582585782E-11  -9.0336521876E-11  -4.9547225718E-03
    6     -2.4465660210E-02   1.7565991588E-10  -3.3406245842E-01   2.5754145885E-01   2.8923067636E-09
    7      2.6814433722E-02   1.9870703689E-10   1.9577680747E-01  -2.6045726794E-01  -1.5490902736E-09
    8      1.9870707137E-10   1.6193220832E-02   2.9193829379E-09  -2.0653304525E-09  -2.7372213239E-02
    9      9.4660309811E-02   4.1191886458E-09  -2.4423460627E-03  -7.1006963562E-03  -1.1375084286E-10
   10      5.2431563106E-01   1.1083858409E-09  -6.0386432032E-03  -3.0759166853E-03   6.0309421426E-11
   11      1.1083858409E-09   7.0218358601E-02   3.6413749692E-11  -4.3036148448E-11   3.1345152240E-03
   12     -6.0386432032E-03   3.6413749692E-11   3.7802810102E-01  -2.2497054762E-01  -3.2610425540E-09
   13     -3.0759166853E-03  -4.3036148448E-11  -2.2497054762E-01   2.3908721415E-01   1.8659853215E-09
   14      6.0309421426E-11   3.1345152240E-03  -3.2610425540E-09   1.8659853215E-09   2.3441776877E-02
   15     -1.9577680747E-01  -2.9193588483E-09  -1.4058672911E-03  -1.2280365151E-03  -1.2603945877E-11
   16     -2.6045726794E-01  -2.0653077437E-09   1.2280365151E-03   9.8289007855E-04  -1.7395515534E-11
   17     -1.5490703508E-09  -2.7372213239E-02   1.2603786687E-11  -1.7395619040E-11   1.8652358075E-03
                   15                 16                 17        
     0     -4.9103328555E-02   2.6164730958E-02  -6.0942485776E-10
     1     -2.8227074843E-02   2.9860088552E-02  -3.9975093788E-10
     2     -3.5422151925E-10   3.5011122557E-10   3.8854079023E-03
     3      8.9858993080E-03  -1.9225525904E-03   1.1433289727E-10
     4     -5.7772719868E-03  -6.3970081466E-03   3.9942884354E-11
     5      6.1581980783E-11  -9.0336429792E-11  -4.9547225718E-03
     6     -2.4423460626E-03   7.1006963562E-03   1.1375016791E-10
     7      6.0386432032E-03  -3.0759166854E-03   6.0309699610E-11
     8     -3.6413354664E-11  -4.3035836916E-11   3.1345152240E-03
     9     -3.3406245842E-01  -2.5754145885E-01  -2.8922777420E-09
    10     -1.9577680747E-01  -2.6045726794E-01  -1.5490703508E-09
    11     -2.9193588483E-09  -2.0653077437E-09  -2.7372213239E-02
    12     -1.4058672911E-03   1.2280365151E-03   1.2603786687E-11
    13     -1.2280365151E-03   9.8289007855E-04  -1.7395619040E-11
    14     -1.2603945877E-11  -1.7395515534E-11   1.8652358075E-03
    15      3.7802810102E-01   2.2497054761E-01   3.2610157176E-09
    16      2.2497054761E-01   2.3908721414E-01   1.8659643121E-09
    17      3.2610157176E-09   1.8659643121E-09   2.3441776877E-02

$vibrational_frequencies
18
    0        0.0000000000000000
    1        0.0000000000000000
    2        0.0000000000000000
    3        0.0000000000000000
    4        0.0000000000000000
    5        0.0000000000000000
    6      634.9175377926866304
    7      670.7789999923469395
    8      798.3110384367571442
    9      800.3122080183449043
   10      961.7341770165508024
   11     1022.3484261608180077
   12     1336.3767224045170678
   13     1466.1790969138789933
   14     1593.5582572382606941
   15     1901.6026694607185163
   16     3887.3269453987304587
   17     3890.0919443313009651

$normal_modes
18 18
                    0                  1                  2                  3                  4        
    0      0.0000000000E+00   0.0000000000E+00   0.0000000000E+00   0.0000000000E+00   0.0000000000E+00
    1      0.0000000000E+00   0.0000000000E+00   0.0000000000E+00   0.0000000000E+00   0.0000000000E+00
    2      0.0000000000E+00   0.0000000000E+00   0.0000000000E+00   0.0000000000E+00   0.0000000000E+00
    3      0.0000000000E+00   0.0000000000E+00   0.0000000000E+00   0.0000000000E+00   0.0000000000E+00
    4      0.0000000000E+00   0.0000000000E+00   0.0000000000E+00   0.0000000000E+00   0.0000000000E+00
    5      0.0000000000E+00   0.0000000000E+00   0.0000000000E+00   0.0000000000E+00   0.0000000000E+00
    6      0.0000000000E+00   0.0000000000E+00   0.0000000000E+00   0.0000000000E+00   0.0000000000E+00
    7      0.0000000000E+00   0.0000000000E+00   0.0000000000E+00   0.0000000000E+00   0.0000000000E+00
    8      0.0000000000E+00   0.0000000000E+00   0.0000000000E+00   0.0000000000E+00   0.0000000000E+00
    9      0.0000000000E+00   0.0000000000E+00   0.0000000000E+00   0.0000000000E+00   0.0000000000E+00
   10      0.0000000000E+00   0.0000000000E+00   0.0000000000E+00   0.0000000000E+00   0.0000000000E+00
   11      0.0000000000E+00   0.0000000000E+00   0.0000000000E+00   0.0000000000E+00   0.0000000000E+00
   12      0.0000000000E+00   0.0000000000E+00   0.0000000000E+00   0.0000000000E+00   0.0000000000E+00
   13      0.0000000000E+00   0.0000000000E+00   0.0000000000E+00   0.0000000000E+00   0.0000000000E+00
   14      0.0000000000E+00   0.0000000000E+00   0.0000000000E+00   0.0000000000E+00   0.0000000000E+00
   15      0.0000000000E+00   0.0000000000E+00   0.0000000000E+00   0.0000000000E+00   0.0000000000E+00
   16      0.0000000000E+00   0.0000000000E+00   0.0000000000E+00   0.0000000000E+00   0.0000000000E+00
   17      0.0000000000E+00   0.0000000000E+00   0.0000000000E+00   0.0000000000E+00   0.0000000000E+00
                    5                  6                  7                  8                  9        
    0      0.0000000000E+00  -1.8008253174E-14   6.1679690700E-02  -2.5389315180E-10  -2.2090897924E-15
    1      0.0000000000E+00  -8.8898706545E-02   1.5197184021E-13   2.5819438809E-15  -5.6046257351E-10
    2      0.0000000000E+00  -6.5506736582E-10   2.6195438027E-16  -1.0897548560E-10   1.2618799098E-01
    3      0.0000000000E+00  -1.0896669454E-12  -1.6050658618E-01   2.4349235029E-10   2.6798887331E-15
    4      0.0000000000E+00  -1.0220182918E-01   1.0035074011E-12   1.9827146488E-15   4.0368889491E-10
    5      0.0000000000E+00   4.9994174261E-10   4.4558438708E-16   1.1000279204E-11  -1.3105955956E-02
    6      0.0000000000E+00  -1.2047247974E-01   4.8877120384E-02  -4.6979808370E-10  -1.3054249637E-09
    7      0.0000000000E+00   6.9002673797E-02   1.0374383087E-01  -5.0813862059E-10   8.0722582429E-11
    8      0.0000000000E+00  -1.6612131722E-10   1.0802334760E-10  -6.9359105544E-02  -9.3498927200E-04
    9      0.0000000000E+00   1.2047247974E-01   4.8877120382E-02  -4.6979301315E-10   1.3054263419E-09
   10      0.0000000000E+00   6.9002673796E-02  -1.0374383087E-01   5.0813746412E-10   8.0726427879E-11
   11      0.0000000000E+00  -1.6611955451E-10  -1.0802243771E-10   6.9359105545E-02  -9.3498915072E-04
   12      0.0000000000E+00   1.3469822229E-02   1.3075787472E-01   7.0353376533E-09  -7.8552439710E-09
   13      0.0000000000E+00   2.4513692486E-01   2.0786908240E-01   1.0014339538E-09  -1.1479014696E-09
   14      0.0000000000E+00   2.5691249582E-09   9.1872619234E-10   6.4789566460E-01  -6.3240992140E-01
   15      0.0000000000E+00  -1.3469822226E-02   1.3075787471E-01   7.0353168379E-09   7.8552058276E-09
   16      0.0000000000E+00   2.4513692485E-01  -2.0786908240E-01  -1.0014781529E-09  -1.1479152875E-09
   17      0.0000000000E+00   2.5691154997E-09  -9.1875069930E-10  -6.4789566349E-01  -6.3240992253E-01
                   10                 11                 12                 13                 14        
    0     -1.3723777646E-15  -3.8509708631E-13  -1.5001646835E-01   1.4159936847E-12  -2.0192932948E-01
    1     -1.4416837659E-09  -6.8772452849E-02   6.2265554387E-13   4.4997953702E-02   9.1741350643E-13
    2     -2.2595050849E-01   8.9921641280E-09  -3.9401989251E-15   1.5043471792E-10   3.1640193400E-15
    3      1.4877050435E-15  -3.0318251819E-13   1.1916122310E-02  -5.1023533778E-13   2.9296208541E-02
    4     -4.5216761420E-09  -1.0783950010E-01  -4.3960774443E-13  -9.4909490763E-02  -3.1932678004E-13
    5      7.7446818621E-02  -2.5461524465E-09   2.0436857074E-16  -6.3540357824E-10  -4.2691350899E-16
    6      4.5144035294E-09   1.2422380362E-01   6.6873509545E-02   4.7208196528E-04   4.1781231692E-02
    7      2.5164914894E-09   7.1149972726E-02   7.7006229525E-02   5.9396829810E-02  -1.9816837812E-02
    8      6.3844132356E-02  -2.3887210891E-09  -7.8282754951E-10  -7.0778216722E-11  -3.1477106370E-10
    9     -4.5144037723E-09  -1.2422380362E-01   6.6873509544E-02  -4.7208196568E-04   4.1781231692E-02
   10      2.5164965290E-09   7.1149972727E-02  -7.7006229525E-02   5.9396829810E-02   1.9816837812E-02
   11      6.3844132357E-02  -2.3887185194E-09   7.8283024707E-10  -7.0780694514E-11   3.1476845329E-10
   12      3.1290991510E-09   1.7870467742E-01  -2.6277968536E-01  -3.8386699389E-01   3.0659445465E-01
   13      4.5255101356E-09   1.3597476954E-01  -3.5618673760E-01  -4.5742100889E-01   3.4440709269E-01
   14     -2.8264431986E-01   4.5812938632E-09   3.4165575133E-09   5.2698737809E-09  -4.7206838565E-09
   15     -3.1291022661E-09  -1.7870467741E-01  -2.6277968536E-01   3.8386699389E-01   3.0659445465E-01
   16      4.5254810081E-09   1.3597476954E-01   3.5618673759E-01  -4.5742100890E-01  -3.4440709269E-01
   17     -2.8264431987E-01   4.5812687594E-09  -3.4165566456E-09   5.2698842914E-09   4.7206943556E-09
                   15                 16                 17        
     0     -7.7590889703E-13   2.9445856848E-03  -1.9989630912E-12
     1     -2.2923118659E-01   8.7712432968E-14   1.4323132798E-04
     2     -1.2170027054E-09  -1.2435146907E-16  -9.1641520316E-12
     3      4.3649016164E-13  -4.4053629672E-04   3.0405241785E-13
     4      1.2371962922E-01   9.6796895685E-13   1.4182885561E-03
     5      1.1164572913E-09   3.2879285508E-17   1.5574159266E-11
     6      9.5227178276E-03   3.3613418596E-02  -3.4983692855E-02
     7      3.3930150152E-02  -2.5151484954E-02   2.5061517714E-02
     8     -2.2228890406E-10  -3.0092119177E-10   3.0201692492E-10
     9     -9.5227178274E-03   3.3613418644E-02   3.4983692810E-02
    10      3.3930150152E-02   2.5151484988E-02   2.5061517679E-02
    11     -2.2228928078E-10   3.0091839920E-10   3.0201421642E-10
    12     -1.3384894715E-01  -5.4750386899E-01   5.4656349554E-01
    13     -1.5554801999E-01   4.1028369443E-01  -4.0985182251E-01
    14      1.9137175889E-09   4.8817198757E-09  -4.8622574231E-09
    15      1.3384894715E-01  -5.4750386974E-01  -5.4656349480E-01
    16     -1.5554801999E-01  -4.1028369498E-01  -4.0985182195E-01
    17      1.9137163461E-09  -4.8816745604E-09  -4.8622123392E-09

#
# The atoms: label  mass x y z (in bohrs)
#
$atoms
6
 C     12.00000     -0.000000000001    -0.185401136558     0.000000015828
 O     15.99491     -0.000000000009    -2.465929103769    -0.000000004074
 O     15.99491      2.048240045049     1.292748779727    -0.000000002925
 O     15.99491     -2.048240045040     1.292748779741    -0.000000002925
 H      1.00783      3.479974392338     0.154950705027    -0.000000015479
 H      1.00783     -3.479974392337     0.154950705050    -0.000000015479

$actual_temperature
  0.000000

$frequency_scale_factor
  1.000000

$dipole_derivatives
18
    2.2973045699E+00    1.9398788228E-13    4.2255695524E-15
   -7.8020553376E-14    2.3412885210E+00   -4.5806750397E-09
    2.5306689056E-15   -3.3537946352E-09    7.2194377642E-01
   -8.1460419769E-01   -2.3230305227E-12    1.5993180026E-15
   -2.0409142884E-12   -1.4331943325E+00    3.1692454662E-09
   -2.6500634543E-16   -7.9967336117E-09   -5.3151365632E-01
   -1.1802018743E+00   -4.1200477646E-01    1.0661575405E-09
   -3.5649786482E-01   -7.2759686529E-01    7.0400071978E-10
    6.0881390238E-09    5.4119088785E-09   -4.7871269829E-01
   -1.1802018743E+00    4.1200477647E-01   -1.0661585486E-09
    3.5649786482E-01   -7.2759686529E-01    7.0399122821E-10
   -6.0881435175E-09    5.4119066601E-09   -4.7871269829E-01
    4.3885168821E-01   -3.2275663228E-03   -5.6429167759E-10
    1.0035945996E-02    2.7354977105E-01    1.7157584569E-12
    5.4576470205E-10    2.6335369732E-10    3.8349763825E-01
    4.3885168821E-01    3.2275663217E-03    5.6428686081E-10
   -1.0035945997E-02    2.7354977105E-01    1.7218686813E-12
   -5.4576247247E-10    2.6335738644E-10    3.8349763825E-01

#
# The IR spectrum
#  wavenumber T**2 TX TY TZ
#
$ir_spectrum
18
      0.00   0.00000000     0.000000     0.000000     0.000000
      0.00   0.00000000     0.000000     0.000000     0.000000
      0.00   0.00000000     0.000000     0.000000     0.000000
      0.00   0.00000000     0.000000     0.000000     0.000000
      0.00   0.00000000     0.000000     0.000000     0.000000
      0.00   0.00000000     0.000000     0.000000     0.000000
    634.92   0.00048097     0.000000     0.021931     0.000000
    670.78   0.00366369     0.060528    -0.000000    -0.000000
    798.31   0.00000000     0.000000    -0.000000     0.000000
    800.31   0.01121295    -0.000000    -0.000000    -0.105891
    961.73   0.01455440    -0.000000    -0.000000    -0.120642
   1022.35   0.00113968    -0.000000    -0.033759     0.000000
   1336.38   0.02918328    -0.170831     0.000000    -0.000000
   1466.18   0.00035682     0.000000    -0.018890     0.000000
   1593.56   0.00331517    -0.057578     0.000000     0.000000
   1901.60   0.02316768    -0.000000    -0.152209     0.000000
   3887.33   0.00429435    -0.065531    -0.000000     0.000000
   3890.09   0.00086994     0.000000    -0.029495    -0.000000


$end

