
$orca_hessian_file

$act_atom
  0

$act_coord
  0

$act_energy
        0.000000

$multiplicity
  1

$hessian
18
                    0                  1                  2                  3                  4        
    0      7.9362273165E-01   4.3759093356E-03  -6.5436223779E-11  -1.6539946986E-01  -6.0368514811E-04
    1      4.3759093356E-03   1.1042053234E+00   3.6896433490E-09  -6.6559557644E-04  -7.2971345987E-01
    2     -6.5436223779E-11   3.6896433490E-09   3.1261069607E-01  -6.7827998917E-12  -4.2868332894E-09
    3     -1.6539946986E-01  -6.6559557644E-04  -6.7827998917E-12   1.4464646149E-01   5.9065842954E-04
    4     -6.0368514811E-04  -7.2971345987E-01  -4.2868332894E-09   5.9065842954E-04   8.8343484933E-01
    5     -7.9914023053E-12  -5.1766328881E-09  -1.2688290220E-01   6.9305265782E-12   4.9147617392E-09
    6     -2.6702303187E-01  -9.2919151118E-02   8.1554315784E-10   1.3864381545E-03  -5.4681953131E-02
    7     -6.5839493402E-02  -2.1845148421E-01   3.4071684896E-12  -6.7659470727E-02  -7.0239447886E-02
    8      1.5296242435E-09   1.1715273998E-09  -9.6734106131E-02  -9.0063614386E-11  -3.5316344425E-10
    9     -2.6272699600E-01   8.8969487896E-02  -7.7540031515E-10   1.3426356106E-03   5.4675944168E-02
   10      6.1933197017E-02  -2.1585931350E-01  -7.7817589252E-11   6.7838310205E-02  -7.0567446926E-02
   11     -1.4707945089E-09   1.1060965359E-09  -9.6819530963E-02   9.1425765209E-11  -3.4942579417E-10
   12     -4.9882547144E-02   2.8459504649E-02   3.7771120513E-10   9.0383601057E-03   5.7939592312E-03
   13     -2.5989126672E-02   2.9997314738E-02   3.1619092680E-10   1.8316789588E-03  -6.5281158013E-03
   14      6.2116145586E-10  -3.9544210595E-10   4.2042388739E-03  -1.1514717786E-10   3.4315886304E-11
   15     -4.8590686784E-02  -2.8220155186E-02  -3.4563512235E-10   8.9855744959E-03  -5.7749235497E-03
   16      2.6123198870E-02   2.9821619426E-02   3.5540937598E-10  -1.9355812895E-03  -6.3863788471E-03
   17     -6.0656346616E-10  -3.9519223220E-10   3.6216043471E-03   1.1363729692E-10   4.0344765537E-11
                    5                  6                  7                  8                  9        
    0     -7.9914023053E-12  -2.6702303187E-01  -6.5839493402E-02   1.5296242435E-09  -2.6272699600E-01
    1     -5.1766328881E-09  -9.2919151118E-02  -2.1845148421E-01   1.1715273998E-09   8.8969487896E-02
    2     -1.2688290220E-01   8.1554315784E-10   3.4071684896E-12  -9.6734106131E-02  -7.7540031515E-10
    3      6.9305265782E-12   1.3864381545E-03  -6.7659470727E-02  -9.0063614386E-11   1.3426356106E-03
    4      4.9147617392E-09  -5.4681953131E-02  -7.0239447886E-02  -3.5316344425E-10   5.4675944168E-02
    5      6.7506325683E-02   1.1798751161E-10   2.2265579964E-10   3.4664115524E-02  -1.1367197834E-10
    6      1.1798751161E-10   6.9334620425E-01  -9.2675823854E-02  -3.9707277119E-09  -9.4443328069E-02
    7      2.2265579964E-10  -9.2675823854E-02   5.2761745243E-01   9.7970449425E-10   2.4477212191E-02
    8      3.4664115524E-02  -3.9707277119E-09   9.7970449425E-10   7.0539354689E-02  -1.7653933530E-10
    9     -1.1367197834E-10  -9.4443328069E-02   2.4477212191E-02  -1.7653933530E-10   6.9282124632E-01
   10      2.1912716145E-10  -2.4366389002E-02   2.6828694417E-02   2.0337092790E-10   9.6752285014E-02
   11      3.4652103699E-02   1.8219611891E-10   1.8219296447E-10   1.6058762392E-02   4.1302846518E-09
   12     -6.4675104390E-11  -3.3088796321E-01   1.9566715820E-01   2.7428955838E-09  -2.4343914600E-03
   13     -8.9747539779E-11   2.5755323253E-01  -2.6264011864E-01  -1.9542093229E-09  -7.0767424911E-03
   14     -5.0125552884E-03   2.7337597348E-09  -1.4521462477E-09  -2.7673187721E-02  -1.1529378832E-10
   15      6.1420450275E-11  -2.3783192603E-03   6.0304175933E-03  -3.5189218556E-11  -3.3455916640E-01
   16     -9.0164135510E-11   7.0900845729E-03  -3.1150961155E-03  -4.7230030541E-11  -2.5779818678E-01
   17     -4.9270874164E-03   1.2124124157E-10   6.4185796498E-11   3.1450612466E-03  -2.9493793238E-09
                   10                 11                 12                 13                 14        
    0      6.1933197017E-02  -1.4707945089E-09  -4.9882547144E-02  -2.5989126672E-02   6.2116145586E-10
    1     -2.1585931350E-01   1.1060965359E-09   2.8459504649E-02   2.9997314738E-02  -3.9544210595E-10
    2     -7.7817589252E-11  -9.6819530963E-02   3.7771120513E-10   3.1619092680E-10   4.2042388739E-03
    3      6.7838310205E-02   9.1425765209E-11   9.0383601057E-03   1.8316789588E-03  -1.1514717786E-10
    4     -7.0567446926E-02  -3.4942579417E-10   5.7939592312E-03  -6.5281158013E-03   3.4315886304E-11
    5      2.1912716145E-10   3.4652103699E-02  -6.4675104390E-11  -8.9747539779E-11  -5.0125552884E-03
    6     -2.4366389002E-02   1.8219611891E-10  -3.3088796321E-01   2.5755323253E-01   2.7337597348E-09
    7      2.6828694417E-02   1.8219296447E-10   1.9566715820E-01  -2.6264011864E-01  -1.4521462477E-09
    8      2.0337092790E-10   1.6058762392E-02   2.7428955838E-09  -1.9542093229E-09  -2.7673187721E-02
    9      9.6752285014E-02   4.1302846518E-09  -2.4343914600E-03  -7.0767424911E-03  -1.1529378832E-10
   10      5.2313049269E-01   1.1872666875E-09  -6.0490075573E-03  -3.1038077384E-03   5.6693933282E-11
   11      1.1872666875E-09   7.0074156888E-02   4.2390779288E-11  -2.7871587698E-11   3.1066171065E-03
   12     -6.0490075573E-03   4.2390779288E-11   3.7557857394E-01  -2.2510187666E-01  -3.1121143293E-09
   13     -3.1038077384E-03  -2.7871587698E-11  -2.2510187666E-01   2.4129235604E-01   1.7732634577E-09
   14      5.6693933282E-11   3.1066171065E-03  -3.1121143293E-09   1.7732634577E-09   2.3520326987E-02
   15     -1.9610839568E-01  -2.9755027173E-09  -1.4120322335E-03  -1.2171656663E-03  -1.2365857188E-11
   16     -2.6042861894E-01  -2.0982589006E-09   1.2302621409E-03   9.8237140013E-04  -1.6684954298E-11
   17     -1.5886410263E-09  -2.7072109122E-02   1.3791827390E-11  -1.7625903505E-11   1.8545600420E-03
                   15                 16                 17        
     0     -4.8590686784E-02   2.6123198870E-02  -6.0656346616E-10
     1     -2.8220155186E-02   2.9821619426E-02  -3.9519223220E-10
     2     -3.4563512235E-10   3.5540937598E-10   3.6216043471E-03
     3      8.9855744959E-03  -1.9355812895E-03   1.1363729692E-10
     4     -5.7749235497E-03  -6.3863788471E-03   4.0344765537E-11
     5      6.1420450275E-11  -9.0164135510E-11  -4.9270874164E-03
     6     -2.3783192603E-03   7.0900845729E-03   1.2124124157E-10
     7      6.0304175933E-03  -3.1150961155E-03   6.4185796498E-11
     8     -3.5189218556E-11  -4.7230030541E-11   3.1450612466E-03
     9     -3.3455916640E-01  -2.5779818678E-01  -2.9493793238E-09
    10     -1.9610839568E-01  -2.6042861894E-01  -1.5886410263E-09
    11     -2.9755027173E-09  -2.0982589006E-09  -2.7072109122E-02
    12     -1.4120322335E-03   1.2302621409E-03   1.3791827390E-11
    13     -1.2171656663E-03   9.8237140013E-04  -1.7625903505E-11
    14     -1.2365857188E-11  -1.6684954298E-11   1.8545600420E-03
    15      3.7795463019E-01   2.2529022248E-01   3.3072724446E-09
    16      2.2529022248E-01   2.3912610308E-01   1.8969286225E-09
    17      3.3072724446E-09   1.8969286225E-09   2.3377970903E-02

$vibrational_frequencies
18
    0        0.0000000000000000
    1        0.0000000000000000
    2        0.0000000000000000
    3        0.0000000000000000
    4        0.0000000000000000
    5        0.0000000000000000
    6      633.8795308384389955
    7      671.5801498258233551
    8      798.3607792244469010
    9      800.2432901999046635
   10      961.8274192802535936
   11     1021.6216008029310842
   12     1336.5768753724289581
   13     1466.6249504852171412
   14     1594.1197284478369056
   15     1902.5958267861376498
   16     3885.6741892750637817
   17     3890.2853360203980628

$normal_modes
18 18
                    0                  1                  2                  3                  4        
    0      0.0000000000E+00   0.0000000000E+00   0.0000000000E+00   0.0000000000E+00   0.0000000000E+00
    1      0.0000000000E+00   0.0000000000E+00   0.0000000000E+00   0.0000000000E+00   0.0000000000E+00
    2      0.0000000000E+00   0.0000000000E+00   0.0000000000E+00   0.0000000000E+00   0.0000000000E+00
    3      0.0000000000E+00   0.0000000000E+00   0.0000000000E+00   0.0000000000E+00   0.0000000000E+00
    4      0.0000000000E+00   0.0000000000E+00   0.0000000000E+00   0.0000000000E+00   0.0000000000E+00
    5      0.0000000000E+00   0.0000000000E+00   0.0000000000E+00   0.0000000000E+00   0.0000000000E+00
    6      0.0000000000E+00   0.0000000000E+00   0.0000000000E+00   0.0000000000E+00   0.0000000000E+00
    7      0.0000000000E+00   0.0000000000E+00   0.0000000000E+00   0.0000000000E+00   0.0000000000E+00
    8      0.0000000000E+00   0.0000000000E+00   0.0000000000E+00   0.0000000000E+00   0.0000000000E+00
    9      0.0000000000E+00   0.0000000000E+00   0.0000000000E+00   0.0000000000E+00   0.0000000000E+00
   10      0.0000000000E+00   0.0000000000E+00   0.0000000000E+00   0.0000000000E+00   0.0000000000E+00
   11      0.0000000000E+00   0.0000000000E+00   0.0000000000E+00   0.0000000000E+00   0.0000000000E+00
   12      0.0000000000E+00   0.0000000000E+00   0.0000000000E+00   0.0000000000E+00   0.0000000000E+00
   13      0.0000000000E+00   0.0000000000E+00   0.0000000000E+00   0.0000000000E+00   0.0000000000E+00
   14      0.0000000000E+00   0.0000000000E+00   0.0000000000E+00   0.0000000000E+00   0.0000000000E+00
   15      0.0000000000E+00   0.0000000000E+00   0.0000000000E+00   0.0000000000E+00   0.0000000000E+00
   16      0.0000000000E+00   0.0000000000E+00   0.0000000000E+00   0.0000000000E+00   0.0000000000E+00
   17      0.0000000000E+00   0.0000000000E+00   0.0000000000E+00   0.0000000000E+00   0.0000000000E+00
                    5                  6                  7                  8                  9        
    0      0.0000000000E+00   2.5824374973E-04   6.1643869816E-02   2.5928311663E-10  -8.0606118413E-11
    1      0.0000000000E+00  -8.8804912746E-02   4.9190101258E-04   2.1287056751E-10   5.3484781756E-10
    2      0.0000000000E+00  -6.5134665299E-10   1.7194756092E-11  -3.7734767125E-02  -1.2067747370E-01
    3      0.0000000000E+00  -4.8181945032E-04  -1.6063347190E-01  -2.6948404340E-10   3.4592224515E-11
    4      0.0000000000E+00  -1.0199623228E-01   6.6540141011E-04  -6.3535566857E-11  -3.7900072672E-10
    5      0.0000000000E+00   4.9502990779E-10   9.3750181933E-13   3.2728751911E-03   1.2642504401E-02
    6      0.0000000000E+00  -1.2061772405E-01   4.8885728448E-02   9.0907372743E-10   1.1054382986E-09
    7      0.0000000000E+00   6.9305736708E-02   1.0322455294E-01   4.4703734583E-10  -2.1341866178E-10
    8      0.0000000000E+00  -1.4226808543E-10   1.0642681992E-10   6.5053056555E-02  -2.0890856777E-02
    9      0.0000000000E+00   1.2082070780E-01   4.8981891398E-02   1.5745004406E-12  -1.3527196433E-09
   10      0.0000000000E+00   6.8501626407E-02  -1.0405480657E-01  -5.7135136761E-10   4.8931281148E-11
   11      0.0000000000E+00  -2.0100839163E-10  -9.0682451726E-11  -6.6172396652E-02   2.3535292721E-02
   12      0.0000000000E+00   1.4223387067E-02   1.3051660218E-01  -3.9639759207E-09   9.4908037699E-09
   13      0.0000000000E+00   2.4464674231E-01   2.0591937869E-01  -7.1460313594E-10   1.5412901916E-09
   14      0.0000000000E+00   2.4115702101E-09   7.6702931226E-10  -4.0574496760E-01   8.0622897612E-01
   15      0.0000000000E+00  -1.2872926191E-02   1.3164002057E-01  -9.2990045203E-09  -5.1555097393E-09
   16      0.0000000000E+00   2.4438950608E-01  -2.0916003537E-01   1.1612991129E-09   7.1591894233E-10
   17      0.0000000000E+00   2.9354657643E-09  -1.2365176995E-09   8.2086821038E-01   3.8804219222E-01
                   10                 11                 12                 13                 14        
    0     -4.2711284940E-11   2.8556935670E-03   1.5005599396E-01  -6.0709666507E-03   2.0179858042E-01
    1      1.4419606937E-09  -6.9103900086E-02  -2.3163880073E-04   4.4913441572E-02   6.6937132649E-04
    2      2.2581915633E-01   8.9425821910E-09  -9.1867237858E-11   1.7123597381E-10  -1.7536892060E-11
    3      9.4985048885E-12  -8.0121942185E-04  -1.1831691593E-02   8.2018953877E-04  -2.9243035251E-02
    4      4.5274996773E-09  -1.0784365131E-01   6.8431662700E-04  -9.5021345809E-02  -9.4669975547E-04
    5     -7.7387963242E-02  -2.5280306314E-09   2.0619856898E-11  -6.4423070338E-10  -7.1466826085E-12
    6     -4.4691377637E-09   1.2325779793E-01  -6.8180621205E-02   2.4106362378E-03  -4.2318684758E-02
    7     -2.5326398960E-09   7.1006372538E-02  -7.6635044379E-02   5.9714928841E-02   2.0791352910E-02
    8     -6.4919163549E-02  -2.4062776658E-09   7.9948445824E-10  -8.7924160475E-11   3.1427882106E-10
    9      4.4838481285E-09  -1.2473716653E-01  -6.5796034306E-02   9.8738929227E-04  -4.1079905546E-02
   10     -2.5106475762E-09   7.1460243463E-02   7.7128447349E-02   5.9098063216E-02  -1.8962925576E-02
   11     -6.2796203271E-02  -2.3576768406E-09  -7.6483943088E-10  -6.4580157825E-11  -3.0985961355E-10
   12     -3.0590577513E-09   1.8027531379E-01   2.5809154624E-01  -3.8208983796E-01  -3.1811983128E-01
   13     -4.3981039302E-09   1.3854974446E-01   3.4737717719E-01  -4.5183002107E-01  -3.5476141560E-01
   14      2.9213834008E-01   4.9015408485E-09  -3.3134855514E-09   5.2034408518E-09   4.8795718133E-09
   15      3.1834010132E-09  -1.7808298102E-01   2.6930171967E-01   3.8742966359E-01  -2.9695695473E-01
   16     -4.5851477878E-09   1.3476698032E-01  -3.6331035834E-01  -4.6053732431E-01   3.3279766937E-01
   17      2.7421033983E-01   4.3497607137E-09   3.5302391608E-09   5.4024449251E-09  -4.6274761167E-09
                   15                 16                 17        
     0     -1.5735529225E-03   2.7015010026E-03  -1.2152059531E-03
     1     -2.2918276860E-01  -4.1746644936E-05  -1.1465470219E-04
     2     -1.2221872790E-09  -1.5232079729E-12   7.5987560769E-12
     3      2.6692260753E-04  -3.9619895252E-04   1.9909618076E-04
     4      1.2379238648E-01  -6.4053882641E-04  -1.2757387308E-03
     5      1.1187038811E-09   5.9140522265E-13  -1.2426136571E-11
     6      1.0028259066E-02   4.5394503685E-02   1.6430761650E-02
     7      3.4264940680E-02  -3.3863070398E-02  -1.1428702147E-02
     8     -2.2483591372E-10  -3.7999741070E-10  -1.2898266116E-10
     9     -8.9898484334E-03   1.4687548712E-02  -4.6273794368E-02
    10      3.3445130223E-02   1.1472900650E-02  -3.3622785733E-02
    11     -2.1702488742E-10   1.3100491848E-10  -4.1333976156E-10
    12     -1.3540633543E-01  -7.3010229827E-01  -2.4721371854E-01
    13     -1.5574727727E-01   5.5282376802E-01   1.8741019665E-01
    14      1.9004341713E-09   6.2317612447E-09   2.1044436358E-09
    15      1.3342577473E-01  -2.4932181832E-01   7.3215375248E-01
    16     -1.5469572827E-01  -1.8681263988E-01   5.4920168228E-01
    17      1.9099495342E-09  -2.2713191339E-09   6.6093413775E-09

#
# The atoms: label  mass x y z (in bohrs)
#
$atoms
6
 C     12.00000      0.002771330520    -0.183465967679     0.000000015844
 O     15.99491     -0.000422479569    -2.463706465014    -0.000000004073
 O     15.99491      2.050308581057     1.291503799967    -0.000000002926
 O     15.99491     -2.051432678454     1.290990761940    -0.000000002929
 H      1.00783      3.475452822876     0.144866656003    -0.000000015485
 H      1.00783     -3.483905281818     0.154377890291    -0.000000015606

$actual_temperature
  0.000000

$frequency_scale_factor
  1.000000

$dipole_derivatives
18
    2.2984791456E+00    6.3086241513E-04   -3.0281164826E-10
   -3.9810451307E-04    2.3389994786E+00   -4.5985515689E-09
    2.6225403722E-10   -3.2384673496E-09    7.2200368710E-01
   -8.1512685600E-01   -1.9622702407E-04   -2.0282280953E-11
    1.1403911721E-03   -1.4329069867E+00    3.1835091812E-09
    1.8784129801E-11   -8.0091746200E-09   -5.3176125091E-01
   -1.1801771997E+00   -4.1140165956E-01    9.9333385350E-10
   -3.5468464751E-01   -7.2727335745E-01    9.4612846160E-10
    6.2435151456E-09    5.2848753820E-09   -4.7693741573E-01
   -1.1819315008E+00    4.1209867086E-01   -9.1102962135E-10
    3.5398583790E-01   -7.2614884148E-01    6.0240782133E-10
   -6.2329557329E-09    5.3395736147E-09   -4.8026836585E-01
    4.3934266782E-01   -4.4111883395E-03   -3.6773872339E-10
    9.3094409288E-03    2.7390856745E-01   -1.2842249685E-10
    2.7047286155E-10    3.9322431441E-10    3.8315173516E-01
    4.3941374310E-01    3.2795416483E-03    6.0852842040E-10
   -9.3529179762E-03    2.7342113966E-01   -5.0714000042E-12
   -5.6206896102E-10    2.2996825915E-10    3.8381161024E-01

#
# The IR spectrum
#  wavenumber T**2 TX TY TZ
#
$ir_spectrum
18
      0.00   0.00000000     0.000000     0.000000     0.000000
      0.00   0.00000000     0.000000     0.000000     0.000000
      0.00   0.00000000     0.000000     0.000000     0.000000
      0.00   0.00000000     0.000000     0.000000     0.000000
      0.00   0.00000000     0.000000     0.000000     0.000000
      0.00   0.00000000     0.000000     0.000000     0.000000
    633.88   0.00048460     0.000217     0.022013     0.000000
    671.58   0.00368122     0.060673    -0.000030    -0.000000
    798.36   0.00130125    -0.000000     0.000000     0.036073
    800.24   0.00989351     0.000000     0.000000     0.099466
    961.83   0.01457072    -0.000000     0.000000     0.120709
   1021.62   0.00114998     0.002470    -0.033821     0.000000
   1336.58   0.02923326     0.170974    -0.001105    -0.000000
   1466.62   0.00036204    -0.003352    -0.018730     0.000000
   1594.12   0.00329599     0.057407    -0.000693     0.000000
   1902.60   0.02309900    -0.001065    -0.151980     0.000000
   3885.67   0.00362616    -0.058719     0.013349     0.000000
   3890.29   0.00155384     0.029135     0.026552     0.000000


$end

