
$orca_hessian_file

$act_atom
  0

$act_coord
  0

$act_energy
        0.000000

$multiplicity
  1

$hessian
18
                    0                  1                  2                  3                  4        
    0      7.9828051932E-01   9.7208352479E-13  -3.6830587976E-15  -1.6628850328E-01  -1.9560544468E-12
    1      9.7208352479E-13   1.0928166651E+00   3.5451198954E-09  -1.9707582945E-12  -7.1624372196E-01
    2     -3.6830587976E-15   3.5451198954E-09   3.1338931551E-01   4.5770309207E-16  -4.1488660690E-09
    3     -1.6628850328E-01  -1.9707582945E-12   4.5770309207E-16   1.4555155887E-01   2.5417315822E-12
    4     -1.9560544468E-12  -7.1624372196E-01  -4.1488660690E-09   2.5417315822E-12   8.6962089105E-01
    5      7.7298034231E-16  -5.0555161524E-09  -1.2803784607E-01   5.3543355439E-16   4.7850698349E-09
    6     -2.6691948165E-01  -9.2232375993E-02   8.1643881738E-10   1.3817233605E-03  -5.4667824822E-02
    7     -6.5278637268E-02  -2.1822299227E-01  -3.9834767211E-11  -6.7657581321E-02  -7.0242336623E-02
    8      1.5040309590E-09   1.1549240356E-09  -9.6450568717E-02  -8.9654064708E-11  -3.6118914611E-10
    9     -2.6691948165E-01   9.2232375993E-02  -8.1643844156E-10   1.3817233613E-03   5.4667824821E-02
   10      6.5278637268E-02  -2.1822299227E-01  -3.9831895912E-11   6.7657581321E-02  -7.0242336624E-02
   11     -1.5040275646E-09   1.1549237589E-09  -9.6450568718E-02   8.9653765229E-11  -3.6118857890E-10
   12     -4.9076526370E-02   2.8284040860E-02   3.5397338705E-10   8.9867488420E-03   5.8015316906E-03
   13     -2.6086935989E-02   2.9936520713E-02   3.4170745883E-10   1.9238985795E-03  -6.4462479209E-03
   14      6.1189541926E-10  -3.9972609458E-10   3.7748339991E-03  -1.1503741100E-10   4.3086772555E-11
   15     -4.9076526370E-02  -2.8284040859E-02  -3.5397053740E-10   8.9867488419E-03  -5.8015316907E-03
   16      2.6086935989E-02   2.9936520713E-02   3.4170520880E-10  -1.9238985796E-03  -6.4462479208E-03
   17     -6.1189590362E-10  -3.9972527377E-10   3.7748339991E-03   1.1503671735E-10   4.3086774968E-11
                    5                  6                  7                  8                  9        
    0      7.7298034231E-16  -2.6691948165E-01  -6.5278637268E-02   1.5040309590E-09  -2.6691948165E-01
    1     -5.0555161524E-09  -9.2232375993E-02  -2.1822299227E-01   1.1549240356E-09   9.2232375993E-02
    2     -1.2803784607E-01   8.1643881738E-10  -3.9834767211E-11  -9.6450568717E-02  -8.1643844156E-10
    3      5.3543355439E-16   1.3817233605E-03  -6.7657581321E-02  -8.9654064708E-11   1.3817233613E-03
    4      4.7850698349E-09  -5.4667824822E-02  -7.0242336623E-02  -3.6118914611E-10   5.4667824821E-02
    5      6.8721591323E-02   1.1808421973E-10   2.2578294253E-10   3.4629905328E-02  -1.1808505925E-10
    6      1.1808421973E-10   6.9589745504E-01  -9.3435818226E-02  -4.1252216831E-09  -9.4510866955E-02
    7      2.2578294253E-10  -9.3435818226E-02   5.2555593306E-01   1.1268032192E-09   2.4410217830E-02
    8      3.4629905328E-02  -4.1252216831E-09   1.1268032192E-09   6.9967892998E-02  -1.7637586049E-10
    9     -1.1808505925E-10  -9.4510866955E-02   2.4410217830E-02  -1.7637586049E-10   6.9589745504E-01
   10      2.2578396540E-10  -2.4410217829E-02   2.6963790169E-02   1.9008143313E-10   9.3435818225E-02
   11      3.4629905329E-02   1.7637674756E-10   1.9008166829E-10   1.5975395785E-02   4.1251919037E-09
   12     -6.3002492674E-11  -3.3350552497E-01   1.9593332216E-01   2.9224119686E-09  -2.3433048298E-03
   13     -9.0560175670E-11   2.5766851054E-01  -2.6093055841E-01  -2.0730402644E-09  -7.0777263316E-03
   14     -4.9717779546E-03   2.8968116464E-09  -1.5651026520E-09  -2.7263934248E-02  -1.1751105385E-10
   15      6.3002023769E-11  -2.3433048297E-03   6.0284968255E-03  -3.5191574696E-11  -3.3350552497E-01
   16     -9.0560003092E-11   7.0777263316E-03  -3.1238359343E-03  -3.7579388339E-11  -2.5766851054E-01
   17     -4.9717779546E-03   1.1751050749E-10   6.2269700174E-11   3.1413088534E-03  -2.8967817439E-09
                   10                 11                 12                 13                 14        
    0      6.5278637268E-02  -1.5040275646E-09  -4.9076526370E-02  -2.6086935989E-02   6.1189541926E-10
    1     -2.1822299227E-01   1.1549237589E-09   2.8284040860E-02   2.9936520713E-02  -3.9972609458E-10
    2     -3.9831895912E-11  -9.6450568718E-02   3.5397338705E-10   3.4170745883E-10   3.7748339991E-03
    3      6.7657581321E-02   8.9653765229E-11   8.9867488420E-03   1.9238985795E-03  -1.1503741100E-10
    4     -7.0242336624E-02  -3.6118857890E-10   5.8015316906E-03  -6.4462479209E-03   4.3086772555E-11
    5      2.2578396540E-10   3.4629905329E-02  -6.3002492674E-11  -9.0560175670E-11  -4.9717779546E-03
    6     -2.4410217829E-02   1.7637674756E-10  -3.3350552497E-01   2.5766851054E-01   2.8968116464E-09
    7      2.6963790169E-02   1.9008166829E-10   1.9593332216E-01  -2.6093055841E-01  -1.5651026520E-09
    8      1.9008143313E-10   1.5975395785E-02   2.9224119686E-09  -2.0730402644E-09  -2.7263934248E-02
    9      9.3435818225E-02   4.1251919037E-09  -2.3433048298E-03  -7.0777263316E-03  -1.1751105385E-10
   10      5.2555593306E-01   1.1267786252E-09  -6.0284968255E-03  -3.1238359342E-03   6.2269277667E-11
   11      1.1267786252E-09   6.9967892999E-02   3.5191888203E-11  -3.7579572197E-11   3.1413088534E-03
   12     -6.0284968255E-03   3.5191888203E-11   3.7734013296E-01  -2.2520907234E-01  -3.2623666014E-09
   13     -3.1238359342E-03  -3.7579572197E-11  -2.2520907234E-01   2.3957994160E-01   1.8779263323E-09
   14      6.2269277667E-11   3.1413088534E-03  -3.2623666014E-09   1.8779263323E-09   2.3457407618E-02
   15     -1.9593332216E-01  -2.9223864847E-09  -1.4015256306E-03  -1.2186744558E-03  -1.3791973488E-11
   16     -2.6093055840E-01  -2.0730160121E-09   1.2186744558E-03   9.8417995042E-04  -1.8453646265E-11
   17     -1.5650812946E-09  -2.7263934248E-02   1.3791824310E-11  -1.8453768537E-11   1.8621617319E-03
                   15                 16                 17        
     0     -4.9076526370E-02   2.6086935989E-02  -6.1189590362E-10
     1     -2.8284040859E-02   2.9936520713E-02  -3.9972527377E-10
     2     -3.5397053740E-10   3.4170520880E-10   3.7748339991E-03
     3      8.9867488419E-03  -1.9238985796E-03   1.1503671735E-10
     4     -5.8015316907E-03  -6.4462479208E-03   4.3086774968E-11
     5      6.3002023769E-11  -9.0560003092E-11  -4.9717779546E-03
     6     -2.3433048297E-03   7.0777263316E-03   1.1751050749E-10
     7      6.0284968255E-03  -3.1238359343E-03   6.2269700174E-11
     8     -3.5191574696E-11  -3.7579388339E-11   3.1413088534E-03
     9     -3.3350552497E-01  -2.5766851054E-01  -2.8967817439E-09
    10     -1.9593332216E-01  -2.6093055840E-01  -1.5650812946E-09
    11     -2.9223864847E-09  -2.0730160121E-09  -2.7263934248E-02
    12     -1.4015256306E-03   1.2186744558E-03   1.3791824310E-11
    13     -1.2186744558E-03   9.8417995042E-04  -1.8453768537E-11
    14     -1.3791973488E-11  -1.8453646265E-11   1.8621617319E-03
    15      3.7734013296E-01   2.2520907234E-01   3.2623385724E-09
    16      2.2520907234E-01   2.3957994159E-01   1.8779038514E-09
    17      3.2623385724E-09   1.8779038514E-09   2.3457407618E-02

$vibrational_frequencies
18
    0        0.0000000000000000
    1        0.0000000000000000
    2        0.0000000000000000
    3        0.0000000000000000
    4        0.0000000000000000
    5        0.0000000000000000
    6      633.6788046576757552
    7      672.2397252203739981
    8      798.2763106194109923
    9      801.2427758357003995
   10      962.1342262381845103
   11     1023.5103618978046143
   12     1338.7824088771299103
   13     1462.6124624640249294
   14     1595.1236501897114977
   15     1891.8439945584382258
   16     3887.1527555029815630
   17     3890.0032363504187742

$normal_modes
18 18
                    0                  1                  2                  3                  4        
    0      0.0000000000E+00   0.0000000000E+00   0.0000000000E+00   0.0000000000E+00   0.0000000000E+00
    1      0.0000000000E+00   0.0000000000E+00   0.0000000000E+00   0.0000000000E+00   0.0000000000E+00
    2      0.0000000000E+00   0.0000000000E+00   0.0000000000E+00   0.0000000000E+00   0.0000000000E+00
    3      0.0000000000E+00   0.0000000000E+00   0.0000000000E+00   0.0000000000E+00   0.0000000000E+00
    4      0.0000000000E+00   0.0000000000E+00   0.0000000000E+00   0.0000000000E+00   0.0000000000E+00
    5      0.0000000000E+00   0.0000000000E+00   0.0000000000E+00   0.0000000000E+00   0.0000000000E+00
    6      0.0000000000E+00   0.0000000000E+00   0.0000000000E+00   0.0000000000E+00   0.0000000000E+00
    7      0.0000000000E+00   0.0000000000E+00   0.0000000000E+00   0.0000000000E+00   0.0000000000E+00
    8      0.0000000000E+00   0.0000000000E+00   0.0000000000E+00   0.0000000000E+00   0.0000000000E+00
    9      0.0000000000E+00   0.0000000000E+00   0.0000000000E+00   0.0000000000E+00   0.0000000000E+00
   10      0.0000000000E+00   0.0000000000E+00   0.0000000000E+00   0.0000000000E+00   0.0000000000E+00
   11      0.0000000000E+00   0.0000000000E+00   0.0000000000E+00   0.0000000000E+00   0.0000000000E+00
   12      0.0000000000E+00   0.0000000000E+00   0.0000000000E+00   0.0000000000E+00   0.0000000000E+00
   13      0.0000000000E+00   0.0000000000E+00   0.0000000000E+00   0.0000000000E+00   0.0000000000E+00
   14      0.0000000000E+00   0.0000000000E+00   0.0000000000E+00   0.0000000000E+00   0.0000000000E+00
   15      0.0000000000E+00   0.0000000000E+00   0.0000000000E+00   0.0000000000E+00   0.0000000000E+00
   16      0.0000000000E+00   0.0000000000E+00   0.0000000000E+00   0.0000000000E+00   0.0000000000E+00
   17      0.0000000000E+00   0.0000000000E+00   0.0000000000E+00   0.0000000000E+00   0.0000000000E+00
                    5                  6                  7                  8                  9        
    0      0.0000000000E+00  -2.2905130958E-14   6.1750906398E-02   2.7041931081E-10   2.0177617801E-15
    1      0.0000000000E+00  -8.8736835615E-02   1.0158549551E-13  -1.4152038304E-15   5.5881942627E-10
    2      0.0000000000E+00  -6.2242793237E-10   7.0745383148E-16   4.7965604653E-11  -1.2502819067E-01
    3      0.0000000000E+00  -1.0048000104E-12  -1.6059540182E-01  -2.5393565644E-10  -3.6680820700E-15
    4      0.0000000000E+00  -1.0222367324E-01   9.4618555835E-13  -3.7216703079E-16  -3.9447899904E-10
    5      0.0000000000E+00   4.8964178947E-10   4.8566454003E-16  -4.5513974394E-12   1.2517238149E-02
    6      0.0000000000E+00  -1.2055269466E-01   4.8863260399E-02   4.6740852668E-10   1.2852608955E-09
    7      0.0000000000E+00   6.8964707017E-02   1.0359676698E-01   5.0540038258E-10  -8.2377812672E-11
    8      0.0000000000E+00  -1.7390693323E-10   1.0481534505E-10   6.9310741228E-02   7.0171569083E-04
    9      0.0000000000E+00   1.2055269466E-01   4.8863260397E-02   4.6740082222E-10  -1.2852611619E-09
   10      0.0000000000E+00   6.8964707016E-02  -1.0359676698E-01  -5.0540171680E-10  -8.2383863369E-11
   11      0.0000000000E+00  -1.7390675672E-10  -1.0481425356E-10  -6.9310741228E-02   7.0171563647E-04
   12      0.0000000000E+00   1.3620123890E-02   1.3125865052E-01  -7.0129079661E-09   7.8439178140E-09
   13      0.0000000000E+00   2.4494914102E-01   2.0809886945E-01  -9.3635681218E-10   1.1108859028E-09
   14      0.0000000000E+00   2.5801110411E-09   9.5123212968E-10  -6.4797780176E-01   6.3387905985E-01
   15      0.0000000000E+00  -1.3620123887E-02   1.3125865052E-01  -7.0128880558E-09  -7.8438794204E-09
   16      0.0000000000E+00   2.4494914102E-01  -2.0809886945E-01   9.3640081875E-10   1.1109022983E-09
   17      0.0000000000E+00   2.5801167418E-09  -9.5126542539E-10   6.4797780126E-01   6.3387906036E-01
                   10                 11                 12                 13                 14        
    0     -2.1477443695E-15  -3.6704629456E-13  -1.4738626008E-01   1.0152557078E-12  -2.0384978272E-01
    1     -1.3832186252E-09  -6.8041298232E-02   5.7220782726E-13   4.7530735024E-02   8.7926661997E-13
    2     -2.2661932858E-01   8.8214190887E-09  -2.8769619839E-15   1.6328110362E-10   3.5139638591E-15
    3      1.8339555283E-15  -3.1184932072E-13   1.1260423687E-02  -4.5558912807E-13   2.9372412697E-02
    4     -4.4542806465E-09  -1.0827685281E-01  -2.8768160442E-13  -9.6314654953E-02  -2.8145313522E-13
    5      7.7280086549E-02  -2.4771319153E-09   7.6089279587E-18  -6.4833207163E-10  -5.6149065961E-16
    6      4.4027760249E-09   1.2412287074E-01   6.6482772732E-02   4.6914886363E-04   4.2647929358E-02
    7      2.4632318201E-09   7.1045571235E-02   7.7223677491E-02   5.9006464359E-02  -1.8951674975E-02
    8      6.3970547844E-02  -2.3416129378E-09  -7.7136742835E-10  -6.5492186709E-11  -3.2662373777E-10
    9     -4.4027759937E-09  -1.2412287074E-01   6.6482772731E-02  -4.6914886378E-04   4.2647929358E-02
   10      2.4632370153E-09   7.1045571236E-02  -7.7223677491E-02   5.9006464360E-02   1.8951674974E-02
   11      6.3970547845E-02  -2.3416105184E-09   7.7136989822E-10  -6.5495198873E-11   3.2662087178E-10
   12      3.0540688978E-09   1.7945200907E-01  -2.6703392172E-01  -3.8292163433E-01   3.0366787995E-01
   13      4.4879040364E-09   1.3674938301E-01  -3.6012123102E-01  -4.5515383486E-01   3.3926149024E-01
   14     -2.7934578279E-01   4.3024666631E-09   3.4167757422E-09   5.2120945855E-09  -4.6754235406E-09
   15     -3.0540730146E-09  -1.7945200906E-01  -2.6703392172E-01   3.8292163433E-01   3.0366787995E-01
   16      4.4878746035E-09   1.3674938301E-01   3.6012123102E-01  -4.5515383486E-01  -3.3926149025E-01
   17     -2.7934578279E-01   4.3024433812E-09  -3.4167807748E-09   5.2121106554E-09   4.6754360857E-09
                   15                 16                 17        
     0     -7.9659106929E-13   2.9260841805E-03  -1.9309118541E-12
     1     -2.2900080929E-01   7.7298734496E-14   1.3365239039E-04
     2     -1.1993837841E-09  -1.0944581366E-16  -8.1002263796E-12
     3      4.3664922771E-13  -4.4571354490E-04   2.9924950834E-13
     4      1.2222453336E-01   9.4789022771E-13   1.4268023025E-03
     5      1.1065325312E-09  -1.9823102475E-17   1.4333261436E-11
     6      9.9109264430E-03   3.3588645795E-02  -3.4957828139E-02
     7      3.4860851647E-02  -2.5196340170E-02   2.5106969973E-02
     8     -2.2719353243E-10  -3.0103632686E-10   3.0278964853E-10
     9     -9.9109264428E-03   3.3588645841E-02   3.4957828095E-02
    10      3.4860851647E-02   2.5196340203E-02   2.5106969940E-02
    11     -2.2719412668E-10   3.0103340658E-10   3.0278670235E-10
    12     -1.3775639514E-01  -5.4695947619E-01   5.4600689406E-01
    13     -1.5982633145E-01   4.1099843989E-01  -4.1058371513E-01
    14      1.9654223252E-09   4.8959453296E-09  -4.8710073187E-09
    15      1.3775639514E-01  -5.4695947692E-01  -5.4600689334E-01
    16     -1.5982633145E-01  -4.1099844043E-01  -4.1058371458E-01
    17      1.9654222049E-09  -4.8958973337E-09  -4.8709600516E-09

#
# The atoms: label  mass x y z (in bohrs)
#
$atoms
6
 C     12.00000     -0.000000000001    -0.180583263747     0.000000015859
 O     15.99491     -0.000000000009    -2.465263626214    -0.000000004085
 O     15.99491      2.050751084472     1.290821483834    -0.000000002926
 O     15.99491     -2.050751084462     1.290821483848    -0.000000002926
 H      1.00783      3.481369741177     0.151574690504    -0.000000015569
 H      1.00783     -3.481369741176     0.151574690527    -0.000000015569

$actual_temperature
  0.000000

$frequency_scale_factor
  1.000000

$dipole_derivatives
18
    2.2996545007E+00    1.5100856440E-13    3.0305409889E-15
   -7.1107049771E-14    2.3367113657E+00   -4.4523532193E-09
    2.4092128937E-15   -3.8488302594E-09    7.2135680789E-01
   -8.1507505802E-01   -2.2815041704E-12    1.1961491601E-15
   -2.0163317254E-12   -1.4303610963E+00    3.1368843001E-09
   -1.7404042472E-15   -7.9108383906E-09   -5.3334744626E-01
   -1.1833641579E+00   -4.1299528457E-01    1.0446750348E-09
   -3.5480511216E-01   -7.2744187828E-01    6.5453458526E-10
    6.1713608828E-09    5.5818402143E-09   -4.7791589731E-01
   -1.1833641579E+00    4.1299528458E-01   -1.0446731891E-09
    3.5480511216E-01   -7.2744187828E-01    6.5452772713E-10
   -6.1713651368E-09    5.5818350887E-09   -4.7791589731E-01
    4.4107443655E-01   -3.8284498885E-03   -5.9914310749E-10
    8.7416854877E-03    2.7426674356E-01    3.2008121223E-12
    5.0150940269E-10    2.9799397378E-10    3.8391121650E-01
    4.4107443655E-01    3.8284498874E-03    5.9913703517E-10
   -8.7416854889E-03    2.7426674356E-01    3.2057962091E-12
   -5.0150581931E-10    2.9799799042E-10    3.8391121650E-01

#
# The IR spectrum
#  wavenumber T**2 TX TY TZ
#
$ir_spectrum
18
      0.00   0.00000000     0.000000     0.000000     0.000000
      0.00   0.00000000     0.000000     0.000000     0.000000
      0.00   0.00000000     0.000000     0.000000     0.000000
      0.00   0.00000000     0.000000     0.000000     0.000000
      0.00   0.00000000     0.000000     0.000000     0.000000
      0.00   0.00000000     0.000000     0.000000     0.000000
    633.68   0.00049746     0.000000     0.022304     0.000000
    672.24   0.00369655     0.060799    -0.000000    -0.000000
    798.28   0.00000000    -0.000000     0.000000    -0.000000
    801.24   0.01137912     0.000000     0.000000     0.106673
    962.13   0.01443532    -0.000000    -0.000000    -0.120147
   1023.51   0.00109377    -0.000000    -0.033072     0.000000
   1338.78   0.02893102    -0.170091     0.000000    -0.000000
   1462.61   0.00029139     0.000000    -0.017070     0.000000
   1595.12   0.00354307    -0.059524     0.000000     0.000000
   1891.84   0.02328640    -0.000000    -0.152599     0.000000
   3887.15   0.00434758    -0.065936    -0.000000     0.000000
   3890.00   0.00088236     0.000000    -0.029704    -0.000000


$end

