
$orca_hessian_file

$act_atom
  0

$act_coord
  0

$act_energy
<<<<<<< HEAD
        0.000000
=======
       -1.132491
>>>>>>> 0c29d438a49df62ff2fa5bbfa969bdc702e9668e

$multiplicity
  1

$hessian
6
                    0                  1                  2                  3                  4        
<<<<<<< HEAD
    0      7.1777868686E-08   1.1384122811E-18   6.5004473104E-18  -7.1777868686E-08  -6.5052130349E-19
    1      1.1384122811E-18   7.1777868663E-08   1.8033903910E-17  -1.6263032587E-18  -7.1777868663E-08
    2      6.5004473104E-18   1.8033903910E-17   4.0251230148E-01  -6.5005899544E-18  -1.8034255900E-17
    3     -7.1777868686E-08  -1.6263032587E-18  -6.5005899544E-18   7.1777868686E-08   1.1384122811E-18
    4     -6.5052130349E-19  -7.1777868663E-08  -1.8034255900E-17   1.1384122811E-18   7.1777868663E-08
    5     -6.5003046663E-18  -1.8033551921E-17  -4.0251230148E-01   6.5004473104E-18   1.8033903910E-17
                    5        
     0     -6.5003046663E-18
     1     -1.8033551921E-17
     2     -4.0251230148E-01
     3      6.5004473104E-18
     4      1.8033903910E-17
     5      4.0251230148E-01
=======
    0      4.0251732689E-01   1.6220627574E-14  -4.8123909169E-15  -4.0251732689E-01  -3.9110031530E-14
    1      1.6220627574E-14   3.0894456642E-06  -3.7171966360E-11   6.6687763812E-15  -3.0894456642E-06
    2     -4.8123909169E-15  -3.7171966360E-11   3.0894456632E-06   1.3452548475E-14   2.5545116356E-11
    3     -4.0251732689E-01   6.6687763812E-15   1.3452548475E-14   4.0251732689E-01   1.6220627574E-14
    4     -3.9110031530E-14  -3.0894456642E-06   2.5545116356E-11   1.6220627574E-14   3.0894456642E-06
    5     -3.8277666411E-15   4.8798816363E-11  -3.0894456632E-06  -4.8123909169E-15  -3.7171966360E-11
                    5        
     0     -3.8277666411E-15
     1      4.8798816363E-11
     2     -3.0894456632E-06
     3     -4.8123909169E-15
     4     -3.7171966360E-11
     5      3.0894456632E-06
>>>>>>> 0c29d438a49df62ff2fa5bbfa969bdc702e9668e

$vibrational_frequencies
6
    0        0.0000000000000000
    1        0.0000000000000000
    2        0.0000000000000000
    3        0.0000000000000000
    4        0.0000000000000000
<<<<<<< HEAD
    5     4593.8685417847000281
=======
    5     4593.8139337400416480
>>>>>>> 0c29d438a49df62ff2fa5bbfa969bdc702e9668e

$normal_modes
6 6
                    0                  1                  2                  3                  4        
    0      0.0000000000E+00   0.0000000000E+00   0.0000000000E+00   0.0000000000E+00   0.0000000000E+00
    1      0.0000000000E+00   0.0000000000E+00   0.0000000000E+00   0.0000000000E+00   0.0000000000E+00
    2      0.0000000000E+00   0.0000000000E+00   0.0000000000E+00   0.0000000000E+00   0.0000000000E+00
    3      0.0000000000E+00   0.0000000000E+00   0.0000000000E+00   0.0000000000E+00   0.0000000000E+00
    4      0.0000000000E+00   0.0000000000E+00   0.0000000000E+00   0.0000000000E+00   0.0000000000E+00
    5      0.0000000000E+00   0.0000000000E+00   0.0000000000E+00   0.0000000000E+00   0.0000000000E+00
                    5        
<<<<<<< HEAD
     0      0.0000000000E+00
     1      0.0000000000E+00
     2     -7.0710678119E-01
     3      0.0000000000E+00
     4      0.0000000000E+00
     5      7.0710678119E-01
=======
     0     -7.0710678119E-01
     1      0.0000000000E+00
     2      0.0000000000E+00
     3      7.0710678119E-01
     4      0.0000000000E+00
     5      0.0000000000E+00
>>>>>>> 0c29d438a49df62ff2fa5bbfa969bdc702e9668e

#
# The atoms: label  mass x y z (in bohrs)
#
$atoms
2
<<<<<<< HEAD
 H      1.00800      0.000000000000     0.000000000000    -0.694929200340
 H      1.00800      0.000000000000     0.000000000000     0.694929200340
=======
 H      1.00800     -0.694929549604     0.000000000000     0.000000000000
 H      1.00800      0.694929549604     0.000000000000     0.000000000000
>>>>>>> 0c29d438a49df62ff2fa5bbfa969bdc702e9668e

$actual_temperature
  0.000000

$frequency_scale_factor
  1.000000

$dipole_derivatives
6
<<<<<<< HEAD
   -2.7200464103E-15   -3.9026121718E-18    2.1067741185E-18
    6.0582223881E-18   -2.4633073359E-15    7.4715363609E-18
   -7.7101363365E-17   -2.7389251373E-17   -6.8887459000E-15
   -6.9250161161E-15    6.7802331734E-18   -2.1108196578E-18
   -3.7513651525E-18   -6.8764438588E-15   -7.4720322843E-18
    7.7101363365E-17    2.7389251373E-17   -1.0233309165E-16
=======
    6.9562411387E-13   -1.4369906994E-14    5.9217426791E-15
    7.1404237928E-14   -1.6479873022E-15   -2.7033387187E-14
    3.4543780735E-15   -1.6627941301E-14    6.8521577301E-15
    3.3367406060E-13    2.4465128288E-14    1.5952639090E-14
   -2.2669819207E-13    4.0072112295E-14    3.5996127372E-14
   -2.1466803443E-14   -1.0808099403E-15    1.8474805019E-14
>>>>>>> 0c29d438a49df62ff2fa5bbfa969bdc702e9668e

#
# The IR spectrum
#  wavenumber eps Int TX TY TZ
#
$ir_spectrum
6
      0.00   0.00000000   0.00000000     0.000000     0.000000     0.000000
      0.00   0.00000000   0.00000000     0.000000     0.000000     0.000000
      0.00   0.00000000   0.00000000     0.000000     0.000000     0.000000
      0.00   0.00000000   0.00000000     0.000000     0.000000     0.000000
      0.00   0.00000000   0.00000000     0.000000     0.000000     0.000000
<<<<<<< HEAD
   4593.87   0.00000000   0.00000000     0.000000     0.000000     0.000000
=======
   4593.81   0.00000000   0.00000000    -0.000000     0.000000     0.000000
>>>>>>> 0c29d438a49df62ff2fa5bbfa969bdc702e9668e


$end

