
$orca_hessian_file

$act_atom
  0

$act_coord
  0

$act_energy
        0.000000

$multiplicity
  1

$hessian
12
                    0                  1                  2                  3                  4        
    0      6.7476323193E-01  -8.9830699491E-03  -7.5741102909E-03  -7.4393526808E-02   3.9987652523E-04
    1     -8.9830699491E-03   6.7466104278E-01   4.9705172626E-05   5.6427122332E-05  -3.7537316721E-01
    2     -7.5741102909E-03   4.9705172626E-05   2.7403447214E-01   9.5016066300E-05   1.2299296578E-01
    3     -7.4393526808E-02   5.6427122332E-05   9.5016066300E-05   7.1634252456E-02  -3.1070837759E-04
    4      3.9987652523E-04  -3.7537316721E-01   1.2299296578E-01  -3.1070837759E-04   4.1403644127E-01
    5     -1.1327178951E-04   1.8309598486E-01  -9.1346205342E-02   8.5601076398E-05  -1.4416803864E-01
    6     -2.9408292212E-01  -1.2591203951E-01  -1.0281678074E-01   1.3214160403E-03   1.7037693177E-03
    7     -1.2608378546E-01  -1.4833319525E-01  -5.9417157710E-02  -3.7492934739E-02  -1.9203169076E-02
    8     -1.5476339894E-01  -8.9288285256E-02  -9.0911773293E-02   1.6272648880E-02   1.0478577725E-02
    9     -3.0628678301E-01   1.3483868234E-01   1.1029587497E-01   1.4378583109E-03  -1.7929374654E-03
   10      1.3466697889E-01  -1.5095468031E-01  -6.3625513239E-02   3.7747215994E-02  -1.9460104981E-02
   11      1.6245078102E-01  -9.3857404777E-02  -9.1776493510E-02  -1.6453266023E-02   1.0696495136E-02
                    5                  6                  7                  8                  9        
    0     -1.1327178951E-04  -2.9408292212E-01  -1.2608378546E-01  -1.5476339894E-01  -3.0628678301E-01
    1      1.8309598486E-01  -1.2591203951E-01  -1.4833319525E-01  -8.9288285256E-02   1.3483868234E-01
    2     -9.1346205342E-02  -1.0281678074E-01  -5.9417157710E-02  -9.0911773293E-02   1.1029587497E-01
    3      8.5601076398E-05   1.3214160403E-03  -3.7492934739E-02   1.6272648880E-02   1.4378583109E-03
    4     -1.4416803864E-01   1.7037693177E-03  -1.9203169076E-02   1.0478577725E-02  -1.7929374654E-03
    5      8.5113438498E-02  -9.7351317941E-04  -1.9412663403E-02   3.0866895749E-03   1.0011838925E-03
    6     -9.7351317941E-04   3.2244771648E-01   1.4401289006E-01   1.2122867989E-01  -2.9686210398E-02
    7     -1.9412663403E-02   1.4401289006E-01   1.5580224078E-01   6.9942787577E-02   1.9563830143E-02
    8      3.0866895749E-03   1.2122867989E-01   6.9942787577E-02   8.4709209838E-02   1.7262070172E-02
    9      1.0011838925E-03  -2.9686210398E-02   1.9563830143E-02   1.7262070172E-02   3.3453513509E-01
   10     -1.9515282821E-02  -1.9804619868E-02   1.1734123544E-02   8.8669199535E-03  -1.5260957502E-01
   11      3.1460772691E-03  -1.7438385971E-02   8.8870335350E-03   3.1158738800E-03  -1.2855912903E-01
                   10                 11        
     0      1.3466697889E-01   1.6245078102E-01
     1     -1.5095468031E-01  -9.3857404777E-02
     2     -6.3625513239E-02  -9.1776493510E-02
     3      3.7747215994E-02  -1.6453266023E-02
     4     -1.9460104981E-02   1.0696495136E-02
     5     -1.9515282821E-02   3.1460772691E-03
     6     -1.9804619868E-02  -1.7438385971E-02
     7      1.1734123544E-02   8.8870335350E-03
     8      8.8669199535E-03   3.1158738800E-03
     9     -1.5260957502E-01  -1.2855912903E-01
    10      1.5868066175E-01   7.4273876106E-02
    11      7.4273876106E-02   8.5514542360E-02

$vibrational_frequencies
12
    0        0.0000000000000000
    1        0.0000000000000000
    2        0.0000000000000000
    3        0.0000000000000000
    4        0.0000000000000000
    5        0.0000000000000000
    6     1266.8374921247896054
    7     1818.8780578369039631
    8     1824.5425870885367203
    9     3538.6059407733332591
   10     3634.5278119606773544
   11     3681.1581411010361080

$normal_modes
12 12
                    0                  1                  2                  3                  4        
    0      0.0000000000E+00   0.0000000000E+00   0.0000000000E+00   0.0000000000E+00   0.0000000000E+00
    1      0.0000000000E+00   0.0000000000E+00   0.0000000000E+00   0.0000000000E+00   0.0000000000E+00
    2      0.0000000000E+00   0.0000000000E+00   0.0000000000E+00   0.0000000000E+00   0.0000000000E+00
    3      0.0000000000E+00   0.0000000000E+00   0.0000000000E+00   0.0000000000E+00   0.0000000000E+00
    4      0.0000000000E+00   0.0000000000E+00   0.0000000000E+00   0.0000000000E+00   0.0000000000E+00
    5      0.0000000000E+00   0.0000000000E+00   0.0000000000E+00   0.0000000000E+00   0.0000000000E+00
    6      0.0000000000E+00   0.0000000000E+00   0.0000000000E+00   0.0000000000E+00   0.0000000000E+00
    7      0.0000000000E+00   0.0000000000E+00   0.0000000000E+00   0.0000000000E+00   0.0000000000E+00
    8      0.0000000000E+00   0.0000000000E+00   0.0000000000E+00   0.0000000000E+00   0.0000000000E+00
    9      0.0000000000E+00   0.0000000000E+00   0.0000000000E+00   0.0000000000E+00   0.0000000000E+00
   10      0.0000000000E+00   0.0000000000E+00   0.0000000000E+00   0.0000000000E+00   0.0000000000E+00
   11      0.0000000000E+00   0.0000000000E+00   0.0000000000E+00   0.0000000000E+00   0.0000000000E+00
                    5                  6                  7                  8                  9        
    0      0.0000000000E+00  -8.8682250285E-05   4.4803391286E-02   4.5702755193E-02   2.1578789532E-02
    1      0.0000000000E+00  -6.5650247566E-06   4.5948350187E-02  -4.4550723632E-02   4.4151541489E-03
    2      0.0000000000E+00  -1.0570053422E-01   2.3057078973E-04   2.5063081519E-04   3.7093539191E-02
    3      0.0000000000E+00  -1.7306494141E-03  -5.1265781246E-01  -5.2757565097E-01   6.0030752235E-03
    4      0.0000000000E+00   1.9832719167E-01   1.0092211336E-01  -1.0110356125E-01   4.7412245745E-01
    5      0.0000000000E+00   4.8951376911E-01   1.7690005995E-01  -1.7529845551E-01  -1.5462024433E-01
    6      0.0000000000E+00  -1.7031523596E-01   2.1743258220E-01  -3.1920142794E-01  -6.1929493409E-01
    7      0.0000000000E+00  -9.7263747314E-02  -1.0355537059E-01   6.3183669415E-01  -3.5947914325E-01
    8      0.0000000000E+00   4.8774243605E-01  -2.4029775390E-01  -6.8759509971E-02  -2.5311079470E-01
    9      0.0000000000E+00   1.7327806762E-01  -3.2728878135E-01   2.1176699015E-01   3.1346859880E-01
   10      0.0000000000E+00  -1.0097222760E-01  -6.3578921440E-01   8.8270225847E-02  -1.7598901242E-01
   11      0.0000000000E+00   4.9138404054E-01   6.0194062627E-02   2.4057561314E-01  -1.0765958708E-01
                   10                 11        
     0     -4.4996242202E-02   5.6944442548E-02
     1     -5.8360993398E-02  -4.8036575994E-02
     2      8.8547619910E-03  -7.3450451234E-03
     3     -1.3104290630E-02   1.4725295320E-02
     4      6.7818135226E-01   3.5758019282E-01
     5     -2.6806276994E-01  -1.5287083938E-01
     6      4.6267177590E-01  -1.1343323186E-01
     7      2.5809979380E-01  -8.6295169931E-02
     8      2.2411676920E-01  -6.4399937266E-02
     9      1.7562606453E-01  -6.9249809391E-01
    10     -1.2539306193E-01   3.9615198954E-01
    11     -7.9085163885E-02   3.1932540631E-01

#
# The atoms: label  mass x y z (in bohrs)
#
$atoms
4
 N     14.00307      0.000688351392    -0.000000075438     0.131741796958
 H      1.00783      0.000181882127     1.766389122299    -0.610155262147
 H      1.00783     -1.534612873847    -0.886112506083    -0.612459687756
 H      1.00783      1.524866796375    -0.880275568051    -0.607851721676

$actual_temperature
  0.000000

$frequency_scale_factor
  1.000000

$dipole_derivatives
12
   -3.4066048811E-01    2.7771951543E-03   -4.0587973117E-04
    2.7772287736E-03   -3.4066089161E-01    7.5158942755E-06
    3.0051853340E-03    5.6039307912E-06   -6.3605334805E-01
    1.7536645704E-01   -1.3777771449E-03    8.6353226538E-05
   -2.3442437214E-04    5.1746861497E-02    8.9399381737E-02
   -4.6076504348E-04    1.7285059502E-01    2.1202036719E-01
    8.2197329056E-02   -5.4229672985E-02   -7.7265421487E-02
   -5.4797036769E-02    1.4421455078E-01   -4.4661058443E-02
   -1.5096323023E-01   -8.6896571844E-02    2.1119433399E-01
    8.3096702013E-02    5.2830254976E-02    7.7584947991E-02
    5.2254232368E-02    1.4469947933E-01   -4.4745839188E-02
    1.4841880994E-01   -8.5959627107E-02    2.1283864688E-01

#
# The IR spectrum
#  wavenumber T**2 TX TY TZ
#
$ir_spectrum
12
      0.00   0.00000000     0.000000     0.000000     0.000000
      0.00   0.00000000     0.000000     0.000000     0.000000
      0.00   0.00000000     0.000000     0.000000     0.000000
      0.00   0.00000000     0.000000     0.000000     0.000000
      0.00   0.00000000     0.000000     0.000000     0.000000
      0.00   0.00000000     0.000000     0.000000     0.000000
   1266.84   0.00886046    -0.000242     0.000002     0.094130
   1818.88   0.00063673    -0.017611    -0.018071    -0.000134
   1824.54   0.00065248    -0.018286     0.017835    -0.000149
   3538.61   0.00000061     0.000217     0.000058     0.000748
   3634.53   0.00000003    -0.000101    -0.000113     0.000082
   3681.16   0.00000005    -0.000167     0.000150    -0.000034


$end

