
$orca_hessian_file

$act_atom
  0

$act_coord
  0

$act_energy
        0.000000

$multiplicity
  1

$hessian
12
                    0                  1                  2                  3                  4        
    0      6.7462576728E-01   3.4564314642E-03  -6.2429555345E-04  -7.4396465580E-02  -1.6603102298E-03
    1      3.4564314642E-03   6.7460181980E-01   1.2179790939E-05  -1.6844265974E-03  -3.7533120704E-01
    2     -6.2429555345E-04   1.2179790939E-05   2.7402256969E-01   2.8265266236E-04   1.2297903778E-01
    3     -7.4396465580E-02  -1.6844265974E-03   2.8265266236E-04   7.1638801003E-02   1.2094831389E-03
    4     -1.6603102298E-03  -3.7533120704E-01   1.2297903778E-01   1.2094831389E-03   4.1399720962E-01
    5      3.2391308930E-04   1.8307515544E-01  -9.1338186948E-02  -5.8250519143E-04  -1.4414963359E-01
    6     -3.0013728708E-01  -1.3120789277E-01  -1.0633924910E-01   1.4961390881E-03   1.9717225183E-03
    7     -1.3122481566E-01  -1.5055917613E-01  -6.1560206496E-02  -3.7379061734E-02  -1.8916408535E-02
    8     -1.5840730955E-01  -9.1644015950E-02  -9.0943549931E-02   1.6510537619E-02   1.0511941088E-02
    9     -3.0009201462E-01   1.2943588790E-01   1.0668089199E-01   1.2615254888E-03  -1.5208954273E-03
   10      1.2942869443E-01  -1.4871143663E-01  -6.1431011079E-02   3.7854005193E-02  -1.9749594041E-02
   11      1.5870769201E-01  -9.1443319285E-02  -9.1740832813E-02  -1.6210685090E-02   1.0658654723E-02
                    5                  6                  7                  8                  9        
    0      3.2391308930E-04  -3.0013728708E-01  -1.3122481566E-01  -1.5840730955E-01  -3.0009201462E-01
    1      1.8307515544E-01  -1.3120789277E-01  -1.5055917613E-01  -9.1644015950E-02   1.2943588790E-01
    2     -9.1338186948E-02  -1.0633924910E-01  -6.1560206496E-02  -9.0943549931E-02   1.0668089199E-01
    3     -5.8250519143E-04   1.4961390881E-03  -3.7379061734E-02   1.6510537619E-02   1.2615254888E-03
    4     -1.4414963359E-01   1.9717225183E-03  -1.8916408535E-02   1.0511941088E-02  -1.5208954273E-03
    5      8.5105811174E-02  -8.5797248357E-04  -1.9563932910E-02   2.9376094371E-03   1.1165645857E-03
    6     -8.5797248357E-04   3.2832749148E-01   1.4894776671E-01   1.2455854313E-01  -2.9686343492E-02
    7     -1.9563932910E-02   1.4894776671E-01   1.5774159184E-01   7.2251166880E-02   1.9656110683E-02
    8      2.9376094371E-03   1.2455854313E-01   7.2251166880E-02   8.4889746406E-02   1.7338228797E-02
    9      1.1165645857E-03  -2.9686343492E-02   1.9656110683E-02   1.7338228797E-02   3.2851683263E-01
   10     -1.9361588939E-02  -1.9711596468E-02   1.1733992827E-02   8.8809079822E-03  -1.4757110315E-01
   11      3.2947663367E-03  -1.7361321544E-02   8.8729725263E-03   3.1161940874E-03  -1.2513568537E-01
                   10                 11        
     0      1.2942869443E-01   1.5870769201E-01
     1     -1.4871143663E-01  -9.1443319285E-02
     2     -6.1431011079E-02  -9.1740832813E-02
     3      3.7854005193E-02  -1.6210685090E-02
     4     -1.9749594041E-02   1.0658654723E-02
     5     -1.9361588939E-02   3.2947663367E-03
     6     -1.9711596468E-02  -1.7361321544E-02
     7      1.1733992827E-02   8.8729725263E-03
     8      8.8809079822E-03   3.1161940874E-03
     9     -1.4757110315E-01  -1.2513568537E-01
    10      1.5672703784E-01   7.1911692035E-02
    11      7.1911692035E-02   8.5329872389E-02

$vibrational_frequencies
12
    0        0.0000000000000000
    1        0.0000000000000000
    2        0.0000000000000000
    3        0.0000000000000000
    4        0.0000000000000000
    5        0.0000000000000000
    6     1267.0672715294017507
    7     1819.0450610360910559
    8     1824.6182154652801728
    9     3548.1352106446584003
   10     3649.8964244896901619
   11     3655.5937814360599987

$normal_modes
12 12
                    0                  1                  2                  3                  4        
    0      0.0000000000E+00   0.0000000000E+00   0.0000000000E+00   0.0000000000E+00   0.0000000000E+00
    1      0.0000000000E+00   0.0000000000E+00   0.0000000000E+00   0.0000000000E+00   0.0000000000E+00
    2      0.0000000000E+00   0.0000000000E+00   0.0000000000E+00   0.0000000000E+00   0.0000000000E+00
    3      0.0000000000E+00   0.0000000000E+00   0.0000000000E+00   0.0000000000E+00   0.0000000000E+00
    4      0.0000000000E+00   0.0000000000E+00   0.0000000000E+00   0.0000000000E+00   0.0000000000E+00
    5      0.0000000000E+00   0.0000000000E+00   0.0000000000E+00   0.0000000000E+00   0.0000000000E+00
    6      0.0000000000E+00   0.0000000000E+00   0.0000000000E+00   0.0000000000E+00   0.0000000000E+00
    7      0.0000000000E+00   0.0000000000E+00   0.0000000000E+00   0.0000000000E+00   0.0000000000E+00
    8      0.0000000000E+00   0.0000000000E+00   0.0000000000E+00   0.0000000000E+00   0.0000000000E+00
    9      0.0000000000E+00   0.0000000000E+00   0.0000000000E+00   0.0000000000E+00   0.0000000000E+00
   10      0.0000000000E+00   0.0000000000E+00   0.0000000000E+00   0.0000000000E+00   0.0000000000E+00
   11      0.0000000000E+00   0.0000000000E+00   0.0000000000E+00   0.0000000000E+00   0.0000000000E+00
                    5                  6                  7                  8                  9        
    0      0.0000000000E+00   2.2011353569E-05  -4.5409256986E-02  -4.5098489531E-02   2.3411826606E-04
    1      0.0000000000E+00   9.3311239052E-07   4.5255889220E-02  -4.5252125678E-02   2.9494782569E-05
    2      0.0000000000E+00  -1.0570041090E-01   6.7595182776E-05   6.4822180207E-05  -3.8837937989E-02
    3      0.0000000000E+00   3.4825246062E-04   5.2146445678E-01   5.1887041626E-01  -1.3158072917E-03
    4      0.0000000000E+00   1.9834735211E-01   9.9136044852E-02  -1.0282141053E-01  -5.4010241629E-01
    5      0.0000000000E+00   4.8955789075E-01   1.7576914775E-01  -1.7634381856E-01   1.7998801692E-01
    6      0.0000000000E+00  -1.7209104121E-01   3.2371195789E-01  -2.1510160937E-01   4.6639702520E-01
    7      0.0000000000E+00  -9.9570019316E-02  -6.3267902354E-01   9.6551910866E-02   2.7004534586E-01
    8      0.0000000000E+00   4.9200806792E-01   6.4650369914E-02   2.3965835228E-01   1.7902480185E-01
    9      0.0000000000E+00   1.7143695529E-01  -2.1424429280E-01   3.2284540311E-01  -4.6833413910E-01
   10      0.0000000000E+00  -9.8790297780E-02  -9.5258197722E-02   6.3501838411E-01   2.6964725959E-01
   11      0.0000000000E+00   4.8707257361E-01  -2.4135870881E-01  -6.4215195793E-02   1.8061509525E-01
                   10                 11        
     0      5.3028361044E-02   5.4047309311E-02
     1     -5.3784471091E-02   5.3295151734E-02
     2     -1.6058969232E-05   6.4110445499E-06
     3      1.7025707175E-02   1.2097800153E-02
     4      5.1443102047E-01  -5.0618968810E-01
     5     -2.1029699916E-01   2.0617560213E-01
     6     -1.4803289868E-01  -6.0757784561E-01
     7     -1.0839953842E-01  -3.4698211634E-01
     8     -7.4394070043E-02  -2.8426034749E-01
     9     -6.0578743086E-01  -1.5547220103E-01
    10      3.4126879814E-01   1.1267029878E-01
    11      2.8491419814E-01   7.7995668070E-02

#
# The atoms: label  mass x y z (in bohrs)
#
$atoms
4
 N     14.00307     -0.000827634856    -0.000000082118     0.131741796958
 H      1.00783      0.009478679962     1.766389110054    -0.610155287421
 H      1.00783     -1.528729488197    -0.888083184987    -0.607443211761
 H      1.00783      1.530750256822    -0.878304784085    -0.612868172398

$actual_temperature
  0.000000

$frequency_scale_factor
  1.000000

$dipole_derivatives
12
   -3.4068175555E-01   -5.0609502408E-04   -4.8661264574E-04
   -5.0601704709E-04   -3.4067900281E-01    1.2639314011E-05
   -8.8183153642E-04   -4.0650862388E-06   -6.3605666790E-01
    1.7537609090E-01   -1.2376754466E-03    2.9916690279E-04
    9.1657581657E-04    5.1750920778E-02    8.9398221994E-02
   -5.0978693164E-04    1.7285237929E-01    2.1202202425E-01
    8.4022153503E-02   -5.2658889288E-02   -7.7328680826E-02
   -5.3733892631E-02    1.4526308997E-01   -4.4824057077E-02
   -1.4899635361E-01   -8.5728076656E-02    2.1264585196E-01
    8.1283511146E-02    5.4402659759E-02    7.7516126569E-02
    5.3323333862E-02    1.4366499206E-01   -4.4586804231E-02
    1.5038797208E-01   -8.7120237548E-02    2.1138879168E-01

#
# The IR spectrum
#  wavenumber T**2 TX TY TZ
#
$ir_spectrum
12
      0.00   0.00000000     0.000000     0.000000     0.000000
      0.00   0.00000000     0.000000     0.000000     0.000000
      0.00   0.00000000     0.000000     0.000000     0.000000
      0.00   0.00000000     0.000000     0.000000     0.000000
      0.00   0.00000000     0.000000     0.000000     0.000000
      0.00   0.00000000     0.000000     0.000000     0.000000
   1267.07   0.00885892    -0.000092     0.000001     0.094122
   1819.05   0.00065533     0.018132    -0.018071    -0.000007
   1824.62   0.00063403     0.017775     0.017835    -0.000007
   3548.14   0.00000055     0.000080    -0.000000    -0.000738
   3649.90   0.00000011     0.000231    -0.000228    -0.000009
   3655.59   0.00000011    -0.000236    -0.000239    -0.000008


$end

