
$orca_hessian_file

$act_atom
  0

$act_coord
  0

$act_energy
        0.000000

$multiplicity
  1

$hessian
12
                    0                  1                  2                  3                  4        
    0      6.7462571327E-01  -3.4564310711E-03   6.2429596482E-04  -7.4396464275E-02   1.6603129311E-03
    1     -3.4564310711E-03   6.7460187381E-01   1.2189573367E-05   1.6844294765E-03  -3.7533122544E-01
    2      6.2429596482E-04   1.2189573367E-05   2.7402256969E-01  -2.8265382348E-04   1.2297903569E-01
    3     -7.4396464275E-02   1.6844294765E-03  -2.8265382348E-04   7.1638796703E-02  -1.2094863142E-03
    4      1.6603129311E-03  -3.7533122544E-01   1.2297903569E-01  -1.2094863142E-03   4.1399722137E-01
    5     -3.2391473763E-04   1.8307515399E-01  -9.1338179745E-02   5.8250650848E-04  -1.4414963060E-01
    6     -3.0009198636E-01  -1.2943589643E-01  -1.0668089061E-01   1.2615273369E-03   1.5208979543E-03
    7     -1.2942870320E-01  -1.4871145677E-01  -6.1431015934E-02  -3.7854002646E-02  -1.9749591036E-02
    8     -1.5870768982E-01  -9.1443324970E-02  -9.1740836490E-02   1.6210686408E-02   1.0658654431E-02
    9     -3.0013726263E-01   1.3120789802E-01   1.0633924847E-01   1.4961402358E-03  -1.9717245712E-03
   10      1.3122482134E-01  -1.5055919160E-01  -6.1560209325E-02   3.7379059484E-02  -1.8916404890E-02
   11      1.5840730860E-01  -9.1644018596E-02  -9.0943553459E-02  -1.6510539093E-02   1.0511940485E-02
                    5                  6                  7                  8                  9        
    0     -3.2391473763E-04  -3.0009198636E-01  -1.2942870320E-01  -1.5870768982E-01  -3.0013726263E-01
    1      1.8307515399E-01  -1.2943589643E-01  -1.4871145677E-01  -9.1443324970E-02   1.3120789802E-01
    2     -9.1338179745E-02  -1.0668089061E-01  -6.1431015934E-02  -9.1740836490E-02   1.0633924847E-01
    3      5.8250650848E-04   1.2615273369E-03  -3.7854002646E-02   1.6210686408E-02   1.4961402358E-03
    4     -1.4414963060E-01   1.5208979543E-03  -1.9749591036E-02   1.0658654431E-02  -1.9717245712E-03
    5      8.5105807198E-02  -1.1165630868E-03  -1.9361589762E-02   3.2947647244E-03   8.5797131593E-04
    6     -1.1165630868E-03   3.2851681232E-01   1.4757110960E-01   1.2513568229E-01  -2.9686353290E-02
    7     -1.9361589762E-02   1.4757110960E-01   1.5672705483E-01   7.1911700836E-02   1.9711596242E-02
    8      3.2947647244E-03   1.2513568229E-01   7.1911700836E-02   8.5329874452E-02   1.7361321129E-02
    9      8.5797131593E-04  -2.9686353290E-02   1.9711596242E-02   1.7361321129E-02   3.2832747568E-01
   10     -1.9563933628E-02  -1.9656111127E-02   1.1733992978E-02   8.8729697024E-03  -1.4894776970E-01
   11      2.9376078227E-03  -1.7338228591E-02   8.8809048602E-03   3.1161973139E-03  -1.2455854091E-01
                   10                 11        
     0      1.3122482134E-01   1.5840730860E-01
     1     -1.5055919160E-01  -9.1644018596E-02
     2     -6.1560209325E-02  -9.0943553459E-02
     3      3.7379059484E-02  -1.6510539093E-02
     4     -1.8916404890E-02   1.0511940485E-02
     5     -1.9563933628E-02   2.9376078227E-03
     6     -1.9656111127E-02  -1.7338228591E-02
     7      1.1733992978E-02   8.8809048602E-03
     8      8.8729697024E-03   3.1161973139E-03
     9     -1.4894776970E-01  -1.2455854091E-01
    10      1.5774160351E-01   7.2251173251E-02
    11      7.2251173251E-02   8.4889748322E-02

$vibrational_frequencies
12
    0        0.0000000000000000
    1        0.0000000000000000
    2        0.0000000000000000
    3        0.0000000000000000
    4        0.0000000000000000
    5        0.0000000000000000
    6     1267.0672715300229356
    7     1819.0450605886953781
    8     1824.6182159116763160
    9     3548.1352106483745956
   10     3649.8964264504402308
   11     3655.5937794689398288

$normal_modes
12 12
                    0                  1                  2                  3                  4        
    0      0.0000000000E+00   0.0000000000E+00   0.0000000000E+00   0.0000000000E+00   0.0000000000E+00
    1      0.0000000000E+00   0.0000000000E+00   0.0000000000E+00   0.0000000000E+00   0.0000000000E+00
    2      0.0000000000E+00   0.0000000000E+00   0.0000000000E+00   0.0000000000E+00   0.0000000000E+00
    3      0.0000000000E+00   0.0000000000E+00   0.0000000000E+00   0.0000000000E+00   0.0000000000E+00
    4      0.0000000000E+00   0.0000000000E+00   0.0000000000E+00   0.0000000000E+00   0.0000000000E+00
    5      0.0000000000E+00   0.0000000000E+00   0.0000000000E+00   0.0000000000E+00   0.0000000000E+00
    6      0.0000000000E+00   0.0000000000E+00   0.0000000000E+00   0.0000000000E+00   0.0000000000E+00
    7      0.0000000000E+00   0.0000000000E+00   0.0000000000E+00   0.0000000000E+00   0.0000000000E+00
    8      0.0000000000E+00   0.0000000000E+00   0.0000000000E+00   0.0000000000E+00   0.0000000000E+00
    9      0.0000000000E+00   0.0000000000E+00   0.0000000000E+00   0.0000000000E+00   0.0000000000E+00
   10      0.0000000000E+00   0.0000000000E+00   0.0000000000E+00   0.0000000000E+00   0.0000000000E+00
   11      0.0000000000E+00   0.0000000000E+00   0.0000000000E+00   0.0000000000E+00   0.0000000000E+00
                    5                  6                  7                  8                  9        
    0      0.0000000000E+00   2.2011324974E-05  -4.5409610611E-02   4.5098135931E-02   2.3411725090E-04
    1      0.0000000000E+00  -9.3276812188E-07  -4.5255534399E-02  -4.5252478068E-02  -2.9491142823E-05
    2      0.0000000000E+00   1.0570041090E-01  -6.7596762957E-05   6.4820652589E-05   3.8837937989E-02
    3      0.0000000000E+00   3.4825460135E-04   5.2146850945E-01  -5.1886632869E-01  -1.3158125402E-03
    4      0.0000000000E+00  -1.9834736074E-01  -9.9135233038E-02  -1.0282218831E-01   5.4010240319E-01
    5      0.0000000000E+00  -4.8955793534E-01  -1.7576775825E-01  -1.7634518401E-01  -1.7998800265E-01
    6      0.0000000000E+00   1.7143694832E-01  -2.1424177376E-01  -3.2284711451E-01  -4.6833412620E-01
    7      0.0000000000E+00   9.8790301029E-02   9.5253217642E-02   6.3501911740E-01  -2.6964727805E-01
    8      0.0000000000E+00  -4.8707255099E-01   2.4135921787E-01  -6.4213309875E-02  -1.8061509903E-01
    9      0.0000000000E+00  -1.7209103598E-01   3.2371029958E-01   2.1510414623E-01   4.6639703166E-01
   10      0.0000000000E+00   9.9570019915E-02   6.3267826180E-01   9.6556851592E-02  -2.7004536487E-01
   11      0.0000000000E+00  -4.9200804595E-01  -6.4652246519E-02   2.3965785303E-01  -1.7902481234E-01
                   10                 11        
     0      5.3028780867E-02   5.4046893303E-02
     1      5.3784057164E-02  -5.3295573619E-02
     2      1.6059387806E-05  -6.4108636667E-06
     3      1.7025799843E-02   1.2097655887E-02
     4     -5.1442707250E-01   5.0619372628E-01
     5      2.1029537609E-01  -2.0617723736E-01
     6     -6.0578861430E-01  -1.5546746797E-01
     7     -3.4126972088E-01  -1.1266765454E-01
     8     -2.8491481328E-01  -7.7993456168E-02
     9     -1.4803764108E-01  -6.0757665425E-01
    10      1.0840226443E-01   3.4698129573E-01
    11      7.4396302423E-02   2.8425976832E-01

#
# The atoms: label  mass x y z (in bohrs)
#
$atoms
4
 N     14.00307      0.000827634856    -0.000000069162     0.131741796958
 H      1.00783     -0.009478695716     1.766389138336    -0.610155238411
 H      1.00783     -1.530750172484    -0.878304901881    -0.612868196903
 H      1.00783      1.528729419612    -0.888083275496    -0.607443236266

$actual_temperature
  0.000000

$frequency_scale_factor
  1.000000

$dipole_derivatives
12
   -3.4068174764E-01    5.0609497347E-04    4.8661304292E-04
    5.0601699446E-04   -3.4067901072E-01    1.2646933528E-05
    8.8183139956E-04   -4.0512827104E-06   -6.3605666790E-01
    1.7537610269E-01    1.2376765154E-03   -2.9916787685E-04
   -9.1657468536E-04    5.1750948160E-02    8.9398221594E-02
    5.0978541462E-04    1.7285236212E-01    2.1202203561E-01
    8.1283502169E-02   -5.4402650137E-02   -7.7516124424E-02
   -5.3323353463E-02    1.4366498126E-01   -4.4586808494E-02
   -1.5038798213E-01   -8.7120237183E-02    2.1138878592E-01
    8.4022142778E-02    5.2658878648E-02    7.7328679258E-02
    5.3733911154E-02    1.4526308130E-01   -4.4824060034E-02
    1.4899636532E-01   -8.5728073655E-02    2.1264584637E-01

#
# The IR spectrum
#  wavenumber T**2 TX TY TZ
#
$ir_spectrum
12
      0.00   0.00000000     0.000000     0.000000     0.000000
      0.00   0.00000000     0.000000     0.000000     0.000000
      0.00   0.00000000     0.000000     0.000000     0.000000
      0.00   0.00000000     0.000000     0.000000     0.000000
      0.00   0.00000000     0.000000     0.000000     0.000000
      0.00   0.00000000     0.000000     0.000000     0.000000
   1267.07   0.00885892    -0.000092    -0.000001    -0.094122
   1819.05   0.00065533     0.018132     0.018071     0.000007
   1824.62   0.00063403    -0.017775     0.017835    -0.000007
   3548.14   0.00000055     0.000080     0.000000     0.000738
   3649.90   0.00000011     0.000231     0.000228     0.000009
   3655.59   0.00000011    -0.000236     0.000239     0.000008


$end

