
$orca_hessian_file

$act_atom
  0

$act_coord
  0

$act_energy
        0.000000

$multiplicity
  1

$hessian
12
                    0                  1                  2                  3                  4        
    0      6.6558743183E-01  -2.9004576518E-13  -1.4262202530E-13  -7.5096086075E-02   1.2908738560E-09
    1     -2.9004576518E-13   6.6558933510E-01  -1.2430142609E-06   1.2908562984E-09  -3.6863082586E-01
    2     -1.4262202530E-13  -1.2430142609E-06   2.7310625961E-01  -5.3909407486E-10   1.1990510263E-01
    3     -7.5096086075E-02   1.2908562984E-09  -5.3909407486E-10   7.2395031879E-02  -1.4790406661E-09
    4      1.2908738560E-09  -3.6863082586E-01   1.1990510263E-01  -1.4790406661E-09   4.0702703214E-01
    5     -8.0293701327E-10   1.7966820790E-01  -9.1035499109E-02   6.2067546307E-10  -1.4094929569E-01
    6     -2.9524567176E-01  -1.2710303645E-01  -1.0383989506E-01   1.3505272610E-03   1.7212378891E-03
    7     -1.2710297110E-01  -1.4847925573E-01  -5.9951930274E-02  -3.7312601409E-02  -1.9198103300E-02
    8     -1.5559621379E-01  -8.9833483141E-02  -9.1035380250E-02   1.6279390267E-02   1.0522096612E-02
    9     -2.9524567400E-01   1.2710303516E-01   1.0383989560E-01   1.3505269351E-03  -1.7212377010E-03
   10      1.2710296981E-01  -1.4847925350E-01  -5.9951929341E-02   3.7312601598E-02  -1.9198102974E-02
   11      1.5559621460E-01  -8.9833481750E-02  -9.1035380250E-02  -1.6279390349E-02   1.0522096448E-02
                    5                  6                  7                  8                  9        
    0     -8.0293701327E-10  -2.9524567176E-01  -1.2710297110E-01  -1.5559621379E-01  -2.9524567400E-01
    1      1.7966820790E-01  -1.2710303645E-01  -1.4847925573E-01  -8.9833483141E-02   1.2710303516E-01
    2     -9.1035499109E-02  -1.0383989506E-01  -5.9951930274E-02  -9.1035380250E-02   1.0383989560E-01
    3      6.2067546307E-10   1.3505272610E-03  -3.7312601409E-02   1.6279390267E-02   1.3505269351E-03
    4     -1.4094929569E-01   1.7212378891E-03  -1.9198103300E-02   1.0522096612E-02  -1.7212377010E-03
    5      8.4926265584E-02  -9.7272016792E-04  -1.9359456102E-02   3.0546167628E-03   9.7272035018E-04
    6     -9.7272016792E-04   3.2336742195E-01   1.4489868572E-01   1.2206471943E-01  -2.9472277454E-02
    7     -1.9359456102E-02   1.4489868572E-01   1.5605249931E-01   7.0474021663E-02   1.9516886784E-02
    8      3.0546167628E-03   1.2206471943E-01   7.0474021663E-02   8.4926196711E-02   1.7252104097E-02
    9      9.7272035018E-04  -2.9472277454E-02   1.9516886784E-02   1.7252104097E-02   3.2336742451E-01
   10     -1.9359456113E-02  -1.9516887161E-02   1.1624859724E-02   8.8373648654E-03  -1.4489868424E-01
   11      3.0546167628E-03  -1.7252104198E-02   8.8373647131E-03   3.0545667763E-03  -1.2206472005E-01
                   10                 11        
     0      1.2710296981E-01   1.5559621460E-01
     1     -1.4847925350E-01  -8.9833481750E-02
     2     -5.9951929341E-02  -9.1035380250E-02
     3      3.7312601598E-02  -1.6279390349E-02
     4     -1.9198102974E-02   1.0522096448E-02
     5     -1.9359456113E-02   3.0546167628E-03
     6     -1.9516887161E-02  -1.7252104198E-02
     7      1.1624859724E-02   8.8373647131E-03
     8      8.8373648654E-03   3.0545667763E-03
     9     -1.4489868424E-01  -1.2206472005E-01
    10      1.5605249675E-01   7.0474020588E-02
    11      7.0474020588E-02   8.4926196711E-02

$vibrational_frequencies
12
    0        0.0000000000000000
    1        0.0000000000000000
    2        0.0000000000000000
    3        0.0000000000000000
    4        0.0000000000000000
    5        0.0000000000000000
    6     1277.7023659478895752
    7     1825.1107886164234060
    8     1825.1108401465096449
    9     3516.6622418762017332
   10     3620.3052661953893221
   11     3620.3123044386161382

$normal_modes
12 12
                    0                  1                  2                  3                  4        
    0      0.0000000000E+00   0.0000000000E+00   0.0000000000E+00   0.0000000000E+00   0.0000000000E+00
    1      0.0000000000E+00   0.0000000000E+00   0.0000000000E+00   0.0000000000E+00   0.0000000000E+00
    2      0.0000000000E+00   0.0000000000E+00   0.0000000000E+00   0.0000000000E+00   0.0000000000E+00
    3      0.0000000000E+00   0.0000000000E+00   0.0000000000E+00   0.0000000000E+00   0.0000000000E+00
    4      0.0000000000E+00   0.0000000000E+00   0.0000000000E+00   0.0000000000E+00   0.0000000000E+00
    5      0.0000000000E+00   0.0000000000E+00   0.0000000000E+00   0.0000000000E+00   0.0000000000E+00
    6      0.0000000000E+00   0.0000000000E+00   0.0000000000E+00   0.0000000000E+00   0.0000000000E+00
    7      0.0000000000E+00   0.0000000000E+00   0.0000000000E+00   0.0000000000E+00   0.0000000000E+00
    8      0.0000000000E+00   0.0000000000E+00   0.0000000000E+00   0.0000000000E+00   0.0000000000E+00
    9      0.0000000000E+00   0.0000000000E+00   0.0000000000E+00   0.0000000000E+00   0.0000000000E+00
   10      0.0000000000E+00   0.0000000000E+00   0.0000000000E+00   0.0000000000E+00   0.0000000000E+00
   11      0.0000000000E+00   0.0000000000E+00   0.0000000000E+00   0.0000000000E+00   0.0000000000E+00
                    5                  6                  7                  8                  9        
    0      0.0000000000E+00   9.5501251655E-15  -6.4006315810E-02  -4.0768342028E-07  -6.4459896461E-13
    1      0.0000000000E+00   1.4407809647E-08  -4.0768326192E-07   6.4006290842E-02  -3.9269198693E-06
    2      0.0000000000E+00  -1.0574059553E-01  -3.7189829770E-13   5.7173577847E-08  -3.8729967402E-02
    3      0.0000000000E+00  -8.8198808271E-10   7.3564045672E-01   4.6817553940E-06   2.4075650753E-09
    4      0.0000000000E+00   1.9779541759E-01  -9.0542339603E-07   1.4275616611E-01  -5.3998293207E-01
    5      0.0000000000E+00   4.8973224118E-01  -1.5848199109E-06   2.4899111616E-01   1.7936045733E-01
    6      0.0000000000E+00  -1.7129541945E-01   7.6840437865E-02   3.8035708335E-01   4.6768850980E-01
    7      0.0000000000E+00  -9.8897809651E-02  -3.8035314049E-01  -5.1604341445E-01   2.7001874912E-01
    8      0.0000000000E+00   4.8973231520E-01   2.1563321107E-01  -1.2449458278E-01   1.7938363777E-01
    9      0.0000000000E+00   1.7129542033E-01   7.6845276499E-02  -3.8035610061E-01  -4.6768851219E-01
   10      0.0000000000E+00  -9.8897808124E-02   3.8035971041E-01  -5.1603857582E-01   2.7001874495E-01
   11      0.0000000000E+00   4.8973231520E-01  -2.1563162625E-01  -1.2449732777E-01   1.7938363777E-01
                   10                 11        
     0      7.5714553946E-02  -7.7507695039E-09
     1      7.7507688288E-09   7.5714527001E-02
     2     -5.2689595045E-13  -2.0506904660E-06
     3      2.0614127574E-02   1.1456004323E-09
     4     -7.0656579640E-08  -7.2197822247E-01
     5      2.8840445202E-08   2.9454697919E-01
     6     -5.3630936025E-01  -3.2151520373E-01
     7     -3.2153930545E-01  -1.6501293785E-01
     8     -2.5507677342E-01  -1.4725921812E-01
     9     -5.3630930007E-01   3.2151531027E-01
    10      3.2153926841E-01  -1.6501299804E-01
    11      2.5507674459E-01  -1.4725926806E-01

#
# The atoms: label  mass x y z (in bohrs)
#
$atoms
4
 N     14.00307      0.000000000000    -0.000000048252     0.132099515481
 H      1.00783     -0.000000007898     1.771360773580    -0.611811910992
 H      1.00783     -1.534045751430    -0.885680058414    -0.611812513520
 H      1.00783      1.534045759328    -0.885680044734    -0.611812513519

$actual_temperature
  0.000000

$frequency_scale_factor
  1.000000

$dipole_derivatives
12
   -3.3773554651E-01   -2.0259259481E-11    2.4378628372E-13
    1.9798925796E-11   -3.3773632264E-01   -7.0552963980E-08
    9.2255041741E-14    4.4254929268E-07   -6.3299670407E-01
    1.7474119506E-01    6.1585246865E-10   -3.4082582010E-10
    6.0207634267E-10    5.0415768502E-02    8.9360758172E-02
   -6.5498281474E-10    1.7290795130E-01    2.1099901177E-01
    8.1497176256E-02   -5.3834728641E-02   -7.7388715567E-02
   -5.3834250025E-02    1.4366027654E-01   -4.4680344105E-02
   -1.4974277195E-01   -8.6454197492E-02    2.1099884615E-01
    8.1497175201E-02    5.3834728046E-02    7.7388715907E-02
    5.3834249403E-02    1.4366027760E-01   -4.4680343514E-02
    1.4974277260E-01   -8.6454196358E-02    2.1099884615E-01

#
# The IR spectrum
#  wavenumber T**2 TX TY TZ
#
$ir_spectrum
12
      0.00   0.00000000     0.000000     0.000000     0.000000
      0.00   0.00000000     0.000000     0.000000     0.000000
      0.00   0.00000000     0.000000     0.000000     0.000000
      0.00   0.00000000     0.000000     0.000000     0.000000
      0.00   0.00000000     0.000000     0.000000     0.000000
      0.00   0.00000000     0.000000     0.000000     0.000000
   1277.70   0.00870996    -0.000000    -0.000000     0.093327
   1825.11   0.00063786     0.025256     0.000000     0.000000
   1825.11   0.00063787     0.000000    -0.025256    -0.000000
   3516.66   0.00000077     0.000000    -0.000000    -0.000878
   3620.31   0.00000004     0.000210     0.000000     0.000000
   3620.31   0.00000004    -0.000000     0.000210    -0.000000


$end

