
$orca_hessian_file

$act_atom
  0

$act_coord
  0

$act_energy
        0.000000

$multiplicity
  1

$hessian
12
                    0                  1                  2                  3                  4        
    0      6.8364232965E-01  -2.5810991677E-09  -2.2468979732E-09  -7.5843810454E-02   1.3608116709E-09
    1     -2.5810991677E-09   6.6578073949E-01   7.5224802100E-03   1.2622004988E-09  -3.6544784997E-01
    2     -2.2468979732E-09   7.5224802100E-03   2.7403448140E-01  -4.8959017991E-10   1.1810370879E-01
    3     -7.5843810454E-02   1.2622004988E-09  -4.8959017991E-10   7.2912596258E-02  -1.5280850020E-09
    4      1.3608116709E-09  -3.6544784997E-01   1.1810370879E-01  -1.5280850020E-09   4.0420226102E-01
    5     -8.0786903759E-10   1.7799848907E-01  -9.0844317781E-02   6.1828333181E-10  -1.3931663030E-01
    6     -3.0389925668E-01  -1.3258861143E-01  -1.0863287301E-01   1.4656072481E-03   1.7920831967E-03
    7     -1.3288591619E-01  -1.5016644554E-01  -6.2813094376E-02  -3.7477236409E-02  -1.9377205665E-02
    8     -1.6086394808E-01  -9.2760484677E-02  -9.1595081735E-02   1.6371392526E-02   1.0606460817E-02
    9     -3.0389926252E-01   1.3258861275E-01   1.0863287575E-01   1.4656069480E-03  -1.7920830294E-03
   10      1.3288591741E-01  -1.5016644397E-01  -6.2813094628E-02   3.7477236675E-02  -1.9377205381E-02
   11      1.6086395113E-01  -9.2760484599E-02  -9.1595081888E-02  -1.6371392655E-02   1.0606460688E-02
                    5                  6                  7                  8                  9        
    0     -8.0786903759E-10  -3.0389925668E-01  -1.3288591619E-01  -1.6086394808E-01  -3.0389926252E-01
    1      1.7799848907E-01  -1.3258861143E-01  -1.5016644554E-01  -9.2760484677E-02   1.3258861275E-01
    2     -9.0844317781E-02  -1.0863287301E-01  -6.2813094376E-02  -9.1595081735E-02   1.0863287575E-01
    3      6.1828333181E-10   1.4656072481E-03  -3.7477236409E-02   1.6371392526E-02   1.4656069480E-03
    4     -1.3931663030E-01   1.7920831967E-03  -1.9377205665E-02   1.0606460817E-02  -1.7920830294E-03
    5      8.4646455769E-02  -9.3877349442E-04  -1.9340929350E-02   3.0989309901E-03   9.3877368400E-04
    6     -9.3877349442E-04   3.3225603875E-01   1.5057984063E-01   1.2703210109E-01  -2.9822389316E-02
    7     -1.9340929350E-02   1.5057984063E-01   1.5775413533E-01   7.3255439896E-02   1.9783311971E-02
    8      3.0989309901E-03   1.2703210109E-01   7.3255439896E-02   8.5345376737E-02   1.7460454458E-02
    9      9.3877368400E-04  -2.9822389316E-02   1.9783311971E-02   1.7460454458E-02   3.3225604488E-01
   10     -1.9340929417E-02  -1.9783312388E-02   1.1789515871E-02   8.8985839643E-03  -1.5057984169E-01
   11      3.0989310218E-03  -1.7460454584E-02   8.8985838296E-03   3.1507740084E-03  -1.2703210389E-01
                   10                 11        
     0      1.3288591741E-01   1.6086395113E-01
     1     -1.5016644397E-01  -9.2760484599E-02
     2     -6.2813094628E-02  -9.1595081888E-02
     3      3.7477236675E-02  -1.6371392655E-02
     4     -1.9377205381E-02   1.0606460688E-02
     5     -1.9340929417E-02   3.0989310218E-03
     6     -1.9783312388E-02  -1.7460454584E-02
     7      1.1789515871E-02   8.8985838296E-03
     8      8.8985839643E-03   3.1507740084E-03
     9     -1.5057984169E-01  -1.2703210389E-01
    10      1.5775413348E-01   7.3255440081E-02
    11      7.3255440081E-02   8.5345376857E-02

$vibrational_frequencies
12
    0        0.0000000000000000
    1        0.0000000000000000
    2        0.0000000000000000
    3        0.0000000000000000
    4        0.0000000000000000
    5        0.0000000000000000
    6     1266.8401407055214349
    7     1818.9516614760502762
    8     1824.4709817651773847
    9     3536.8567377163744823
   10     3640.7272019959168574
   11     3676.7030880907796018

$normal_modes
12 12
                    0                  1                  2                  3                  4        
    0      0.0000000000E+00   0.0000000000E+00   0.0000000000E+00   0.0000000000E+00   0.0000000000E+00
    1      0.0000000000E+00   0.0000000000E+00   0.0000000000E+00   0.0000000000E+00   0.0000000000E+00
    2      0.0000000000E+00   0.0000000000E+00   0.0000000000E+00   0.0000000000E+00   0.0000000000E+00
    3      0.0000000000E+00   0.0000000000E+00   0.0000000000E+00   0.0000000000E+00   0.0000000000E+00
    4      0.0000000000E+00   0.0000000000E+00   0.0000000000E+00   0.0000000000E+00   0.0000000000E+00
    5      0.0000000000E+00   0.0000000000E+00   0.0000000000E+00   0.0000000000E+00   0.0000000000E+00
    6      0.0000000000E+00   0.0000000000E+00   0.0000000000E+00   0.0000000000E+00   0.0000000000E+00
    7      0.0000000000E+00   0.0000000000E+00   0.0000000000E+00   0.0000000000E+00   0.0000000000E+00
    8      0.0000000000E+00   0.0000000000E+00   0.0000000000E+00   0.0000000000E+00   0.0000000000E+00
    9      0.0000000000E+00   0.0000000000E+00   0.0000000000E+00   0.0000000000E+00   0.0000000000E+00
   10      0.0000000000E+00   0.0000000000E+00   0.0000000000E+00   0.0000000000E+00   0.0000000000E+00
   11      0.0000000000E+00   0.0000000000E+00   0.0000000000E+00   0.0000000000E+00   0.0000000000E+00
                    5                  6                  7                  8                  9        
    0      0.0000000000E+00   1.0910898339E-11   1.1993303832E-08  -6.3823735043E-02   3.7286853309E-09
    1      0.0000000000E+00  -9.5279975877E-05   6.4176605957E-02   1.1968884445E-08  -2.5127092740E-02
    2      0.0000000000E+00   1.0570057231E-01  -3.3046537795E-04  -1.7838549265E-10   3.6557444729E-02
    3      0.0000000000E+00   1.4884018892E-09  -1.4078443033E-07   7.3386944436E-01  -2.4512809200E-09
    4      0.0000000000E+00  -1.9579152611E-01   1.4199339599E-01   3.0893885435E-08   7.4929526471E-01
    5      0.0000000000E+00  -4.8747714321E-01   2.5006676030E-01   4.8606241091E-08  -2.6709412286E-01
    6      0.0000000000E+00   1.7358408182E-01   3.7942777302E-01   7.6460017028E-02  -3.3394568463E-01
    7      0.0000000000E+00   9.8557689933E-02  -5.1684274395E-01  -3.8213194500E-01  -2.0008533528E-01
    8      0.0000000000E+00  -4.9058181531E-01  -1.2273762057E-01   2.1602244463E-01  -1.2042392171E-01
    9      0.0000000000E+00  -1.7358408346E-01  -3.7942779887E-01   7.6459868568E-02   3.3394563527E-01
   10      0.0000000000E+00   9.8557689535E-02  -5.1684289406E-01   3.8213174781E-01  -2.0008530174E-01
   11      0.0000000000E+00  -4.9058181647E-01  -1.2273753802E-01  -2.1602249076E-01  -1.2042389732E-01
                   10                 11        
     0     -2.0164495933E-08   7.5809843818E-02
     1     -7.1326577032E-02  -1.7781404882E-08
     2     -1.3108749513E-02  -5.3399577227E-09
     3     -7.6832816735E-09   1.9568017428E-02
     4      5.0203106725E-01   1.0011309045E-07
     5     -2.1677859757E-01  -4.5761907802E-08
     6      4.5880432814E-01  -5.3644812943E-01
     7      2.4450277750E-01  -3.2090553839E-01
     8      1.9945814644E-01  -2.5542686497E-01
     9     -4.5880404029E-01  -5.3644841161E-01
    10      2.4450259978E-01   3.2090568534E-01
    11      1.9945800842E-01   2.5542698493E-01

#
# The atoms: label  mass x y z (in bohrs)
#
$atoms
4
 N     14.00307      0.000000000202    -0.000688426288     0.131741811083
 H      1.00783     -0.000000007851     1.772947330714    -0.612815737712
 H      1.00783     -1.526821536215    -0.881691055025    -0.608825565724
 H      1.00783      1.526821541261    -0.881691039717    -0.608825564393

$actual_temperature
  0.000000

$frequency_scale_factor
  1.000000

$dipole_derivatives
12
   -3.4343743737E-01    2.5177912017E-11   -2.6822325535E-10
    8.0280069082E-10   -3.3788371450E-01    3.9825530385E-04
    5.1674396950E-10   -3.0101358859E-03   -6.3605322487E-01
    1.7600445458E-01    5.6121898830E-10   -4.6854416973E-10
    3.6271237541E-10    5.0296464392E-02    8.9221138674E-02
   -6.9191955505E-10    1.7439271947E-01    2.1106596024E-01
    8.3716492001E-02   -5.2928383163E-02   -7.7466739664E-02
   -5.3922014509E-02    1.4379362456E-01   -4.4809697209E-02
   -1.4922607318E-01   -8.5691292340E-02    2.1249363213E-01
    8.3716490785E-02    5.2928382577E-02    7.7466740401E-02
    5.3922013344E-02    1.4379362554E-01   -4.4809696769E-02
    1.4922607336E-01   -8.5691291240E-02    2.1249363250E-01

#
# The IR spectrum
#  wavenumber T**2 TX TY TZ
#
$ir_spectrum
12
      0.00   0.00000000     0.000000     0.000000     0.000000
      0.00   0.00000000     0.000000     0.000000     0.000000
      0.00   0.00000000     0.000000     0.000000     0.000000
      0.00   0.00000000     0.000000     0.000000     0.000000
      0.00   0.00000000     0.000000     0.000000     0.000000
      0.00   0.00000000     0.000000     0.000000     0.000000
   1266.84   0.00886045     0.000000    -0.000240    -0.094130
   1818.95   0.00063671    -0.000000    -0.025232     0.000192
   1824.47   0.00065249     0.025544    -0.000000     0.000000
   3536.86   0.00000063    -0.000000    -0.000269     0.000745
   3640.73   0.00000002     0.000000    -0.000109    -0.000113
   3676.70   0.00000004    -0.000201    -0.000000    -0.000000


$end

