
$orca_hessian_file

$act_atom
  0

$act_coord
  0

$act_energy
        0.000000

$multiplicity
  1

$hessian
12
                    0                  1                  2                  3                  4        
    0      6.7476323697E-01   8.9830700098E-03   7.5741103491E-03  -7.4393527660E-02  -3.9987383852E-04
    1      8.9830700098E-03   6.7466103774E-01   4.9709620658E-05  -5.6424435524E-05  -3.7537316141E-01
    2      7.5741103491E-03   4.9709620658E-05   2.7403447214E-01  -9.5017164531E-05   1.2299296291E-01
    3     -7.4393527660E-02  -5.6424435524E-05  -9.5017164531E-05   7.1634253207E-02   3.1070532063E-04
    4     -3.9987383852E-04  -3.7537316141E-01   1.2299296291E-01   3.1070532063E-04   4.1403643552E-01
    5      1.1327015526E-04   1.8309598188E-01  -9.1346205053E-02  -8.5599789533E-05  -1.4416803579E-01
    6     -3.0628678281E-01  -1.3483868505E-01  -1.1029587564E-01   1.4378586817E-03   1.7929376776E-03
    7     -1.3466698178E-01  -1.5095468302E-01  -6.3625514996E-02  -3.7747215724E-02  -1.9460105329E-02
    8     -1.6245078154E-01  -9.3857406939E-02  -9.1776493653E-02   1.6453265933E-02   1.0696495294E-02
    9     -2.9408292649E-01   1.2591203948E-01   1.0281678246E-01   1.3214157714E-03  -1.7037691597E-03
   10      1.2608378561E-01  -1.4833319331E-01  -5.9417157534E-02   3.7492934839E-02  -1.9203168783E-02
   11      1.5476340103E-01  -8.9288284557E-02  -9.0911773439E-02  -1.6272648978E-02   1.0478577591E-02
                    5                  6                  7                  8                  9        
    0      1.1327015526E-04  -3.0628678281E-01  -1.3466698178E-01  -1.6245078154E-01  -2.9408292649E-01
    1      1.8309598188E-01  -1.3483868505E-01  -1.5095468302E-01  -9.3857406939E-02   1.2591203948E-01
    2     -9.1346205053E-02  -1.1029587564E-01  -6.3625514996E-02  -9.1776493653E-02   1.0281678246E-01
    3     -8.5599789533E-05   1.4378586817E-03  -3.7747215724E-02   1.6453265933E-02   1.3214157714E-03
    4     -1.4416803579E-01   1.7929376776E-03  -1.9460105329E-02   1.0696495294E-02  -1.7037691597E-03
    5      8.5113438229E-02  -1.0011836901E-03  -1.9515282758E-02   3.1460772589E-03   9.7351332437E-04
    6     -1.0011836901E-03   3.3453513461E-01   1.5260957795E-01   1.2855912965E-01  -2.9686210478E-02
    7     -1.9515282758E-02   1.5260957795E-01   1.5868066477E-01   7.4273877942E-02   1.9804619556E-02
    8      3.1460772589E-03   1.2855912965E-01   7.4273877942E-02   8.5514542494E-02   1.7438385956E-02
    9      9.7351332437E-04  -2.9686210478E-02   1.9804619556E-02   1.7438385956E-02   3.2244772120E-01
   10     -1.9412663323E-02  -1.9563830570E-02   1.1734123578E-02   8.8870337030E-03  -1.4401288988E-01
   11      3.0866895653E-03  -1.7262070314E-02   8.8669198119E-03   3.1158738999E-03  -1.2122868174E-01
                   10                 11        
     0      1.2608378561E-01   1.5476340103E-01
     1     -1.4833319331E-01  -8.9288284557E-02
     2     -5.9417157534E-02  -9.0911773439E-02
     3      3.7492934839E-02  -1.6272648978E-02
     4     -1.9203168783E-02   1.0478577591E-02
     5     -1.9412663323E-02   3.0866895653E-03
     6     -1.9563830570E-02  -1.7262070314E-02
     7      1.1734123578E-02   8.8669198119E-03
     8      8.8870337030E-03   3.1158738999E-03
     9     -1.4401288988E-01  -1.2122868174E-01
    10      1.5580223851E-01   6.9942787154E-02
    11      6.9942787154E-02   8.4709209974E-02

$vibrational_frequencies
12
    0        0.0000000000000000
    1        0.0000000000000000
    2        0.0000000000000000
    3        0.0000000000000000
    4        0.0000000000000000
    5        0.0000000000000000
    6     1266.8374921214863207
    7     1818.8780577116310724
    8     1824.5425872122614237
    9     3538.6059439061909870
   10     3634.5278020466089401
   11     3681.1581478764737767

$normal_modes
12 12
                    0                  1                  2                  3                  4        
    0      0.0000000000E+00   0.0000000000E+00   0.0000000000E+00   0.0000000000E+00   0.0000000000E+00
    1      0.0000000000E+00   0.0000000000E+00   0.0000000000E+00   0.0000000000E+00   0.0000000000E+00
    2      0.0000000000E+00   0.0000000000E+00   0.0000000000E+00   0.0000000000E+00   0.0000000000E+00
    3      0.0000000000E+00   0.0000000000E+00   0.0000000000E+00   0.0000000000E+00   0.0000000000E+00
    4      0.0000000000E+00   0.0000000000E+00   0.0000000000E+00   0.0000000000E+00   0.0000000000E+00
    5      0.0000000000E+00   0.0000000000E+00   0.0000000000E+00   0.0000000000E+00   0.0000000000E+00
    6      0.0000000000E+00   0.0000000000E+00   0.0000000000E+00   0.0000000000E+00   0.0000000000E+00
    7      0.0000000000E+00   0.0000000000E+00   0.0000000000E+00   0.0000000000E+00   0.0000000000E+00
    8      0.0000000000E+00   0.0000000000E+00   0.0000000000E+00   0.0000000000E+00   0.0000000000E+00
    9      0.0000000000E+00   0.0000000000E+00   0.0000000000E+00   0.0000000000E+00   0.0000000000E+00
   10      0.0000000000E+00   0.0000000000E+00   0.0000000000E+00   0.0000000000E+00   0.0000000000E+00
   11      0.0000000000E+00   0.0000000000E+00   0.0000000000E+00   0.0000000000E+00   0.0000000000E+00
                    5                  6                  7                  8                  9        
    0      0.0000000000E+00   8.8682242726E-05   4.4803378443E-02   4.5702767644E-02  -2.1578785691E-02
    1      0.0000000000E+00  -6.5649727108E-06  -4.5948362709E-02   4.4550710859E-02   4.4151418521E-03
    2      0.0000000000E+00  -1.0570053422E-01  -2.3057058451E-04  -2.5063102731E-04   3.7093540189E-02
    3      0.0000000000E+00   1.7306477252E-03  -5.1265765869E-01  -5.2757579899E-01  -6.0030780217E-03
    4      0.0000000000E+00   1.9832719021E-01  -1.0092214674E-01   1.0110352715E-01   4.7412258644E-01
    5      0.0000000000E+00   4.8951376789E-01  -1.7690011094E-01   1.7529840498E-01  -1.5462029606E-01
    6      0.0000000000E+00  -1.7327806778E-01  -3.2728884758E-01   2.1176689627E-01  -3.1346858520E-01
    7      0.0000000000E+00  -1.0097222880E-01   6.3578923798E-01  -8.8270040217E-02  -1.7598901245E-01
    8      0.0000000000E+00   4.9138404118E-01  -6.0193994111E-02  -2.4057562990E-01  -1.0765958122E-01
    9      0.0000000000E+00   1.7031523791E-01   2.1743267309E-01  -3.1920135904E-01   6.1929486993E-01
   10      0.0000000000E+00  -9.7263745374E-02   1.0355555437E-01  -6.3183666821E-01  -3.5947910136E-01
   11      0.0000000000E+00   4.8774243662E-01   2.4029773351E-01   6.8759580202E-02  -2.5311076270E-01
                   10                 11        
     0      4.4996230470E-02  -5.6944453343E-02
     1     -5.8361006931E-02  -4.8036560600E-02
     2      8.8547539383E-03  -7.3450497912E-03
     3      1.3104281128E-02  -1.4725301348E-02
     4      6.7818137567E-01   3.5757997812E-01
     5     -2.6806278686E-01  -1.5287075589E-01
     6     -1.7562582194E-01   6.9249815716E-01
     7     -1.2539292615E-01   3.9615203993E-01
     8     -7.9085058203E-02   3.1932543481E-01
     9     -4.6267184598E-01   1.1343332463E-01
    10      2.5809982264E-01  -8.6295219515E-02
    11      2.2411679232E-01  -6.4399984399E-02

#
# The atoms: label  mass x y z (in bohrs)
#
$atoms
4
 N     14.00307     -0.000688351392    -0.000000075842     0.131741796958
 H      1.00783     -0.000181897881     1.766389126091    -0.610155263685
 H      1.00783     -1.524866786834    -0.880275580785    -0.607851720908
 H      1.00783      1.534612880060    -0.886112491530    -0.612459686988

$actual_temperature
  0.000000

$frequency_scale_factor
  1.000000

$dipole_derivatives
12
   -3.4066048966E-01   -2.7771951541E-03    4.0587973985E-04
   -2.7772287740E-03   -3.4066089005E-01    7.5161327997E-06
   -3.0051853279E-03    5.6021663810E-06   -6.3605334805E-01
    1.7536645740E-01    1.3777782435E-03   -8.6354026584E-05
    2.3442547620E-04    5.1746860676E-02    8.9399381630E-02
    4.6076349712E-04    1.7285059592E-01    2.1202036664E-01
    8.3096703563E-02   -5.2830255177E-02   -7.7584947620E-02
   -5.2254233145E-02    1.4469947801E-01   -4.4745839945E-02
   -1.4841880890E-01   -8.5959628006E-02    2.1283864715E-01
    8.2197328703E-02    5.4229672087E-02    7.7265421906E-02
    5.4797036442E-02    1.4421455137E-01   -4.4661057818E-02
    1.5096323073E-01   -8.6896570077E-02    2.1119433426E-01

#
# The IR spectrum
#  wavenumber T**2 TX TY TZ
#
$ir_spectrum
12
      0.00   0.00000000     0.000000     0.000000     0.000000
      0.00   0.00000000     0.000000     0.000000     0.000000
      0.00   0.00000000     0.000000     0.000000     0.000000
      0.00   0.00000000     0.000000     0.000000     0.000000
      0.00   0.00000000     0.000000     0.000000     0.000000
      0.00   0.00000000     0.000000     0.000000     0.000000
   1266.84   0.00886046     0.000242     0.000002     0.094130
   1818.88   0.00063673    -0.017611     0.018071     0.000134
   1824.54   0.00065248    -0.018286    -0.017834     0.000149
   3538.61   0.00000061    -0.000217     0.000058     0.000748
   3634.53   0.00000003     0.000101    -0.000113     0.000082
   3681.16   0.00000005     0.000167     0.000150    -0.000034


$end

