
$orca_hessian_file

$act_atom
  0

$act_coord
  0

$act_energy
        0.000000

$multiplicity
  1

$hessian
12
                    0                  1                  2                  3                  4        
    0      6.7021078995E-01  -3.3445468617E-15   8.2121809353E-14  -7.4096780163E-02   1.2893698340E-09
    1     -3.3445468617E-15   6.7021199035E-01  -9.6808155568E-07   1.2893692375E-09  -3.7271180856E-01
    2      8.2121809353E-14  -9.6808155568E-07   2.7953170797E-01  -5.5008439301E-10   1.2356965469E-01
    3     -7.4096780163E-02   1.2893692375E-09  -5.5008439301E-10   7.1591171681E-02  -1.4811711341E-09
    4      1.2893698340E-09  -3.7271180856E-01   1.2356965469E-01  -1.4811711341E-09   4.1190666855E-01
    5     -8.0795119433E-10   1.8396118052E-01  -9.3177296046E-02   6.2614729309E-10  -1.4490749490E-01
    6     -2.9805700378E-01  -1.2930313424E-01  -1.0701372736E-01   1.2528044074E-03   1.6087411290E-03
    7     -1.2930308048E-01  -1.4875009201E-01  -6.1784343781E-02  -3.7722482955E-02  -1.9597430160E-02
    8     -1.5931428857E-01  -9.1980106921E-02  -9.3177205963E-02   1.6387908255E-02   1.0668920188E-02
    9     -2.9805700601E-01   1.2930313295E-01   1.0701372791E-01   1.2528040752E-03  -1.6087409372E-03
   10      1.2930307919E-01  -1.4875008978E-01  -6.1784342828E-02   3.7722483147E-02  -1.9597429828E-02
   11      1.5931428938E-01  -9.1980105522E-02  -9.3177205963E-02  -1.6387908331E-02   1.0668920022E-02
                    5                  6                  7                  8                  9        
    0     -8.0795119433E-10  -2.9805700378E-01  -1.2930308048E-01  -1.5931428857E-01  -2.9805700601E-01
    1      1.8396118052E-01  -1.2930313424E-01  -1.4875009201E-01  -9.1980106921E-02   1.2930313295E-01
    2     -9.3177296046E-02  -1.0701372736E-01  -6.1784343781E-02  -9.3177205963E-02   1.0701372791E-01
    3      6.2614729309E-10   1.2528044074E-03  -3.7722482955E-02   1.6387908255E-02   1.2528040752E-03
    4     -1.4490749490E-01   1.6087411290E-03  -1.9597430160E-02   1.0668920188E-02  -1.6087409372E-03
    5      8.6630579552E-02  -1.0456117601E-03  -1.9526842804E-02   3.2733582471E-03   1.0456119420E-03
    6     -1.0456117601E-03   3.2682660519E-01   1.4735997846E-01   1.2549285977E-01  -3.0022405821E-02
    7     -1.9526842804E-02   1.4735997846E-01   1.5666958723E-01   7.2453252188E-02   1.9665584970E-02
    8      3.2733582471E-03   1.2549285977E-01   7.2453252188E-02   8.6630536871E-02   1.7433520546E-02
    9      1.0456119420E-03  -3.0022405821E-02   1.9665584970E-02   1.7433520546E-02   3.2682660776E-01
   10     -1.9526842821E-02  -1.9665585354E-02   1.1677934940E-02   8.8579345451E-03  -1.4735997698E-01
   11      3.2733582470E-03  -1.7433520652E-02   8.8579343962E-03   3.2733108453E-03  -1.2549286040E-01
                   10                 11        
     0      1.2930307919E-01   1.5931428938E-01
     1     -1.4875008978E-01  -9.1980105522E-02
     2     -6.1784342828E-02  -9.3177205963E-02
     3      3.7722483147E-02  -1.6387908331E-02
     4     -1.9597429828E-02   1.0668920022E-02
     5     -1.9526842821E-02   3.2733582470E-03
     6     -1.9665585354E-02  -1.7433520652E-02
     7      1.1677934940E-02   8.8579343962E-03
     8      8.8579345451E-03   3.2733108453E-03
     9     -1.4735997698E-01  -1.2549286040E-01
    10      1.5666958467E-01   7.2453251104E-02
    11      7.2453251104E-02   8.6630536871E-02

$vibrational_frequencies
12
    0        0.0000000000000000
    1        0.0000000000000000
    2        0.0000000000000000
    3        0.0000000000000000
    4        0.0000000000000000
    5        0.0000000000000000
    6     1281.0067615668453982
    7     1822.6614157266492384
    8     1822.6615747927974098
    9     3545.4577879156113340
   10     3647.2135474382826033
   11     3647.2187305905408721

$normal_modes
12 12
                    0                  1                  2                  3                  4        
    0      0.0000000000E+00   0.0000000000E+00   0.0000000000E+00   0.0000000000E+00   0.0000000000E+00
    1      0.0000000000E+00   0.0000000000E+00   0.0000000000E+00   0.0000000000E+00   0.0000000000E+00
    2      0.0000000000E+00   0.0000000000E+00   0.0000000000E+00   0.0000000000E+00   0.0000000000E+00
    3      0.0000000000E+00   0.0000000000E+00   0.0000000000E+00   0.0000000000E+00   0.0000000000E+00
    4      0.0000000000E+00   0.0000000000E+00   0.0000000000E+00   0.0000000000E+00   0.0000000000E+00
    5      0.0000000000E+00   0.0000000000E+00   0.0000000000E+00   0.0000000000E+00   0.0000000000E+00
    6      0.0000000000E+00   0.0000000000E+00   0.0000000000E+00   0.0000000000E+00   0.0000000000E+00
    7      0.0000000000E+00   0.0000000000E+00   0.0000000000E+00   0.0000000000E+00   0.0000000000E+00
    8      0.0000000000E+00   0.0000000000E+00   0.0000000000E+00   0.0000000000E+00   0.0000000000E+00
    9      0.0000000000E+00   0.0000000000E+00   0.0000000000E+00   0.0000000000E+00   0.0000000000E+00
   10      0.0000000000E+00   0.0000000000E+00   0.0000000000E+00   0.0000000000E+00   0.0000000000E+00
   11      0.0000000000E+00   0.0000000000E+00   0.0000000000E+00   0.0000000000E+00   0.0000000000E+00
                    5                  6                  7                  8                  9        
    0      0.0000000000E+00  -1.0893328908E-14   6.2652945382E-08   6.3727587677E-02   2.0341273717E-13
    1      0.0000000000E+00   2.0730930285E-08   6.3727576515E-02  -6.2652944815E-08  -3.0493229217E-06
    2      0.0000000000E+00  -1.0553864934E-01   4.7083023043E-08  -7.5963370428E-14  -3.9276932343E-02
    3      0.0000000000E+00  -8.9460969861E-10  -7.2610903397E-07  -7.3471103628E-01   2.4043946054E-09
    4      0.0000000000E+00   2.0058868004E-01   1.4440854311E-01  -1.4576077908E-07  -5.3895993053E-01
    5      0.0000000000E+00   4.8879686279E-01   2.5143256551E-01  -2.4831408929E-07   1.8189693354E-01
    6      0.0000000000E+00  -1.7371461239E-01   3.8066957555E-01  -7.5371571774E-02   4.6679163244E-01
    7      0.0000000000E+00  -1.0029448482E-01  -5.1493052887E-01   3.8067009959E-01   2.6950115152E-01
    8      0.0000000000E+00   4.8879704887E-01  -1.2571682490E-01  -2.1774662821E-01   1.8191526090E-01
    9      0.0000000000E+00   1.7371461329E-01  -3.8066971997E-01  -7.5370816713E-02  -4.6679163484E-01
   10      0.0000000000E+00  -1.0029448327E-01  -5.1493128393E-01  -3.8066908331E-01   2.6950114736E-01
   11      0.0000000000E+00   4.8879704887E-01  -1.2571639480E-01   2.1774687653E-01   1.8191526090E-01
                   10                 11        
     0     -7.5533995962E-02  -1.6991278440E-09
     1      1.6991210771E-09  -7.5533960788E-02
     2     -1.5860008243E-13   1.6188056280E-06
     3     -2.1022265129E-02  -3.6684530543E-09
     4     -1.9409135879E-08   7.2070765715E-01
     5      8.0339483028E-09  -2.9802139966E-01
     6      5.3525902101E-01   3.2114995536E-01
     7      3.2116852269E-01   1.6439383549E-01
     8      2.5808745539E-01   1.4899946066E-01
     9      5.3525904099E-01  -3.2114992808E-01
    10     -3.2116852688E-01   1.6439381551E-01
    11     -2.5808746342E-01   1.4899944675E-01

#
# The atoms: label  mass x y z (in bohrs)
#
$atoms
4
 N     14.00307      0.000000000000    -0.000000077528     0.133370920562
 H      1.00783     -0.000000007866     1.763332033200    -0.617700443615
 H      1.00783     -1.527092309441    -0.881665484814    -0.617700920970
 H      1.00783      1.527092317307    -0.881665471190    -0.617700920970

$actual_temperature
  0.000000

$frequency_scale_factor
  1.000000

$dipole_derivatives
12
   -3.3908912344E-01   -1.9988620082E-10    2.3254138236E-13
    1.9909263628E-10   -3.3908968525E-01   -5.1697488316E-08
   -3.4652153180E-14    3.1897014442E-07   -6.2809090761E-01
    1.7559188531E-01    6.7129968952E-10   -3.7500856958E-10
    5.3776435963E-10    5.0467359256E-02    9.0227715677E-02
   -6.1760555794E-10    1.7492133587E-01    2.0936371447E-01
    8.1748619588E-02   -5.4180686693E-02   -7.8139534214E-02
   -5.4180246124E-02    1.4431116247E-01   -4.5113832315E-02
   -1.5148634263E-01   -8.7460827956E-02    2.0936359657E-01
    8.1748618542E-02    5.4180686222E-02    7.8139534589E-02
    5.4180245387E-02    1.4431116352E-01   -4.5113831665E-02
    1.5148634324E-01   -8.7460826886E-02    2.0936359657E-01

#
# The IR spectrum
#  wavenumber T**2 TX TY TZ
#
$ir_spectrum
12
      0.00   0.00000000     0.000000     0.000000     0.000000
      0.00   0.00000000     0.000000     0.000000     0.000000
      0.00   0.00000000     0.000000     0.000000     0.000000
      0.00   0.00000000     0.000000     0.000000     0.000000
      0.00   0.00000000     0.000000     0.000000     0.000000
      0.00   0.00000000     0.000000     0.000000     0.000000
   1281.01   0.00859218     0.000000    -0.000000     0.092694
   1822.66   0.00063100    -0.000000    -0.025120    -0.000000
   1822.66   0.00063100    -0.025120     0.000000     0.000000
   3545.46   0.00000082     0.000000    -0.000000    -0.000908
   3647.21   0.00000021    -0.000457     0.000000    -0.000000
   3647.22   0.00000021    -0.000000    -0.000458     0.000000


$end

