
$orca_hessian_file

$act_atom
  0

$act_coord
  0

$act_energy
        0.000000

$multiplicity
  1

$hessian
12
                    0                  1                  2                  3                  4        
    0      6.7900521480E-01  -1.0570710973E-13   4.1966430331E-14  -7.4691211467E-02   1.2924687084E-09
    1     -1.0570710973E-13   6.7900642765E-01  -9.5945848050E-07   1.2924483972E-09  -3.7798033748E-01
    2      4.1966430331E-14  -9.5945848050E-07   2.6848089768E-01  -5.4139450221E-10   1.2237148650E-01
    3     -7.4691211467E-02   1.2924483972E-09  -5.4139450221E-10   7.1680002682E-02  -1.4814536403E-09
    4      1.2924687084E-09  -3.7798033748E-01   1.2237148650E-01  -1.4814536403E-09   4.1611214322E-01
    5     -7.9287232148E-10   1.8216453037E-01  -8.9493689779E-02   6.1171817172E-10  -1.4337571882E-01
    6     -3.0215700055E-01  -1.3132707631E-01  -1.0597608987E-01   1.5056045561E-03   1.8846270290E-03
    7     -1.3132702124E-01  -1.5051304620E-01  -6.1185263988E-02  -3.7515597977E-02  -1.9065903031E-02
    8     -1.5775834923E-01  -9.1081786144E-02  -8.9493603948E-02   1.6331289580E-02   1.0502116244E-02
    9     -3.0215700279E-01   1.3132707502E-01   1.0597609041E-01   1.5056042288E-03  -1.8846268400E-03
   10      1.3132701994E-01  -1.5051304396E-01  -6.1185263051E-02   3.7515598166E-02  -1.9065902704E-02
   11      1.5775835003E-01  -9.1081784770E-02  -8.9493603948E-02  -1.6331289650E-02   1.0502116076E-02
                    5                  6                  7                  8                  9        
    0     -7.9287232148E-10  -3.0215700055E-01  -1.3132702124E-01  -1.5775834923E-01  -3.0215700279E-01
    1      1.8216453037E-01  -1.3132707631E-01  -1.5051304620E-01  -9.1081786144E-02   1.3132707502E-01
    2     -8.9493689779E-02  -1.0597608987E-01  -6.1185263988E-02  -8.9493603948E-02   1.0597609041E-01
    3      6.1171817172E-10   1.5056045561E-03  -3.7515597977E-02   1.6331289580E-02   1.5056042288E-03
    4     -1.4337571882E-01   1.8846270290E-03  -1.9065903031E-02   1.0502116244E-02  -1.8846268400E-03
    5      8.3584046583E-02  -9.2946440910E-04  -1.9394405766E-02   2.9548215978E-03   9.2946459026E-04
    6     -9.2946440910E-04   3.3000291237E-01   1.4914253444E-01   1.2416630702E-01  -2.9351516380E-02
    7     -1.9394405766E-02   1.4914253444E-01   1.5778757775E-01   7.1687368179E-02   1.9700084776E-02
    8      2.9548215978E-03   1.2416630702E-01   7.1687368179E-02   8.3584010297E-02   1.7260752633E-02
    9      9.2946459026E-04  -2.9351516380E-02   1.9700084776E-02   1.7260752633E-02   3.3000291494E-01
   10     -1.9394405789E-02  -1.9700085154E-02   1.1791371487E-02   8.8923017206E-03  -1.4914253296E-01
   11      2.9548215978E-03  -1.7260752744E-02   8.8923015754E-03   2.9547720532E-03  -1.2416630763E-01
                   10                 11        
     0      1.3132701994E-01   1.5775835003E-01
     1     -1.5051304396E-01  -9.1081784770E-02
     2     -6.1185263051E-02  -8.9493603948E-02
     3      3.7515598166E-02  -1.6331289650E-02
     4     -1.9065902704E-02   1.0502116076E-02
     5     -1.9394405789E-02   2.9548215978E-03
     6     -1.9700085154E-02  -1.7260752744E-02
     7      1.1791371487E-02   8.8923015754E-03
     8      8.8923017206E-03   2.9547720532E-03
     9     -1.4914253296E-01  -1.2416630763E-01
    10      1.5778757518E-01   7.1687367119E-02
    11      7.1687367119E-02   8.3584010297E-02

$vibrational_frequencies
12
    0        0.0000000000000000
    1        0.0000000000000000
    2        0.0000000000000000
    3        0.0000000000000000
    4        0.0000000000000000
    5        0.0000000000000000
    6     1252.9580385057768126
    7     1821.0234462387707026
    8     1821.0235947622331878
    9     3550.7336847257847694
   10     3658.1765267126938852
   11     3658.1817064472866150

$normal_modes
12 12
                    0                  1                  2                  3                  4        
    0      0.0000000000E+00   0.0000000000E+00   0.0000000000E+00   0.0000000000E+00   0.0000000000E+00
    1      0.0000000000E+00   0.0000000000E+00   0.0000000000E+00   0.0000000000E+00   0.0000000000E+00
    2      0.0000000000E+00   0.0000000000E+00   0.0000000000E+00   0.0000000000E+00   0.0000000000E+00
    3      0.0000000000E+00   0.0000000000E+00   0.0000000000E+00   0.0000000000E+00   0.0000000000E+00
    4      0.0000000000E+00   0.0000000000E+00   0.0000000000E+00   0.0000000000E+00   0.0000000000E+00
    5      0.0000000000E+00   0.0000000000E+00   0.0000000000E+00   0.0000000000E+00   0.0000000000E+00
    6      0.0000000000E+00   0.0000000000E+00   0.0000000000E+00   0.0000000000E+00   0.0000000000E+00
    7      0.0000000000E+00   0.0000000000E+00   0.0000000000E+00   0.0000000000E+00   0.0000000000E+00
    8      0.0000000000E+00   0.0000000000E+00   0.0000000000E+00   0.0000000000E+00   0.0000000000E+00
    9      0.0000000000E+00   0.0000000000E+00   0.0000000000E+00   0.0000000000E+00   0.0000000000E+00
   10      0.0000000000E+00   0.0000000000E+00   0.0000000000E+00   0.0000000000E+00   0.0000000000E+00
   11      0.0000000000E+00   0.0000000000E+00   0.0000000000E+00   0.0000000000E+00   0.0000000000E+00
                    5                  6                  7                  8                  9        
    0      0.0000000000E+00  -1.2314605931E-14   7.3898997149E-08   6.4268899682E-02  -2.0295631396E-13
    1      0.0000000000E+00  -1.7088922153E-08   6.4268890804E-02  -7.3898993703E-08  -2.8948221406E-06
    2      0.0000000000E+00   1.0586234363E-01   4.2834147931E-08  -6.3135993982E-14  -3.8395938869E-02
    3      0.0000000000E+00   8.7401973294E-10  -8.5065277357E-07  -7.3655362541E-01   2.4098289107E-09
    4      0.0000000000E+00  -1.9608942095E-01   1.4123701422E-01  -1.6613338558E-07  -5.4061456583E-01
    5      0.0000000000E+00  -4.9029602610E-01   2.4651883931E-01  -2.8455633176E-07   1.7781760461E-01
    6      0.0000000000E+00   1.6981814889E-01   3.8009410330E-01  -7.8210929267E-02   4.6822257898E-01
    7      0.0000000000E+00   9.8044829950E-02  -5.1710530684E-01   3.8009473946E-01   2.7032739584E-01
    8      0.0000000000E+00  -4.9029622810E-01  -1.2325996366E-01  -2.1349120286E-01   1.7783450941E-01
    9      0.0000000000E+00  -1.6981814976E-01  -3.8009427943E-01  -7.8210048705E-02  -4.6822258139E-01
   10      0.0000000000E+00   9.8044828436E-02  -5.1710618740E-01  -3.8009354655E-01   2.7032739166E-01
   11      0.0000000000E+00  -4.9029622810E-01  -1.2325947080E-01   2.1349148742E-01   1.7783450941E-01
                   10                 11        
     0     -7.5899548872E-02   3.6690127371E-09
     1     -3.6690194771E-09  -7.5899513713E-02
     2      1.5147464540E-13   1.4976991740E-06
     3     -2.0115363710E-02  -2.1888882586E-09
     4      3.1799324711E-08   7.2318569132E-01
     5     -1.2776384756E-08  -2.9113793488E-01
     6      5.3734515319E-01   3.2183173133E-01
     7      3.2184936031E-01   1.6569435578E-01
     8      2.5212668712E-01   1.4555855160E-01
     9      5.3734512756E-01  -3.2183178012E-01
    10     -3.2184934114E-01   1.6569438142E-01
    11     -2.5212667435E-01   1.4555857373E-01

#
# The atoms: label  mass x y z (in bohrs)
#
$atoms
4
 N     14.00307     -0.000000000000    -0.000000073753     0.130112673355
 H      1.00783     -0.000000007887     1.769446215190    -0.602610082217
 H      1.00783     -1.532387351240    -0.884722602053    -0.602610487694
 H      1.00783      1.532387359128    -0.884722588391    -0.602610487694

$actual_temperature
  0.000000

$frequency_scale_factor
  1.000000

$dipole_derivatives
12
   -3.4223876070E-01   -5.0447130700E-10    2.7659779082E-13
    5.0373418905E-10   -3.4223929857E-01   -5.5042164695E-08
    8.3456388835E-14    3.1929817874E-07   -6.4401597693E-01
    1.7512943245E-01    7.9426411591E-10   -4.1216635538E-10
    4.5776079146E-10    5.3029562111E-02    8.8558297744E-02
   -5.4729389425E-10    1.7077662516E-01    2.1467206036E-01
    8.3554664668E-02   -5.2870972276E-02   -7.6693771227E-02
   -5.2870537895E-02    1.4460486768E-01   -4.4279121708E-02
   -1.4789691300E-01   -8.5388472704E-02    2.1467195829E-01
    8.3554663584E-02    5.2870971986E-02    7.6693771639E-02
    5.2870536934E-02    1.4460486877E-01   -4.4279120994E-02
    1.4789691354E-01   -8.5388471756E-02    2.1467195829E-01

#
# The IR spectrum
#  wavenumber T**2 TX TY TZ
#
$ir_spectrum
12
      0.00   0.00000000     0.000000     0.000000     0.000000
      0.00   0.00000000     0.000000     0.000000     0.000000
      0.00   0.00000000     0.000000     0.000000     0.000000
      0.00   0.00000000     0.000000     0.000000     0.000000
      0.00   0.00000000     0.000000     0.000000     0.000000
      0.00   0.00000000     0.000000     0.000000     0.000000
   1252.96   0.00913469     0.000000     0.000000    -0.095576
   1821.02   0.00065816    -0.000000    -0.025655    -0.000000
   1821.02   0.00065816    -0.025655     0.000000     0.000000
   3550.73   0.00000033     0.000000     0.000000    -0.000571
   3658.18   0.00000022     0.000467     0.000000    -0.000000
   3658.18   0.00000022    -0.000000     0.000467     0.000000


$end

