
$orca_hessian_file

$act_atom
  0

$act_coord
  0

$act_energy
        0.000000

$multiplicity
  1

$hessian
12
                    0                  1                  2                  3                  4        
    0      6.8383725487E-01   2.2000457012E-13   2.7580021600E-13  -7.3665471521E-02   1.3147579328E-09
    1      2.2000457012E-13   6.8383773955E-01  -6.7438463772E-07   1.3147570727E-09  -3.8222685736E-01
    2      2.7580021600E-13  -6.7438463772E-07   2.7496396884E-01  -5.5948972829E-10   1.2613981711E-01
    3     -7.3665471521E-02   1.3147570727E-09  -5.5948972829E-10   7.0847960886E-02  -1.5073120070E-09
    4      1.3147579328E-09  -3.8222685736E-01   1.2613981711E-01  -1.5073120070E-09   4.2115626026E-01
    5     -8.1210392212E-10   1.8658417446E-01  -9.1654694833E-02   6.2816936364E-10  -1.4744501277E-01
    6     -3.0508589054E-01  -1.3361031008E-01  -1.0923980574E-01   1.4087554842E-03   1.7759739547E-03
    7     -1.3361026683E-01  -1.5080544224E-01  -6.3069571850E-02  -3.7929921374E-02  -1.9464701621E-02
    8     -1.6158613378E-01  -9.3291750743E-02  -9.1654637006E-02   1.6446688974E-02   1.0652597912E-02
    9     -3.0508589281E-01   1.3361030877E-01   1.0923980630E-01   1.4087551507E-03  -1.7759737621E-03
   10      1.3361026552E-01  -1.5080543996E-01  -6.3069570881E-02   3.7929921567E-02  -1.9464701287E-02
   11      1.6158613459E-01  -9.3291749336E-02  -9.1654637005E-02  -1.6446689043E-02   1.0652597740E-02
                    5                  6                  7                  8                  9        
    0     -8.1210392212E-10  -3.0508589054E-01  -1.3361026683E-01  -1.6158613378E-01  -3.0508589281E-01
    1      1.8658417446E-01  -1.3361031008E-01  -1.5080544224E-01  -9.3291750743E-02   1.3361030877E-01
    2     -9.1654694833E-02  -1.0923980574E-01  -6.3069571850E-02  -9.1654637006E-02   1.0923980630E-01
    3      6.2816936364E-10   1.4087554842E-03  -3.7929921374E-02   1.6446688974E-02   1.4087551507E-03
    4     -1.4744501277E-01   1.7759739547E-03  -1.9464701621E-02   1.0652597912E-02  -1.7759737621E-03
    5      8.5296361291E-02  -1.0020833055E-03  -1.9569580835E-02   3.1791667710E-03   1.0020834895E-03
    6     -1.0020833055E-03   3.3357842419E-01   1.5168726236E-01   1.2769066698E-01  -2.9901289140E-02
    7     -1.9569580835E-02   1.5168726236E-01   1.5842465062E-01   7.3722150996E-02   1.9852925846E-02
    8      3.1791667710E-03   1.2769066698E-01   7.3722150996E-02   8.5296350405E-02   1.7448777824E-02
    9      1.0020834895E-03  -2.9901289140E-02   1.9852925846E-02   1.7448777824E-02   3.3357842680E-01
   10     -1.9569580862E-02  -1.9852926231E-02   1.1845493238E-02   8.9170018341E-03  -1.5168726085E-01
   11      3.1791667709E-03  -1.7448777939E-02   8.9170016883E-03   3.1791198297E-03  -1.2769066761E-01
                   10                 11        
     0      1.3361026552E-01   1.6158613459E-01
     1     -1.5080543996E-01  -9.3291749336E-02
     2     -6.3069570881E-02  -9.1654637005E-02
     3      3.7929921567E-02  -1.6446689043E-02
     4     -1.9464701287E-02   1.0652597740E-02
     5     -1.9569580862E-02   3.1791667709E-03
     6     -1.9852926231E-02  -1.7448777939E-02
     7      1.1845493238E-02   8.9170016883E-03
     8      8.9170018341E-03   3.1791198297E-03
     9     -1.5168726085E-01  -1.2769066761E-01
    10      1.5842464801E-01   7.3722149908E-02
    11      7.3722149908E-02   8.5296350405E-02

$vibrational_frequencies
12
    0        0.0000000000000000
    1        0.0000000000000000
    2        0.0000000000000000
    3        0.0000000000000000
    4        0.0000000000000000
    5        0.0000000000000000
    6     1256.1070428191512747
    7     1818.4230792701241626
    8     1818.4234560472029898
    9     3579.9941477906295404
   10     3685.6163114116102406
   11     3685.6196072572074627

$normal_modes
12 12
                    0                  1                  2                  3                  4        
    0      0.0000000000E+00   0.0000000000E+00   0.0000000000E+00   0.0000000000E+00   0.0000000000E+00
    1      0.0000000000E+00   0.0000000000E+00   0.0000000000E+00   0.0000000000E+00   0.0000000000E+00
    2      0.0000000000E+00   0.0000000000E+00   0.0000000000E+00   0.0000000000E+00   0.0000000000E+00
    3      0.0000000000E+00   0.0000000000E+00   0.0000000000E+00   0.0000000000E+00   0.0000000000E+00
    4      0.0000000000E+00   0.0000000000E+00   0.0000000000E+00   0.0000000000E+00   0.0000000000E+00
    5      0.0000000000E+00   0.0000000000E+00   0.0000000000E+00   0.0000000000E+00   0.0000000000E+00
    6      0.0000000000E+00   0.0000000000E+00   0.0000000000E+00   0.0000000000E+00   0.0000000000E+00
    7      0.0000000000E+00   0.0000000000E+00   0.0000000000E+00   0.0000000000E+00   0.0000000000E+00
    8      0.0000000000E+00   0.0000000000E+00   0.0000000000E+00   0.0000000000E+00   0.0000000000E+00
    9      0.0000000000E+00   0.0000000000E+00   0.0000000000E+00   0.0000000000E+00   0.0000000000E+00
   10      0.0000000000E+00   0.0000000000E+00   0.0000000000E+00   0.0000000000E+00   0.0000000000E+00
   11      0.0000000000E+00   0.0000000000E+00   0.0000000000E+00   0.0000000000E+00   0.0000000000E+00
                    5                  6                  7                  8                  9        
    0      0.0000000000E+00  -1.6877929348E-14   8.9099544641E-09   6.3990680992E-02   6.7534397632E-13
    1      0.0000000000E+00  -2.2707879630E-08   6.3990685748E-02  -8.9099735614E-09  -2.0148374988E-06
    2      0.0000000000E+00   1.0566147267E-01   3.1857909896E-08  -1.2975427748E-14  -3.8945309275E-02
    3      0.0000000000E+00   8.8698085308E-10  -1.0616109735E-07  -7.3563052424E-01   2.4066691119E-09
    4      0.0000000000E+00  -1.9889496879E-01   1.4289099557E-01  -2.3628875484E-08  -5.3959707883E-01
    5      0.0000000000E+00  -4.8936562401E-01   2.4897994550E-01  -3.5777909293E-08   1.8036524053E-01
    6      0.0000000000E+00   1.7224798313E-01   3.8041066733E-01  -7.6739261808E-02   4.6733044639E-01
    7      0.0000000000E+00   9.9447642919E-02  -5.1599994235E-01   3.8041081261E-01   2.6981253893E-01
    8      0.0000000000E+00  -4.8936594341E-01  -1.2449022505E-01  -2.1562268170E-01   1.8037726387E-01
    9      0.0000000000E+00  -1.7224798402E-01  -3.8041068497E-01  -7.6739149407E-02  -4.6733044880E-01
   10      0.0000000000E+00   9.9447641382E-02  -5.1600005475E-01  -3.8041066518E-01   2.6981253476E-01
   11      0.0000000000E+00  -4.8936594341E-01  -1.2449016309E-01   2.1562271747E-01   1.8037726388E-01
                   10                 11        
     0     -7.5721958599E-02   1.4658495482E-08
     1      1.4658474204E-08   7.5721915382E-02
     2     -5.7865036693E-13  -1.0610477312E-06
     3     -2.0505778323E-02   7.1242391136E-09
     4     -1.4291191658E-07  -7.2192487856E-01
     5      5.8350975618E-08   2.9462972197E-01
     6      5.3630653199E-01  -3.2146311123E-01
     7      3.2147511299E-01  -1.6509103324E-01
     8      2.5515241047E-01  -1.4730754023E-01
     9      5.3630666191E-01   3.2146290044E-01
    10     -3.2147517375E-01  -1.6509090331E-01
    11     -2.5515246881E-01  -1.4730743917E-01

#
# The atoms: label  mass x y z (in bohrs)
#
$atoms
4
 N     14.00307     -0.000000000000    -0.000000103028     0.131384078436
 H      1.00783     -0.000000007855     1.761417474810    -0.608498614840
 H      1.00783     -1.525433909251    -0.880708028453    -0.608498895144
 H      1.00783      1.525433917107    -0.880708014847    -0.608498895145

$actual_temperature
  0.000000

$frequency_scale_factor
  1.000000

$dipole_derivatives
12
   -3.4358813534E-01   -4.8917776033E-10    2.8113962707E-13
    4.8831669666E-10   -3.4358846283E-01   -3.6616570388E-08
   -4.4685043970E-14    1.9820609954E-07   -6.3912263309E-01
    1.7599507377E-01    7.9117124998E-10   -4.1516257894E-10
    4.6482941126E-10    5.3063402616E-02    8.9446132173E-02
   -5.3503987154E-10    1.7279984365E-01    2.1304091311E-01
    8.3796531333E-02   -5.3231092545E-02   -7.7462668750E-02
   -5.3230694563E-02    1.4526252956E-01   -4.4723048138E-02
   -1.4964900145E-01   -8.6400021393E-02    2.1304085999E-01
    8.3796530245E-02    5.3231092243E-02    7.7462669165E-02
    5.3230693610E-02    1.4526253065E-01   -4.4723047418E-02
    1.4964900199E-01   -8.6400020466E-02    2.1304085999E-01

#
# The IR spectrum
#  wavenumber T**2 TX TY TZ
#
$ir_spectrum
12
      0.00   0.00000000     0.000000     0.000000     0.000000
      0.00   0.00000000     0.000000     0.000000     0.000000
      0.00   0.00000000     0.000000     0.000000     0.000000
      0.00   0.00000000     0.000000     0.000000     0.000000
      0.00   0.00000000     0.000000     0.000000     0.000000
      0.00   0.00000000     0.000000     0.000000     0.000000
   1256.11   0.00901321     0.000000     0.000000    -0.094938
   1818.42   0.00065145    -0.000000    -0.025524    -0.000000
   1818.42   0.00065145    -0.025524     0.000000    -0.000000
   3579.99   0.00000036     0.000000    -0.000000    -0.000600
   3685.62   0.00000005     0.000217    -0.000000    -0.000000
   3685.62   0.00000005    -0.000000    -0.000217    -0.000000


$end

