
$orca_hessian_file

$act_atom
  0

$act_coord
  0

$act_energy
        0.000000

$multiplicity
  1

$hessian
9
                    0                  1                  2                  3                  4        
    0      6.9715110893E-01  -1.5432100042E-14   7.4798024147E-17  -3.4857555447E-01   2.7007333801E-01
    1     -1.5432100042E-14   5.1683358512E-01  -7.5702658923E-17   2.0781498403E-01  -2.5841679256E-01
    2      7.4798024147E-17  -7.5702658923E-17   2.4843817595E-02  -6.7230961753E-17  -7.1200728152E-18
    3     -3.4857555447E-01   2.0781498403E-01  -6.7230961753E-17   3.8539587348E-01  -2.3894416102E-01
    4      2.7007333801E-01  -2.5841679256E-01  -7.1200728152E-18  -2.3894416102E-01   2.4157591580E-01
    5     -1.1443117441E-16   5.0899049163E-17  -1.2421908798E-02   1.4973774157E-16   2.1558950824E-18
    6     -3.4857555447E-01  -2.0781498403E-01  -7.5671050624E-18  -3.6820319013E-02  -3.1129176992E-02
    7     -2.7007333801E-01  -2.5841679256E-01   4.6686004614E-17   3.1129176992E-02   1.6840876765E-02
    8      3.9633192937E-17   6.0940336884E-17  -1.2421908798E-02  -6.2329498142E-17  -1.3104182502E-17
                    5                  6                  7                  8        
     0     -1.1443117441E-16  -3.4857555447E-01  -2.7007333801E-01   3.9633192937E-17
     1      5.0899049163E-17  -2.0781498403E-01  -2.5841679256E-01   6.0940336884E-17
     2     -1.2421908798E-02  -7.5671050624E-18   4.6686004614E-17  -1.2421908798E-02
     3      1.4973774157E-16  -3.6820319013E-02   3.1129176992E-02  -6.2329498142E-17
     4      2.1558950824E-18  -3.1129176992E-02   1.6840876765E-02  -1.3104182502E-17
     5      1.0087001678E-02  -5.5483848834E-17  -3.4986584011E-17   2.3349071200E-03
     6     -5.5483848834E-17   3.8539587348E-01   2.3894416102E-01   4.2873629550E-17
     7     -3.4986584011E-17   2.3894416102E-01   2.4157591580E-01  -2.9767787492E-17
     8      2.3349071200E-03   4.2873629550E-17  -2.9767787492E-17   1.0087001678E-02

$vibrational_frequencies
9
    0        0.0000000000000000
    1        0.0000000000000000
    2        0.0000000000000000
    3        0.0000000000000000
    4        0.0000000000000000
    5        0.0000000000000000
    6     1821.3624066452052830
    7     3922.0268147991564547
    8     3990.0869875022403903

$normal_modes
9 9
                    0                  1                  2                  3                  4        
    0      0.0000000000E+00   0.0000000000E+00   0.0000000000E+00   0.0000000000E+00   0.0000000000E+00
    1      0.0000000000E+00   0.0000000000E+00   0.0000000000E+00   0.0000000000E+00   0.0000000000E+00
    2      0.0000000000E+00   0.0000000000E+00   0.0000000000E+00   0.0000000000E+00   0.0000000000E+00
    3      0.0000000000E+00   0.0000000000E+00   0.0000000000E+00   0.0000000000E+00   0.0000000000E+00
    4      0.0000000000E+00   0.0000000000E+00   0.0000000000E+00   0.0000000000E+00   0.0000000000E+00
    5      0.0000000000E+00   0.0000000000E+00   0.0000000000E+00   0.0000000000E+00   0.0000000000E+00
    6      0.0000000000E+00   0.0000000000E+00   0.0000000000E+00   0.0000000000E+00   0.0000000000E+00
    7      0.0000000000E+00   0.0000000000E+00   0.0000000000E+00   0.0000000000E+00   0.0000000000E+00
    8      0.0000000000E+00   0.0000000000E+00   0.0000000000E+00   0.0000000000E+00   0.0000000000E+00
                    5                  6                  7                  8        
     0      0.0000000000E+00   1.1558381019E-15   3.3565337667E-14  -6.6689026672E-02
     1      0.0000000000E+00   6.7053715267E-02   5.0007026698E-02   2.5731604203E-14
     2      0.0000000000E+00  -1.4805733344E-17  -4.9956519663E-18   2.4220963549E-17
     3      0.0000000000E+00  -4.2108573016E-01   5.6462790366E-01   5.2920162408E-01
     4      0.0000000000E+00  -5.3209556040E-01  -3.9682390139E-01  -4.2517239044E-01
     5      0.0000000000E+00   2.5092396453E-16   2.2254143069E-16   2.1698664077E-16
     6      0.0000000000E+00   4.2108573016E-01  -5.6462790367E-01   5.2920162408E-01
     7      0.0000000000E+00  -5.3209556040E-01  -3.9682390139E-01   4.2517239044E-01
     8      0.0000000000E+00   2.8092827337E-16   2.6264189024E-16   6.1639507093E-17

#
# The atoms: label  mass x y z (in bohrs)
#
$atoms
3
 O     15.99491      0.000000000000     0.126872506591    -0.000000000000
 H      1.00783      1.411028632027    -1.006779374193     0.000000000000
 H      1.00783     -1.411028632027    -1.006779374193     0.000000000000

$actual_temperature
  0.000000

$frequency_scale_factor
  1.000000

$dipole_derivatives
9
   -5.0275600155E-01    6.0353658682E-16    4.1982786952E-16
    1.9644802303E-14   -3.9214186177E-01   -4.9794066608E-17
   -2.6893709183E-16   -3.0949825730E-16   -7.6237325529E-01
    2.5137800078E-01    3.9643297552E-02   -4.5429451439E-16
    1.0429114569E-01    1.9607093089E-01   -1.3014193221E-17
    1.1526815553E-16   -8.0004713686E-16    3.8118662764E-01
    2.5137800078E-01   -3.9643297552E-02    3.4467177536E-17
   -1.0429114569E-01    1.9607093089E-01    6.2808248398E-17
    1.5366931244E-16    4.5939096904E-16    3.8118662764E-01

#
# The IR spectrum
#  wavenumber T**2 TX TY TZ
#
$ir_spectrum
9
      0.00   0.00000000     0.000000     0.000000     0.000000
      0.00   0.00000000     0.000000     0.000000     0.000000
      0.00   0.00000000     0.000000     0.000000     0.000000
      0.00   0.00000000     0.000000     0.000000     0.000000
      0.00   0.00000000     0.000000     0.000000     0.000000
      0.00   0.00000000     0.000000     0.000000     0.000000
   1821.36   0.00237992    -0.000000    -0.048784     0.000000
   3922.03   0.00026121    -0.000000    -0.016162    -0.000000
   3990.09   0.00067109     0.025905    -0.000000    -0.000000


$end

