
$orca_hessian_file

$act_atom
  0

$act_coord
  0

$act_energy
        0.000000

$multiplicity
  1

$hessian
9
                    0                  1                  2                  3                  4        
    0      6.8288649641E-01  -3.6637359813E-15  -1.9689351965E-17  -3.4144324820E-01   2.6294023762E-01
    1     -3.6637359813E-15   5.0881074644E-01   4.2622256461E-17   2.0128608894E-01  -2.5440537322E-01
    2     -1.9689351965E-17   4.2622256461E-17   2.8301698451E-02  -2.6951279193E-17  -4.9871311574E-17
    3     -3.4144324820E-01   2.0128608894E-01  -2.6951279193E-17   3.7781762522E-01  -2.3211316328E-01
    4      2.6294023762E-01  -2.5440537322E-01  -4.9871311574E-17  -2.3211316328E-01   2.3769883798E-01
    5     -4.8647520408E-17   4.3097437146E-17  -1.4150849225E-02   7.7163721223E-17   2.6539482035E-17
    6     -3.4144324820E-01  -2.0128608894E-01   4.6640583003E-17  -3.6374377013E-02  -3.0827074337E-02
    7     -2.6294023762E-01  -2.5440537322E-01  -4.8140356782E-17   3.0827074337E-02   1.6706535235E-02
    8      6.8336920527E-17  -3.0330281711E-17  -1.4150849225E-02  -1.9340384656E-17  -4.3628645367E-18
                    5                  6                  7                  8        
     0     -4.8647520408E-17  -3.4144324820E-01  -2.6294023762E-01   6.8336920527E-17
     1      4.3097437146E-17  -2.0128608894E-01  -2.5440537322E-01  -3.0330281711E-17
     2     -1.4150849225E-02   4.6640583003E-17  -4.8140356782E-17  -1.4150849225E-02
     3      7.7163721223E-17  -3.6374377013E-02   3.0827074337E-02  -1.9340384656E-17
     4      2.6539482035E-17  -3.0827074337E-02   1.6706535235E-02  -4.3628645367E-18
     5      1.1951083660E-02  -5.9388258188E-17  -4.1942225105E-17   2.1997655650E-03
     6     -5.9388258188E-17   3.7781762522E-01   2.3211316328E-01  -1.8124430343E-17
     7     -4.1942225105E-17   2.3211316328E-01   2.3769883798E-01   6.2387864067E-17
     8      2.1997655650E-03  -1.8124430343E-17   6.2387864067E-17   1.1951083660E-02

$vibrational_frequencies
9
    0        0.0000000000000000
    1        0.0000000000000000
    2        0.0000000000000000
    3        0.0000000000000000
    4        0.0000000000000000
    5        0.0000000000000000
    6     1827.6116840593483630
    7     3876.9407709021356823
    8     3944.6389831491005680

$normal_modes
9 9
                    0                  1                  2                  3                  4        
    0      0.0000000000E+00   0.0000000000E+00   0.0000000000E+00   0.0000000000E+00   0.0000000000E+00
    1      0.0000000000E+00   0.0000000000E+00   0.0000000000E+00   0.0000000000E+00   0.0000000000E+00
    2      0.0000000000E+00   0.0000000000E+00   0.0000000000E+00   0.0000000000E+00   0.0000000000E+00
    3      0.0000000000E+00   0.0000000000E+00   0.0000000000E+00   0.0000000000E+00   0.0000000000E+00
    4      0.0000000000E+00   0.0000000000E+00   0.0000000000E+00   0.0000000000E+00   0.0000000000E+00
    5      0.0000000000E+00   0.0000000000E+00   0.0000000000E+00   0.0000000000E+00   0.0000000000E+00
    6      0.0000000000E+00   0.0000000000E+00   0.0000000000E+00   0.0000000000E+00   0.0000000000E+00
    7      0.0000000000E+00   0.0000000000E+00   0.0000000000E+00   0.0000000000E+00   0.0000000000E+00
    8      0.0000000000E+00   0.0000000000E+00   0.0000000000E+00   0.0000000000E+00   0.0000000000E+00
                    5                  6                  7                  8        
     0      0.0000000000E+00  -1.0194115213E-15  -1.6187386348E-14   6.6690299809E-02
     1      0.0000000000E+00  -6.7086794151E-02  -4.9962641050E-02  -1.2564867185E-14
     2      0.0000000000E+00   7.1063413544E-17   1.1360946372E-17  -4.4691088605E-17
     3      0.0000000000E+00   4.2071197943E-01  -5.6490644545E-01  -5.2921172688E-01
     4      0.0000000000E+00   5.3235805335E-01   3.9647168517E-01   4.2515823072E-01
     5      0.0000000000E+00   5.3665249539E-17   4.5445631996E-17   5.3115669711E-18
     6      0.0000000000E+00  -4.2071197943E-01   5.6490644545E-01  -5.2921172688E-01
     7      0.0000000000E+00   5.3235805335E-01   3.9647168517E-01  -4.2515823072E-01
     8      0.0000000000E+00  -8.0508990363E-17  -8.1033899219E-17   4.2778151189E-17

#
# The atoms: label  mass x y z (in bohrs)
#
$atoms
3
 O     15.99491      0.000000000000     0.127310591062    -0.000000000000
 H      1.00783      1.415975031224    -1.010255733429     0.000000000000
 H      1.00783     -1.415975031224    -1.010255733429     0.000000000000

$actual_temperature
  0.000000

$frequency_scale_factor
  1.000000

$dipole_derivatives
9
   -5.0051567827E-01    3.7239012786E-15    8.8071899256E-17
    5.9798440669E-15   -3.9083455804E-01    2.6186129977E-17
    6.0204683852E-16   -6.2191903814E-16   -7.6075050906E-01
    2.5025783913E-01    4.0048689780E-02   -6.0188336468E-16
    1.0453375593E-01    1.9541727902E-01   -1.9053049634E-17
   -5.4914095181E-16   -5.1025019097E-16    3.8037525453E-01
    2.5025783913E-01   -4.0048689780E-02    5.1381190911E-16
   -1.0453375593E-01    1.9541727902E-01   -7.1331886149E-18
   -5.2905255189E-17    1.1920484467E-16    3.8037525453E-01

#
# The IR spectrum
#  wavenumber T**2 TX TY TZ
#
$ir_spectrum
9
      0.00   0.00000000     0.000000     0.000000     0.000000
      0.00   0.00000000     0.000000     0.000000     0.000000
      0.00   0.00000000     0.000000     0.000000     0.000000
      0.00   0.00000000     0.000000     0.000000     0.000000
      0.00   0.00000000     0.000000     0.000000     0.000000
      0.00   0.00000000     0.000000     0.000000     0.000000
   1827.61   0.00236549     0.000000     0.048636    -0.000000
   3876.94   0.00025934     0.000000     0.016104     0.000000
   3944.64   0.00066899    -0.025865     0.000000     0.000000


$end

