
$orca_hessian_file

$act_atom
  0

$act_coord
  0

$act_energy
        0.000000

$multiplicity
  1

$hessian
9
                    0                  1                  2                  3                  4        
    0      6.9728806882E-01   1.4608322883E-02  -4.2485653323E-18  -3.4150930007E-01   2.6285156633E-01
    1      1.4608322883E-02   5.1691561458E-01  -1.5272583044E-16   2.0059210293E-01  -2.5416400257E-01
    2     -4.2485653323E-18  -1.5272583044E-16   2.4783897419E-02  -5.1971448401E-18   1.1622324550E-16
    3     -3.4150930007E-01   2.0059210293E-01  -5.1971448401E-18   3.7832914036E-01  -2.3188462716E-01
    4      2.6285156633E-01  -2.5416400257E-01   1.1622324550E-16  -2.3188462716E-01   2.3732344639E-01
    5     -1.8311061005E-17   8.5463711177E-17  -1.4331976427E-02   2.7894052655E-17  -8.0607460215E-17
    6     -3.5577876875E-01  -2.1520042581E-01   9.3706684501E-18  -3.6819840291E-02  -3.0966939172E-02
    7     -2.7745988922E-01  -2.6275161200E-01   3.0394315507E-17   3.1292524231E-02   1.6840556186E-02
    8      2.2634668060E-17   7.3370388689E-17  -1.0451920992E-02  -1.9323836267E-17  -3.8638602244E-17
                    5                  6                  7                  8        
     0     -1.8311061005E-17  -3.5577876875E-01  -2.7745988922E-01   2.2634668060E-17
     1      8.5463711177E-17  -2.1520042581E-01  -2.6275161200E-01   7.3370388689E-17
     2     -1.4331976427E-02   9.3706684501E-18   3.0394315507E-17  -1.0451920992E-02
     3      2.7894052655E-17  -3.6819840291E-02   3.1292524231E-02  -1.9323836267E-17
     4     -8.0607460215E-17  -3.0966939172E-02   1.6840556186E-02  -3.8638602244E-17
     5      1.1997375292E-02  -1.2956063199E-17  -1.8334340027E-18   2.3346011346E-03
     6     -1.2956063199E-17   3.9259860904E-01   2.4616736499E-01   1.3728147755E-19
     7     -1.8334340027E-18   2.4616736499E-01   2.4591105581E-01  -3.1646333974E-17
     8      2.3346011346E-03   1.3728147755E-19  -3.1646333974E-17   8.1173198575E-03

$vibrational_frequencies
9
    0        0.0000000000000000
    1        0.0000000000000000
    2        0.0000000000000000
    3        0.0000000000000000
    4        0.0000000000000000
    5        0.0000000000000000
    6     1821.0357136359864398
    7     3899.3257321687888179
    8     4013.2368821254931390

$normal_modes
9 9
                    0                  1                  2                  3                  4        
    0      0.0000000000E+00   0.0000000000E+00   0.0000000000E+00   0.0000000000E+00   0.0000000000E+00
    1      0.0000000000E+00   0.0000000000E+00   0.0000000000E+00   0.0000000000E+00   0.0000000000E+00
    2      0.0000000000E+00   0.0000000000E+00   0.0000000000E+00   0.0000000000E+00   0.0000000000E+00
    3      0.0000000000E+00   0.0000000000E+00   0.0000000000E+00   0.0000000000E+00   0.0000000000E+00
    4      0.0000000000E+00   0.0000000000E+00   0.0000000000E+00   0.0000000000E+00   0.0000000000E+00
    5      0.0000000000E+00   0.0000000000E+00   0.0000000000E+00   0.0000000000E+00   0.0000000000E+00
    6      0.0000000000E+00   0.0000000000E+00   0.0000000000E+00   0.0000000000E+00   0.0000000000E+00
    7      0.0000000000E+00   0.0000000000E+00   0.0000000000E+00   0.0000000000E+00   0.0000000000E+00
    8      0.0000000000E+00   0.0000000000E+00   0.0000000000E+00   0.0000000000E+00   0.0000000000E+00
                    5                  6                  7                  8        
     0      0.0000000000E+00  -3.5822162868E-04  -2.9908242652E-02  -5.9605582271E-02
     1      0.0000000000E+00   6.7055620420E-02   4.4609932720E-02  -2.2590873875E-02
     2      0.0000000000E+00  -8.9110885269E-18   9.0336454097E-18   1.6345943640E-17
     3      0.0000000000E+00  -4.1821009113E-01   7.4253155999E-01   2.2079256500E-01
     4      0.0000000000E+00  -5.3134076286E-01  -5.4468444090E-01  -2.0074987110E-01
     5      0.0000000000E+00   8.9770657225E-17   9.2314175523E-17   2.0664289861E-17
     6      0.0000000000E+00   4.2389532833E-01  -2.6786604531E-01   7.2519128020E-01
     7      0.0000000000E+00  -5.3288059410E-01  -1.6330756388E-01   5.5928343324E-01
     8      0.0000000000E+00   9.7402865838E-17   5.0523089829E-17  -5.6990447048E-17

#
# The atoms: label  mass x y z (in bohrs)
#
$atoms
3
 O     15.99491     -0.000581414914     0.126872506591    -0.000000000000
 H      1.00783      1.415642370333    -1.010447599963     0.000000000000
 H      1.00783     -1.406414893721    -1.003111148423     0.000000000000

$actual_temperature
  0.000000

$frequency_scale_factor
  1.000000

$dipole_derivatives
9
   -5.0275463631E-01    9.5781113741E-05    1.7977816634E-16
   -3.3932543425E-03   -3.9213104455E-01   -4.6806430698E-16
    1.6480772676E-16    4.4882610452E-16   -7.6237790174E-01
    2.5137102016E-01    3.9596846848E-02   -3.0104938145E-16
    1.0598201191E-01    1.9593346649E-01    3.2773979875E-16
    1.9232532626E-16   -2.4899284651E-16    3.8043989120E-01
    2.5138361615E-01   -3.9692627962E-02    1.2127121325E-16
   -1.0258875757E-01    1.9619757805E-01    1.4032450497E-16
   -3.5568475616E-16   -3.0972074193E-16    3.8193801054E-01

#
# The IR spectrum
#  wavenumber T**2 TX TY TZ
#
$ir_spectrum
9
      0.00   0.00000000     0.000000     0.000000     0.000000
      0.00   0.00000000     0.000000     0.000000     0.000000
      0.00   0.00000000     0.000000     0.000000     0.000000
      0.00   0.00000000     0.000000     0.000000     0.000000
      0.00   0.00000000     0.000000     0.000000     0.000000
      0.00   0.00000000     0.000000     0.000000     0.000000
   1821.04   0.00238034    -0.000047    -0.048789    -0.000000
   3899.33   0.00034272     0.011583    -0.014441    -0.000000
   4013.24   0.00058951     0.023172     0.007251     0.000000


$end

