
$orca_hessian_file

$act_atom
  0

$act_coord
  0

$act_energy
        0.000000

$multiplicity
  1

$hessian
9
                    0                  1                  2                  3                  4        
    0      7.1170129042E-01  -2.9962143877E-14  -1.2429444789E-16  -3.5585064521E-01   2.7736613789E-01
    1     -2.9962143877E-14   5.2500340061E-01  -2.3119373058E-17   2.1449518645E-01  -2.6250170030E-01
    2     -1.2429444789E-16  -2.3119373058E-17   2.1276089667E-02   8.5914631104E-18   5.7363345804E-19
    3     -3.5585064521E-01   2.1449518645E-01   8.5914631104E-18   3.9312007808E-01  -2.4593066217E-01
    4      2.7736613789E-01  -2.6250170030E-01   5.7363345804E-19  -2.4593066217E-01   2.4552376484E-01
    5     -1.0229360450E-17   2.2877049715E-17  -1.0638044833E-02   4.6824811893E-17  -7.2833252665E-18
    6     -3.5585064521E-01  -2.1449518645E-01   1.1570296770E-16  -3.7269432868E-02  -3.1435475722E-02
    7     -2.7736613789E-01  -2.6250170030E-01   1.6935547404E-17   3.1435475722E-02   1.6977935469E-02
    8      1.3452382542E-16   5.8525155385E-18  -1.0638044833E-02  -5.2278237432E-17   3.9046035495E-18
                    5                  6                  7                  8        
     0     -1.0229360450E-17  -3.5585064521E-01  -2.7736613789E-01   1.3452382542E-16
     1      2.2877049715E-17  -2.1449518645E-01  -2.6250170030E-01   5.8525155385E-18
     2     -1.0638044833E-02   1.1570296770E-16   1.6935547404E-17  -1.0638044833E-02
     3      4.6824811893E-17  -3.7269432868E-02   3.1435475722E-02  -5.2278237432E-17
     4     -7.2833252665E-18  -3.1435475722E-02   1.6977935469E-02   3.9046035495E-18
     5      8.1649869877E-03  -3.9733489015E-17  -1.2788636190E-17   2.4730578456E-03
     6     -3.9733489015E-17   3.9312007808E-01   2.4593066217E-01  -7.9107533339E-17
     7     -1.2788636190E-17   2.4593066217E-01   2.4552376484E-01  -6.9520151514E-18
     8      2.4730578456E-03  -7.9107533339E-17  -6.9520151514E-18   8.1649869877E-03

$vibrational_frequencies
9
    0        0.0000000000000000
    1        0.0000000000000000
    2        0.0000000000000000
    3        0.0000000000000000
    4        0.0000000000000000
    5        0.0000000000000000
    6     1814.7462428157994054
    7     3967.5247027138939302
    8     4035.9655424648954067

$normal_modes
9 9
                    0                  1                  2                  3                  4        
    0      0.0000000000E+00   0.0000000000E+00   0.0000000000E+00   0.0000000000E+00   0.0000000000E+00
    1      0.0000000000E+00   0.0000000000E+00   0.0000000000E+00   0.0000000000E+00   0.0000000000E+00
    2      0.0000000000E+00   0.0000000000E+00   0.0000000000E+00   0.0000000000E+00   0.0000000000E+00
    3      0.0000000000E+00   0.0000000000E+00   0.0000000000E+00   0.0000000000E+00   0.0000000000E+00
    4      0.0000000000E+00   0.0000000000E+00   0.0000000000E+00   0.0000000000E+00   0.0000000000E+00
    5      0.0000000000E+00   0.0000000000E+00   0.0000000000E+00   0.0000000000E+00   0.0000000000E+00
    6      0.0000000000E+00   0.0000000000E+00   0.0000000000E+00   0.0000000000E+00   0.0000000000E+00
    7      0.0000000000E+00   0.0000000000E+00   0.0000000000E+00   0.0000000000E+00   0.0000000000E+00
    8      0.0000000000E+00   0.0000000000E+00   0.0000000000E+00   0.0000000000E+00   0.0000000000E+00
                    5                  6                  7                  8        
     0      0.0000000000E+00  -1.5914427213E-15   7.5758506530E-14  -6.6687744585E-02
     1      0.0000000000E+00  -6.7021148697E-02   5.0050665106E-02   5.7869663929E-14
     2      0.0000000000E+00  -1.4733814956E-17   4.3317539010E-17  -3.8505214717E-17
     3      0.0000000000E+00   4.2145318874E-01   5.6435367585E-01   5.2919145025E-01
     4      0.0000000000E+00   5.3183713285E-01  -3.9717018799E-01  -4.2518664896E-01
     5      0.0000000000E+00  -6.5998560889E-17   8.2769976589E-17   1.5601193031E-16
     6      0.0000000000E+00  -4.2145318874E-01  -5.6435367585E-01   5.2919145025E-01
     7      0.0000000000E+00   5.3183713285E-01  -3.9717018799E-01   4.2518664895E-01
     8      0.0000000000E+00   1.5600090669E-17  -4.4079813463E-17  -1.5112950407E-16

#
# The atoms: label  mass x y z (in bohrs)
#
$atoms
3
 O     15.99491      0.000000000000     0.126434422119    -0.000000000000
 H      1.00783      1.406082232829    -1.003303014958     0.000000000000
 H      1.00783     -1.406082232829    -1.003303014958     0.000000000000

$actual_temperature
  0.000000

$frequency_scale_factor
  1.000000

$dipole_derivatives
9
   -5.0497942758E-01    5.5283181165E-15    5.9954660186E-16
    1.8503570090E-14   -3.9344709783E-01   -1.3141052728E-16
    1.5123006964E-15    2.0682969588E-16   -7.6399923182E-01
    2.5248971379E-01    3.9250649556E-02   -6.3525586084E-16
    1.0405663545E-01    1.9672354892E-01    5.7040382354E-16
   -6.6217710003E-16    5.8398817323E-17    3.8199961591E-01
    2.5248971379E-01   -3.9250649556E-02    3.5709211245E-17
   -1.0405663545E-01    1.9672354892E-01   -4.3899335884E-16
   -8.5012304370E-16   -3.6451133530E-16    3.8199961591E-01

#
# The IR spectrum
#  wavenumber T**2 TX TY TZ
#
$ir_spectrum
9
      0.00   0.00000000     0.000000     0.000000     0.000000
      0.00   0.00000000     0.000000     0.000000     0.000000
      0.00   0.00000000     0.000000     0.000000     0.000000
      0.00   0.00000000     0.000000     0.000000     0.000000
      0.00   0.00000000     0.000000     0.000000     0.000000
      0.00   0.00000000     0.000000     0.000000     0.000000
   1814.75   0.00239511     0.000000     0.048940    -0.000000
   3967.52   0.00026300    -0.000000    -0.016217    -0.000000
   4035.97   0.00067303     0.025943    -0.000000    -0.000000


$end

