
$orca_hessian_file

$act_atom
  0

$act_coord
  0

$act_energy
        0.000000

$multiplicity
  1

$hessian
9
                    0                  1                  2                  3                  4        
    0      6.9728806882E-01  -1.4608322883E-02   1.5248080564E-17  -3.5577876875E-01   2.7745988922E-01
    1     -1.4608322883E-02   5.1691561458E-01  -8.5923415619E-17   2.1520042581E-01  -2.6275161200E-01
    2      1.5248080564E-17  -8.5923415619E-17   2.4783897419E-02  -1.0507762221E-16   9.2372511587E-17
    3     -3.5577876875E-01   2.1520042581E-01  -1.0507762221E-16   3.9259860904E-01  -2.4616736499E-01
    4      2.7745988922E-01  -2.6275161200E-01   9.2372511587E-17  -2.4616736499E-01   2.4591105581E-01
    5     -1.1581768667E-16   8.8261176795E-17  -1.0451920992E-02   1.3217410939E-16  -8.0717933494E-17
    6     -3.4150930007E-01  -2.0059210293E-01   8.9855261759E-17  -3.6819840291E-02  -3.1292524231E-02
    7     -2.6285156633E-01  -2.5416400257E-01  -8.5425232944E-18   3.0966939172E-02   1.6840556186E-02
    8      1.0054388599E-16  -2.4433385018E-19  -1.4331976427E-02  -2.5914748214E-17  -1.2712025589E-17
                    5                  6                  7                  8        
     0     -1.1581768667E-16  -3.4150930007E-01  -2.6285156633E-01   1.0054388599E-16
     1      8.8261176795E-17  -2.0059210293E-01  -2.5416400257E-01  -2.4433385018E-19
     2     -1.0451920992E-02   8.9855261759E-17  -8.5425232944E-18  -1.4331976427E-02
     3      1.3217410939E-16  -3.6819840291E-02   3.0966939172E-02  -2.5914748214E-17
     4     -8.0717933494E-17  -3.1292524231E-02   1.6840556186E-02  -1.2712025589E-17
     5      8.1173198575E-03  -1.7538161701E-17  -6.4857958054E-18   2.3346011346E-03
     6     -1.7538161701E-17   3.7832914036E-01   2.3188462716E-01  -7.3473118915E-17
     7     -6.4857958054E-18   2.3188462716E-01   2.3732344639E-01   1.3992339269E-17
     8      2.3346011346E-03  -7.3473118915E-17   1.3992339269E-17   1.1997375292E-02

$vibrational_frequencies
9
    0        0.0000000000000000
    1        0.0000000000000000
    2        0.0000000000000000
    3        0.0000000000000000
    4        0.0000000000000000
    5        0.0000000000000000
    6     1821.0357136358932166
    7     3899.3257321687206058
    8     4013.2368821255367948

$normal_modes
9 9
                    0                  1                  2                  3                  4        
    0      0.0000000000E+00   0.0000000000E+00   0.0000000000E+00   0.0000000000E+00   0.0000000000E+00
    1      0.0000000000E+00   0.0000000000E+00   0.0000000000E+00   0.0000000000E+00   0.0000000000E+00
    2      0.0000000000E+00   0.0000000000E+00   0.0000000000E+00   0.0000000000E+00   0.0000000000E+00
    3      0.0000000000E+00   0.0000000000E+00   0.0000000000E+00   0.0000000000E+00   0.0000000000E+00
    4      0.0000000000E+00   0.0000000000E+00   0.0000000000E+00   0.0000000000E+00   0.0000000000E+00
    5      0.0000000000E+00   0.0000000000E+00   0.0000000000E+00   0.0000000000E+00   0.0000000000E+00
    6      0.0000000000E+00   0.0000000000E+00   0.0000000000E+00   0.0000000000E+00   0.0000000000E+00
    7      0.0000000000E+00   0.0000000000E+00   0.0000000000E+00   0.0000000000E+00   0.0000000000E+00
    8      0.0000000000E+00   0.0000000000E+00   0.0000000000E+00   0.0000000000E+00   0.0000000000E+00
                    5                  6                  7                  8        
     0      0.0000000000E+00   3.5822162868E-04  -2.9908242652E-02  -5.9605582271E-02
     1      0.0000000000E+00   6.7055620420E-02  -4.4609932720E-02   2.2590873875E-02
     2      0.0000000000E+00  -6.5272126693E-18   5.6704431253E-18  -2.1814092603E-18
     3      0.0000000000E+00  -4.2389532833E-01  -2.6786604531E-01   7.2519128020E-01
     4      0.0000000000E+00  -5.3288059410E-01   1.6330756388E-01  -5.5928343324E-01
     5      0.0000000000E+00   1.2775926331E-16  -3.9180230077E-17   1.2445489139E-16
     6      0.0000000000E+00   4.1821009113E-01   7.4253155999E-01   2.2079256499E-01
     7      0.0000000000E+00  -5.3134076286E-01   5.4468444090E-01   2.0074987110E-01
     8      0.0000000000E+00   1.2586220483E-16  -1.3276061780E-16  -3.2038249542E-17

#
# The atoms: label  mass x y z (in bohrs)
#
$atoms
3
 O     15.99491      0.000581414914     0.126872506591    -0.000000000000
 H      1.00783      1.406414893721    -1.003111148423     0.000000000000
 H      1.00783     -1.415642370333    -1.010447599963     0.000000000000

$actual_temperature
  0.000000

$frequency_scale_factor
  1.000000

$dipole_derivatives
9
   -5.0275463631E-01   -9.5781113750E-05    1.4695053240E-17
    3.3932543425E-03   -3.9213104455E-01   -6.8585353767E-17
    3.6624830167E-16   -3.1360736937E-16   -7.6237790174E-01
    2.5138361615E-01    3.9692627962E-02   -4.0549858934E-16
    1.0258875757E-01    1.9619757805E-01    9.9112854007E-18
   -3.8959170331E-16   -1.7639671506E-17    3.8193801054E-01
    2.5137102016E-01   -3.9596846848E-02    3.9080353551E-16
   -1.0598201191E-01    1.9593346649E-01    5.8674067428E-17
    2.2846994810E-17    2.9358638389E-16    3.8043989120E-01

#
# The IR spectrum
#  wavenumber T**2 TX TY TZ
#
$ir_spectrum
9
      0.00   0.00000000     0.000000     0.000000     0.000000
      0.00   0.00000000     0.000000     0.000000     0.000000
      0.00   0.00000000     0.000000     0.000000     0.000000
      0.00   0.00000000     0.000000     0.000000     0.000000
      0.00   0.00000000     0.000000     0.000000     0.000000
      0.00   0.00000000     0.000000     0.000000     0.000000
   1821.04   0.00238034     0.000047    -0.048789     0.000000
   3899.33   0.00034272     0.011583     0.014441     0.000000
   4013.24   0.00058951     0.023172    -0.007251    -0.000000


$end

