
$orca_hessian_file

$act_atom
  0

$act_coord
  0

$act_energy
        0.000000

$multiplicity
  1

$hessian
9
                    0                  1                  2                  3                  4        
    0      7.0353702883E-01  -3.0503377602E-14   4.4210787855E-17  -3.5176851441E-01   2.7029046955E-01
    1     -3.0503377602E-14   5.1386779294E-01  -9.4535724180E-17   2.0801110728E-01  -2.5693389647E-01
    2      4.4210787855E-17  -9.4535724180E-17   2.3487536666E-02  -6.3239262544E-17   8.3039420456E-17
    3     -3.5176851441E-01   2.0801110728E-01  -6.3239262544E-17   3.8760642687E-01  -2.3915078842E-01
    4      2.7029046955E-01  -2.5693389647E-01   8.3039420456E-17  -2.3915078842E-01   2.3999970257E-01
    5     -1.1644411942E-16   7.6374921240E-17  -1.1743768333E-02   1.3594223092E-16  -6.9771967133E-17
    6     -3.5176851441E-01  -2.0801110728E-01   1.9028491448E-17  -3.5837912454E-02  -3.1139681137E-02
    7     -2.7029046955E-01  -2.5693389647E-01   1.4009847850E-17   3.1139681137E-02   1.6934193899E-02
    8      7.2233314809E-17   1.5647258813E-17  -1.1743768333E-02  -7.4130432314E-17  -1.2010681736E-17
                    5                  6                  7                  8        
     0     -1.1644411942E-16  -3.5176851441E-01  -2.7029046955E-01   7.2233314809E-17
     1      7.6374921240E-17  -2.0801110728E-01  -2.5693389647E-01   1.5647258813E-17
     2     -1.1743768333E-02   1.9028491448E-17   1.4009847850E-17  -1.1743768333E-02
     3      1.3594223092E-16  -3.5837912454E-02   3.1139681137E-02  -7.4130432314E-17
     4     -6.9771967133E-17  -3.1139681137E-02   1.6934193899E-02  -1.2010681736E-17
     5      9.9757841471E-03  -1.8070647559E-17  -7.8597256945E-18   1.7679841860E-03
     6     -1.8070647559E-17   3.8760642687E-01   2.3915078842E-01   4.6963680841E-19
     7     -7.8597256945E-18   2.3915078842E-01   2.3999970257E-01  -4.8933496163E-18
     8      1.7679841860E-03   4.6963680841E-19  -4.8933496163E-18   9.9757841471E-03

$vibrational_frequencies
9
    0        0.0000000000000000
    1        0.0000000000000000
    2        0.0000000000000000
    3        0.0000000000000000
    4        0.0000000000000000
    5        0.0000000000000000
    6     1815.3253554761365649
    7     3923.3493533722853499
    8     3996.4527637882497402

$normal_modes
9 9
                    0                  1                  2                  3                  4        
    0      0.0000000000E+00   0.0000000000E+00   0.0000000000E+00   0.0000000000E+00   0.0000000000E+00
    1      0.0000000000E+00   0.0000000000E+00   0.0000000000E+00   0.0000000000E+00   0.0000000000E+00
    2      0.0000000000E+00   0.0000000000E+00   0.0000000000E+00   0.0000000000E+00   0.0000000000E+00
    3      0.0000000000E+00   0.0000000000E+00   0.0000000000E+00   0.0000000000E+00   0.0000000000E+00
    4      0.0000000000E+00   0.0000000000E+00   0.0000000000E+00   0.0000000000E+00   0.0000000000E+00
    5      0.0000000000E+00   0.0000000000E+00   0.0000000000E+00   0.0000000000E+00   0.0000000000E+00
    6      0.0000000000E+00   0.0000000000E+00   0.0000000000E+00   0.0000000000E+00   0.0000000000E+00
    7      0.0000000000E+00   0.0000000000E+00   0.0000000000E+00   0.0000000000E+00   0.0000000000E+00
    8      0.0000000000E+00   0.0000000000E+00   0.0000000000E+00   0.0000000000E+00   0.0000000000E+00
                    5                  6                  7                  8        
     0      0.0000000000E+00  -1.7945667012E-15   5.8861834258E-14   6.6946478940E-02
     1      0.0000000000E+00  -6.7197526798E-02   4.9813611016E-02  -4.5025680691E-14
     2      0.0000000000E+00   2.1962880857E-17   3.6830231075E-17  -3.4642493886E-17
     3      0.0000000000E+00   4.1945706737E-01   5.6583887316E-01  -5.3124460124E-01
     4      0.0000000000E+00   5.3323675708E-01  -3.9528907777E-01   4.2229383122E-01
     5      0.0000000000E+00  -7.0154654978E-17   1.5086974786E-17  -6.4919121884E-17
     6      0.0000000000E+00  -4.1945706737E-01  -5.6583887316E-01  -5.3124460124E-01
     7      0.0000000000E+00   5.3323675708E-01  -3.9528907778E-01  -4.2229383122E-01
     8      0.0000000000E+00  -1.7271906277E-16   9.0872370132E-17   1.0768345503E-16

#
# The atoms: label  mass x y z (in bohrs)
#
$atoms
3
 O     15.99491      0.000000000000     0.126010507580    -0.000000000000
 H      1.00783      1.416441836666    -0.999939099280     0.000000000000
 H      1.00783     -1.416441836666    -0.999939099280     0.000000000000

$actual_temperature
  0.000000

$frequency_scale_factor
  1.000000

$dipole_derivatives
9
   -5.0576213922E-01    2.4952039664E-15    1.5340929798E-16
    2.3251583941E-14   -3.9512477978E-01    2.4136929918E-16
    4.6645019579E-16    3.3342988201E-16   -7.6451169776E-01
    2.5288106961E-01    4.0242888970E-02   -3.7823578888E-16
    1.0284183846E-01    1.9756238989E-01   -8.0918444513E-17
   -6.5135612061E-17   -2.0863548779E-16    3.8225584888E-01
    2.5288106961E-01   -4.0242888970E-02    2.2482627561E-16
   -1.0284183846E-01    1.9756238989E-01   -1.6045081547E-16
   -4.0131472253E-16   -7.9927776002E-17    3.8225584888E-01

#
# The IR spectrum
#  wavenumber T**2 TX TY TZ
#
$ir_spectrum
9
      0.00   0.00000000     0.000000     0.000000     0.000000
      0.00   0.00000000     0.000000     0.000000     0.000000
      0.00   0.00000000     0.000000     0.000000     0.000000
      0.00   0.00000000     0.000000     0.000000     0.000000
      0.00   0.00000000     0.000000     0.000000     0.000000
      0.00   0.00000000     0.000000     0.000000     0.000000
   1815.33   0.00243557     0.000000     0.049351    -0.000000
   3923.35   0.00026063    -0.000000    -0.016144    -0.000000
   3996.45   0.00070073    -0.026471     0.000000     0.000000


$end

