
$orca_hessian_file

$act_atom
  0

$act_coord
  0

$act_energy
      -76.410450

$multiplicity
  1

$hessian
9
                    0                  1                  2                  3                  4        
    0      4.5516557371E-01  -4.3647641309E-07  -1.8208650000E-06  -2.2800095800E-01  -1.6694258826E-06
    1     -4.3647641309E-07  -3.0197028968E-04   4.2117829201E-07   8.9380028479E-08   1.4484331217E-04
    2     -1.8208650000E-06   4.2117829201E-07   6.6739885930E-01  -2.6167491972E-01   6.2762422088E-07
    3     -2.2800095800E-01   8.9380028479E-08  -2.6167491972E-01   2.1681988145E-01   5.4551577915E-08
    4     -1.6694258826E-06   1.4484331217E-04   6.2762422088E-07   5.4551577915E-08  -1.1747841556E-04
    5     -2.0144498440E-01   3.1545858013E-06  -3.3374837122E-01   2.3161395652E-01  -2.6907973558E-07
    6     -2.2716461571E-01   3.4709536910E-07   2.6167674058E-01   1.1181076546E-02   1.6148749387E-06
    7      2.1059033112E-06   1.5712697751E-04  -1.0488018141E-06  -1.4393224041E-07  -2.7364896607E-05
    8      2.0144680527E-01  -3.5757647921E-06  -3.3365048808E-01   3.0060963200E-02  -3.5854472912E-07
                    5                  6                  7                  8        
     0     -2.0144498440E-01  -2.2716461571E-01   2.1059033112E-06   2.0144680527E-01
     1      3.1545858013E-06   3.4709536910E-07   1.5712697751E-04  -3.5757647921E-06
     2     -3.3374837122E-01   2.6167674058E-01  -1.0488018141E-06  -3.3365048808E-01
     3      2.3161395652E-01   1.1181076546E-02  -1.4393224041E-07   3.0060963200E-02
     4     -2.6907973558E-07   1.6148749387E-06  -2.7364896607E-05  -3.5854472912E-07
     5      3.6578580444E-01  -3.0168972121E-02  -2.8855058219E-06  -3.2037433215E-02
     6     -3.0168972121E-02   2.1598353916E-01  -1.9619706893E-06  -2.3150776846E-01
     7     -2.8855058219E-06  -1.9619706893E-06  -1.2976208090E-04   3.9343085786E-06
     8     -3.2037433215E-02  -2.3150776846E-01   3.9343085786E-06   3.6568792129E-01

$vibrational_frequencies
9
    0        0.0000000000000000
    1        0.0000000000000000
    2        0.0000000000000000
    3        0.0000000000000000
    4        0.0000000000000000
    5        0.0000000000000000
    6     1634.0047230231778030
    7     3804.6563423797251744
    8     3902.5234826635191894

$normal_modes
9 9
                    0                  1                  2                  3                  4        
    0      0.0000000000E+00   0.0000000000E+00   0.0000000000E+00   0.0000000000E+00   0.0000000000E+00
    1      0.0000000000E+00   0.0000000000E+00   0.0000000000E+00   0.0000000000E+00   0.0000000000E+00
    2      0.0000000000E+00   0.0000000000E+00   0.0000000000E+00   0.0000000000E+00   0.0000000000E+00
    3      0.0000000000E+00   0.0000000000E+00   0.0000000000E+00   0.0000000000E+00   0.0000000000E+00
    4      0.0000000000E+00   0.0000000000E+00   0.0000000000E+00   0.0000000000E+00   0.0000000000E+00
    5      0.0000000000E+00   0.0000000000E+00   0.0000000000E+00   0.0000000000E+00   0.0000000000E+00
    6      0.0000000000E+00   0.0000000000E+00   0.0000000000E+00   0.0000000000E+00   0.0000000000E+00
    7      0.0000000000E+00   0.0000000000E+00   0.0000000000E+00   0.0000000000E+00   0.0000000000E+00
    8      0.0000000000E+00   0.0000000000E+00   0.0000000000E+00   0.0000000000E+00   0.0000000000E+00
                    5                  6                  7                  8        
     0      0.0000000000E+00   7.0540295056E-02  -5.0074547249E-02  -4.4591226913E-04
     1      0.0000000000E+00  -2.2970746410E-18  -2.0816155092E-18   4.4408416202E-17
     2      0.0000000000E+00  -2.2109190185E-05   5.7222279449E-04  -6.9949972400E-02
     3      0.0000000000E+00  -5.5967108595E-01   3.9383248043E-01   4.3868857522E-01
     4      0.0000000000E+00   3.6181214145E-17   1.3802787666E-17   6.0928211850E-17
     5      0.0000000000E+00   4.2927485396E-01   5.7923297541E-01   5.5992720790E-01
     6      0.0000000000E+00  -5.5994615671E-01   4.0095192576E-01  -4.3161104507E-01
     7      0.0000000000E+00   4.0404899088E-17   1.7692588798E-17   5.6663826575E-17
     8      0.0000000000E+00  -4.2892393636E-01  -5.8831530923E-01   5.5032041951E-01

#
# The atoms: label  mass x y z (in bohrs)
#
$atoms
3
 O     15.99900      0.207932918560     0.000000000000     0.000000005053
 H      1.00800      1.329583565046     0.000000000000     1.430897978356
 H      1.00800      1.329583565684     0.000000000000    -1.430897983410

$actual_temperature
  0.000000

$frequency_scale_factor
  1.000000

$dipole_derivatives
9
   -3.0018866171E-01   -1.1018823168E-07   -3.6549807631E-08
   -2.8193913870E-08   -7.2541608155E-01   -2.4874028424E-08
    5.8217420884E-07   -6.2327973942E-08   -4.2684175205E-01
    1.5557714015E-01    1.6619767058E-07   -1.1794256816E-01
    1.1355768548E-07    3.6280721931E-01    5.5994166049E-08
   -6.7050172113E-02    2.9807950847E-08    2.1317405691E-01
    1.4461152155E-01   -5.6009438890E-08    1.1794260471E-01
   -8.5363771607E-08    3.6260886224E-01   -3.1120137626E-08
    6.7049589939E-02    3.2520023094E-08    2.1366769514E-01

#
# The IR spectrum
#  wavenumber eps Int TX TY TZ
#
$ir_spectrum
9
      0.00   0.00000000   0.00000000     0.000000     0.000000     0.000000
      0.00   0.00000000   0.00000000     0.000000     0.000000     0.000000
      0.00   0.00000000   0.00000000     0.000000     0.000000     0.000000
      0.00   0.00000000   0.00000000     0.000000     0.000000     0.000000
      0.00   0.00000000   0.00000000     0.000000     0.000000     0.000000
      0.00   0.00000000   0.00000000     0.000000     0.000000     0.000000
   1634.00   0.01085051  54.83401917    -0.045522    -0.000000    -0.000030
   3804.66   0.00057910   2.92654156     0.006889     0.000000    -0.000201
   3902.52   0.00481253  24.32056260     0.000636     0.000000     0.019607


$end

