
$orca_hessian_file

$act_atom
  0

$act_coord
  0

$act_energy
        0.000000

$multiplicity
  1

$hessian
9
                    0                  1                  2                  3                  4        
    0      1.9439249481E-01   1.4081087648E-15   1.8779965215E-15  -9.7196247403E-02  -9.1387311267E-16
    1      1.4081087648E-15   1.9439249481E-01   6.7348777054E-17  -1.0774750130E-15  -9.7196247403E-02
    2      1.8779965215E-15   6.7348777054E-17   2.2190413739E+00  -2.0442553918E-09   2.0831338271E-09
    3     -9.7196247403E-02  -1.0774750130E-15  -2.0442553918E-09   4.8581223032E-02   1.0119153990E-15
    4     -9.1387311267E-16  -9.7196247403E-02   2.0831338271E-09   1.0119153990E-15   4.8581223032E-02
    5     -2.1365772786E-09   2.1978249891E-09  -1.1095206869E+00   2.0904163169E-09  -2.1404793849E-09
    6     -9.7196247403E-02  -5.1001076608E-16   2.0442538388E-09   4.8615024371E-02   1.2125197267E-17
    7     -3.1485863787E-16  -9.7196247403E-02  -2.0831337316E-09  -4.4607869605E-17   4.8615024371E-02
    8      2.1365750757E-09  -2.1978252193E-09  -1.1095206869E+00  -3.4794980008E-11   4.4904081004E-11
                    5                  6                  7                  8        
     0     -2.1365772786E-09  -9.7196247403E-02  -3.1485863787E-16   2.1365750757E-09
     1      2.1978249891E-09  -5.1001076608E-16  -9.7196247403E-02  -2.1978252193E-09
     2     -1.1095206869E+00   2.0442538388E-09  -2.0831337316E-09  -1.1095206869E+00
     3      2.0904163169E-09   4.8615024371E-02  -4.4607869605E-17  -3.4794980008E-11
     4     -2.1404793849E-09   1.2125197267E-17   4.8615024371E-02   4.4904081004E-11
     5      1.2559811592E+00   3.4795016763E-11  -4.4904127443E-11  -1.4646047223E-01
     6      3.4795016763E-11   4.8581223032E-02   4.2867603815E-16  -2.0904144756E-09
     7     -4.4904127443E-11   4.2867603815E-16   4.8581223032E-02   2.1404794987E-09
     8     -1.4646047223E-01  -2.0904144756E-09   2.1404794987E-09   1.2559811592E+00

$vibrational_frequencies
9
    0        0.0000000000000000
    1        0.0000000000000000
    2        0.0000000000000000
    3        0.0000000000000000
    4        0.0000000000000000
    5      766.9441674684990176
    6      766.9441674685184580
    7     1521.9494606697733161
    8     2591.2344096262158928

$normal_modes
9 9
                    0                  1                  2                  3                  4        
    0      0.0000000000E+00   0.0000000000E+00   0.0000000000E+00   0.0000000000E+00   0.0000000000E+00
    1      0.0000000000E+00   0.0000000000E+00   0.0000000000E+00   0.0000000000E+00   0.0000000000E+00
    2      0.0000000000E+00   0.0000000000E+00   0.0000000000E+00   0.0000000000E+00   0.0000000000E+00
    3      0.0000000000E+00   0.0000000000E+00   0.0000000000E+00   0.0000000000E+00   0.0000000000E+00
    4      0.0000000000E+00   0.0000000000E+00   0.0000000000E+00   0.0000000000E+00   0.0000000000E+00
    5      0.0000000000E+00   0.0000000000E+00   0.0000000000E+00   0.0000000000E+00   0.0000000000E+00
    6      0.0000000000E+00   0.0000000000E+00   0.0000000000E+00   0.0000000000E+00   0.0000000000E+00
    7      0.0000000000E+00   0.0000000000E+00   0.0000000000E+00   0.0000000000E+00   0.0000000000E+00
    8      0.0000000000E+00   0.0000000000E+00   0.0000000000E+00   0.0000000000E+00   0.0000000000E+00
                    5                  6                  7                  8        
     0     -8.7383657679E-01  -1.2869299297E-01  -3.8411045696E-09  -8.3507592017E-16
     1      1.2869299297E-01  -8.7383657679E-01   3.9508482340E-09  -1.4004259237E-16
     2      8.0519476950E-16   2.3300363904E-16   3.3314405459E-13  -8.8326227666E-01
     3      3.2800959822E-01   4.8307129774E-02   1.4418247074E-09   1.0610615409E-09
     4     -4.8307129774E-02   3.2800959822E-01  -1.4830188805E-09  -1.0701907273E-09
     5     -2.8218457237E-09   2.1597265977E-09   7.0710678119E-01   3.3154769689E-01
     6      3.2800959822E-01   4.8307129774E-02   1.4418247074E-09  -1.0610609139E-09
     7     -4.8307129774E-02   3.2800959822E-01  -1.4830188805E-09   1.0701908324E-09
     8      2.8218451192E-09  -2.1597267726E-09  -7.0710678119E-01   3.3154769689E-01

#
# The atoms: label  mass x y z (in bohrs)
#
$atoms
3
 C     12.01100     -0.000000004992     0.000000005035     0.000000000000
 O     15.99900      0.000000001874    -0.000000001890     2.145289704517
 O     15.99900      0.000000001874    -0.000000001890    -2.145289704518

$actual_temperature
  0.000000

$frequency_scale_factor
  1.000000

$dipole_derivatives
9
    7.8755601357E-01   -1.2926371805E-11   -5.5769843374E-15
    1.2940385592E-11    7.8755601357E-01   -4.2312321240E-15
    2.4832528397E-15   -7.2940927518E-16    3.0904458544E+00
   -3.9375216540E-01    6.4611522119E-12    6.9504640221E-11
   -6.4688582264E-12   -3.9375216540E-01   -7.4611052731E-10
    6.8869619335E-10   -4.1788294536E-10   -1.5451941115E+00
   -3.9375216540E-01    6.4619539102E-12   -6.9489889611E-11
   -6.4682131786E-12   -3.9375216540E-01    7.4611933526E-10
   -6.8869868099E-10    4.1788367598E-10   -1.5451941115E+00

#
# The IR spectrum
#  wavenumber eps Int TX TY TZ
#
$ir_spectrum
9
      0.00   0.00000000   0.00000000     0.000000     0.000000     0.000000
      0.00   0.00000000   0.00000000     0.000000     0.000000     0.000000
      0.00   0.00000000   0.00000000     0.000000     0.000000     0.000000
      0.00   0.00000000   0.00000000     0.000000     0.000000     0.000000
      0.00   0.00000000   0.00000000     0.000000     0.000000     0.000000
    766.94   0.01370055  69.23697485    -0.073867     0.010879     0.000000
    766.94   0.01370055  69.23697485    -0.010879    -0.073867     0.000000
   1521.95   0.00000000   0.00000000    -0.000000     0.000000     0.000000
   2591.23   0.21097383 1066.17524404    -0.000000     0.000000    -0.159398


$end

