
$orca_hessian_file

$act_atom
  0

$act_coord
  0

$act_energy
       -1.160272

$multiplicity
  1

$hessian
6
                    0                  1                  2                  3                  4        
<<<<<<< HEAD
    0      2.5574408566E-06   7.0978081052E-11  -2.6480465890E-14  -2.5574408566E-06  -7.0978081052E-11
    1      7.0978081052E-11   2.5574402677E-06  -2.6363330608E-14  -7.0978081052E-11  -2.5574402677E-06
    2     -2.6480465890E-14  -2.6363330608E-14   3.9186618396E-01   1.5378235643E-14   1.2485542800E-14
    3     -2.5574408566E-06  -7.0978081052E-11   1.5378235643E-14   2.5574408566E-06   7.0978081052E-11
    4     -7.0978081052E-11  -2.5574402677E-06   1.2485542800E-14   7.0978081052E-11   2.5574402677E-06
    5      3.7582696136E-14   4.0241118416E-14  -3.9186618396E-01  -2.6480465890E-14  -2.6363330608E-14
                    5        
     0      3.7582696136E-14
     1      4.0241118416E-14
     2     -3.9186618396E-01
     3     -2.6480465890E-14
     4     -2.6363330608E-14
     5      3.9186618396E-01
=======
    0      3.9187515528E-01   5.2311053062E-14  -1.6498873074E-14  -3.9187515528E-01  -5.0053783841E-15
    1      5.2311053062E-14   2.7063963921E-06   6.4310385032E-11  -9.9616727739E-14  -2.7063963921E-06
    2     -1.6498873074E-14   6.4310385032E-11   2.7063970456E-06  -1.4120567716E-14  -1.4179423409E-10
    3     -3.9187515528E-01  -9.9616727739E-14  -1.4120567716E-14   3.9187515528E-01   5.2311053062E-14
    4     -5.0053783841E-15  -2.7063963921E-06  -1.4179423409E-10   5.2311053062E-14   2.7063963921E-06
    5      4.7118313865E-14   1.3173464026E-11  -2.7063970456E-06  -1.6498873074E-14   6.4310385032E-11
                    5        
     0      4.7118313865E-14
     1      1.3173464026E-11
     2     -2.7063970456E-06
     3     -1.6498873074E-14
     4      6.4310385032E-11
     5      2.7063970456E-06
>>>>>>> 0c29d438a49df62ff2fa5bbfa969bdc702e9668e

$vibrational_frequencies
6
    0        0.0000000000000000
    1        0.0000000000000000
    2        0.0000000000000000
    3        0.0000000000000000
    4        0.0000000000000000
<<<<<<< HEAD
    5     4532.7094177036087785
=======
    5     4532.6791258957955506
>>>>>>> 0c29d438a49df62ff2fa5bbfa969bdc702e9668e

$normal_modes
6 6
                    0                  1                  2                  3                  4        
    0      0.0000000000E+00   0.0000000000E+00   0.0000000000E+00   0.0000000000E+00   0.0000000000E+00
    1      0.0000000000E+00   0.0000000000E+00   0.0000000000E+00   0.0000000000E+00   0.0000000000E+00
    2      0.0000000000E+00   0.0000000000E+00   0.0000000000E+00   0.0000000000E+00   0.0000000000E+00
    3      0.0000000000E+00   0.0000000000E+00   0.0000000000E+00   0.0000000000E+00   0.0000000000E+00
    4      0.0000000000E+00   0.0000000000E+00   0.0000000000E+00   0.0000000000E+00   0.0000000000E+00
    5      0.0000000000E+00   0.0000000000E+00   0.0000000000E+00   0.0000000000E+00   0.0000000000E+00
                    5        
<<<<<<< HEAD
     0      0.0000000000E+00
     1      0.0000000000E+00
     2     -7.0710678119E-01
     3      0.0000000000E+00
     4      0.0000000000E+00
     5      7.0710678119E-01
=======
     0     -7.0710678119E-01
     1      0.0000000000E+00
     2      0.0000000000E+00
     3      7.0710678119E-01
     4      0.0000000000E+00
     5      0.0000000000E+00
>>>>>>> 0c29d438a49df62ff2fa5bbfa969bdc702e9668e

#
# The atoms: label  mass x y z (in bohrs)
#
$atoms
2
<<<<<<< HEAD
 H      1.00800      0.000000000000     0.000000000000    -0.697646967579
 H      1.00800      0.000000000000     0.000000000000     0.697646967579
=======
 H      1.00800     -0.697647055017     0.000000000000     0.000000000000
 H      1.00800      0.697647055017     0.000000000000     0.000000000000
>>>>>>> 0c29d438a49df62ff2fa5bbfa969bdc702e9668e

$actual_temperature
  0.000000

$frequency_scale_factor
  1.000000

$dipole_derivatives
6
<<<<<<< HEAD
    7.3465539208E-14    4.4706880920E-14   -6.0919534258E-15
    1.7253472327E-14   -4.7357950894E-14    6.8287606523E-14
   -1.0056937660E-14    4.5678121221E-15    4.0332320816E-13
   -7.3465539208E-14   -4.4706880920E-14    6.0919534258E-15
   -1.7253472327E-14    4.7357950894E-14   -6.8287606523E-14
    1.0056937660E-14   -4.5678121221E-15   -4.0332320816E-13
=======
   -3.3549552025E-13   -2.6732697279E-14    1.0818566256E-14
   -4.8359957787E-14   -1.0668549377E-14   -1.4268378768E-13
   -4.0500497155E-13   -5.8458788247E-15   -1.0729264699E-13
   -5.4184087772E-13    1.5947341483E-14   -2.6551039652E-16
   -4.2426348893E-14    1.2316536679E-14   -4.5161692556E-15
    5.0339009412E-14    3.1958457542E-14    1.7815610098E-13
>>>>>>> 0c29d438a49df62ff2fa5bbfa969bdc702e9668e

#
# The IR spectrum
#  wavenumber eps Int TX TY TZ
#
$ir_spectrum
6
      0.00   0.00000000   0.00000000     0.000000     0.000000     0.000000
      0.00   0.00000000   0.00000000     0.000000     0.000000     0.000000
      0.00   0.00000000   0.00000000     0.000000     0.000000     0.000000
      0.00   0.00000000   0.00000000     0.000000     0.000000     0.000000
      0.00   0.00000000   0.00000000     0.000000     0.000000     0.000000
<<<<<<< HEAD
   4532.71   0.00000000   0.00000000     0.000000    -0.000000    -0.000000
=======
   4532.68   0.00000000   0.00000000    -0.000000     0.000000    -0.000000
>>>>>>> 0c29d438a49df62ff2fa5bbfa969bdc702e9668e


$end

