
$orca_hessian_file

$act_atom
  0

$act_coord
  0

$act_energy
      -40.379234

$multiplicity
  1

$hessian
15
                    0                  1                  2                  3                  4        
    0      1.1996542388E-01   2.2522199284E-02   1.3085988952E-01  -1.1492131425E-01  -2.0628843259E-02
    1      2.2522199284E-02   5.2865081737E-02   3.9860724049E-02  -2.0630308239E-02  -5.3454273355E-02
    2      1.3085988952E-01   3.9860724049E-02   2.7762119589E-01  -1.1989231864E-01  -3.6509026903E-02
    3     -1.1492131425E-01  -2.0630308239E-02  -1.1989231864E-01   5.7032598042E-01   7.6624450000E-07
    4     -2.0628843259E-02  -5.3454273355E-02  -3.6509026903E-02   7.6624450000E-07   5.7031394801E-01
    5     -1.1989299195E-01  -3.6511863383E-02  -2.5936865888E-01   1.6277459000E-05  -2.8431257000E-06
    6      2.8445502516E-03   1.4100342900E-02  -9.6220256605E-03  -5.7364784838E-02  -4.0949930849E-02
    7      1.6705758024E-03   4.9918959265E-03  -5.3058673070E-03  -4.0947376588E-02  -2.1165844938E-01
    8      7.3494781158E-03   2.1839708562E-02  -1.5387896435E-02   3.3716277042E-02   1.3544232239E-01
    9      5.1334769719E-03  -1.5753874870E-02  -6.0757191103E-03  -7.4272883408E-02   7.5473748881E-02
   10      1.0949552124E-03  -2.6917201987E-03   4.7794207632E-04   7.5472142022E-02  -2.5731498563E-01
   11      1.0878429400E-02  -2.4178118086E-02  -1.0031130134E-02   3.6426777041E-02  -1.0142718209E-01
   12     -1.3022136854E-02  -2.3835907547E-04   4.7301738841E-03  -3.2376699792E-01  -1.3895741014E-02
   13     -4.6588870384E-03  -1.7109841096E-03   1.4762280847E-03  -1.3895223443E-02  -4.7886239644E-02
   14     -2.9194805079E-02  -1.0104511419E-03   7.1664895574E-03   4.9732987096E-02   2.4967297236E-03
                    5                  6                  7                  8                  9        
    0     -1.1989299195E-01   2.8445502516E-03   1.6705758024E-03   7.3494781158E-03   5.1334769719E-03
    1     -3.6511863383E-02   1.4100342900E-02   4.9918959265E-03   2.1839708562E-02  -1.5753874870E-02
    2     -2.5936865888E-01  -9.6220256605E-03  -5.3058673070E-03  -1.5387896435E-02  -6.0757191103E-03
    3      1.6277459000E-05  -5.7364784838E-02  -4.0947376588E-02   3.3716277042E-02  -7.4272883408E-02
    4     -2.8431257000E-06  -4.0949930849E-02  -2.1165844938E-01   1.3544232239E-01   7.5473748881E-02
    5      5.7033860437E-01   3.3718215953E-02   1.3544158511E-01  -1.5870879761E-01   3.6428000244E-02
    6      3.3718215953E-02   5.7135255671E-02   4.4705205305E-02  -3.6811661902E-02   1.0398489949E-03
    7      1.3544158511E-01   4.4705205305E-02   2.2555148488E-01  -1.4783160135E-01  -6.4593681554E-03
    8     -1.5870879761E-01  -3.6811661902E-02  -1.4783160135E-01   1.6775617136E-01  -3.7382587345E-03
    9      3.6428000244E-02   1.0398489949E-03  -6.4593681554E-03  -3.7382587345E-03   7.5592923447E-02
   10     -1.0142828208E-01   7.9041667142E-03  -1.8527700729E-02  -1.2112501669E-02  -8.2394627132E-02
   11     -9.6118934479E-02  -7.8941270541E-03   1.8784126201E-02   9.9408732633E-03  -3.9776058162E-02
   12      4.9730498296E-02  -3.6548700797E-03   1.0309636361E-03  -5.1583452335E-04  -7.4933660059E-03
   13      2.5014034838E-03  -2.5759784070E-02  -3.5723069710E-04   2.6620720616E-03   2.9134121279E-02
   14     -5.6142213406E-02   2.0609598665E-02  -1.0882426567E-03  -3.6003505788E-03   1.3162035762E-02
                   10                 11                 12                 13                 14        
    0      1.0949552124E-03   1.0878429400E-02  -1.3022136854E-02  -4.6588870384E-03  -2.9194805079E-02
    1     -2.6917201987E-03  -2.4178118086E-02  -2.3835907547E-04  -1.7109841096E-03  -1.0104511419E-03
    2      4.7794207632E-04  -1.0031130134E-02   4.7301738841E-03   1.4762280847E-03   7.1664895574E-03
    3      7.5472142022E-02   3.6426777041E-02  -3.2376699792E-01  -1.3895223443E-02   4.9732987096E-02
    4     -2.5731498563E-01  -1.0142718209E-01  -1.3895741014E-02  -4.7886239644E-02   2.4967297236E-03
    5     -1.0142828208E-01  -9.6118934479E-02   4.9730498296E-02   2.5014034838E-03  -5.6142213406E-02
    6      7.9041667142E-03  -7.8941270541E-03  -3.6548700797E-03  -2.5759784070E-02   2.0609598665E-02
    7     -1.8527700729E-02   1.8784126201E-02   1.0309636361E-03  -3.5723069710E-04  -1.0882426567E-03
    8     -1.2112501669E-02   9.9408732633E-03  -5.1583452335E-04   2.6620720616E-03  -3.6003505788E-03
    9     -8.2394627132E-02  -3.9776058162E-02  -7.4933660059E-03   2.9134121279E-02   1.3162035762E-02
   10      2.7538320017E-01   1.1072597750E-01  -2.0766368189E-03   3.1512063895E-03   2.3368641765E-03
   11      1.1072597750E-01   9.9439853498E-02   3.6497877626E-04  -3.9048035197E-03  -3.2306621480E-03
   12     -2.0766368189E-03   3.6497877626E-04   3.4793737086E-01   1.5179773272E-02  -5.4309816439E-02
   13      3.1512063895E-03  -3.9048035197E-03   1.5179773272E-02   4.6803248061E-02  -2.7349001059E-03
   14      2.3368641765E-03  -3.2306621480E-03  -5.4309816439E-02  -2.7349001059E-03   5.5806736575E-02

$vibrational_frequencies
15
    0        0.0000000000000000
    1        0.0000000000000000
    2        0.0000000000000000
    3        0.0000000000000000
    4        0.0000000000000000
    5        0.0000000000000000
    6     1363.0146610384722408
    7     1363.2625577346582304
    8     1363.3610889449096248
    9     1579.5318491835671466
   10     1579.6139313143221443
   11     3076.2130235916129095
   12     3213.0048728853812463
   13     3213.0319688115546342
   14     3213.1138076092538540

$normal_modes
15 15
                    0                  1                  2                  3                  4        
    0      0.0000000000E+00   0.0000000000E+00   0.0000000000E+00   0.0000000000E+00   0.0000000000E+00
    1      0.0000000000E+00   0.0000000000E+00   0.0000000000E+00   0.0000000000E+00   0.0000000000E+00
    2      0.0000000000E+00   0.0000000000E+00   0.0000000000E+00   0.0000000000E+00   0.0000000000E+00
    3      0.0000000000E+00   0.0000000000E+00   0.0000000000E+00   0.0000000000E+00   0.0000000000E+00
    4      0.0000000000E+00   0.0000000000E+00   0.0000000000E+00   0.0000000000E+00   0.0000000000E+00
    5      0.0000000000E+00   0.0000000000E+00   0.0000000000E+00   0.0000000000E+00   0.0000000000E+00
    6      0.0000000000E+00   0.0000000000E+00   0.0000000000E+00   0.0000000000E+00   0.0000000000E+00
    7      0.0000000000E+00   0.0000000000E+00   0.0000000000E+00   0.0000000000E+00   0.0000000000E+00
    8      0.0000000000E+00   0.0000000000E+00   0.0000000000E+00   0.0000000000E+00   0.0000000000E+00
    9      0.0000000000E+00   0.0000000000E+00   0.0000000000E+00   0.0000000000E+00   0.0000000000E+00
   10      0.0000000000E+00   0.0000000000E+00   0.0000000000E+00   0.0000000000E+00   0.0000000000E+00
   11      0.0000000000E+00   0.0000000000E+00   0.0000000000E+00   0.0000000000E+00   0.0000000000E+00
   12      0.0000000000E+00   0.0000000000E+00   0.0000000000E+00   0.0000000000E+00   0.0000000000E+00
   13      0.0000000000E+00   0.0000000000E+00   0.0000000000E+00   0.0000000000E+00   0.0000000000E+00
   14      0.0000000000E+00   0.0000000000E+00   0.0000000000E+00   0.0000000000E+00   0.0000000000E+00
                    5                  6                  7                  8                  9        
    0      0.0000000000E+00   4.0078023002E-01   2.5387500530E-02   2.7663193998E-01  -2.1591120772E-01
    1      0.0000000000E+00   1.2624195958E-02  -5.4835327885E-01  -4.7061946912E-02   4.4617477383E-01
    2      0.0000000000E+00  -2.7764150887E-01   6.9049303994E-02  -6.1095455640E-02   4.5089474933E-02
    3      0.0000000000E+00  -1.1412964932E-01  -1.2245455570E-02  -1.1945908487E-03  -1.5388778468E-05
    4      0.0000000000E+00  -1.2184714416E-02   1.1096665218E-01   2.6764539020E-02   6.5859359292E-05
    5      0.0000000000E+00   1.7027561922E-03  -2.6736312092E-02   1.1162884997E-01  -5.4621706574E-05
    6      0.0000000000E+00   5.1932763415E-01   1.6312220185E-01  -4.6496533484E-02   4.8905197194E-01
    7      0.0000000000E+00  -7.6209031709E-02  -1.1943874961E-01  -3.4041711125E-01  -8.0065595671E-02
    8      0.0000000000E+00   1.0302482619E-01  -2.1471349549E-01  -3.6755916731E-01   5.0713567991E-02
    9      0.0000000000E+00   5.0930931636E-01  -9.1784502851E-02  -1.1393982834E-01  -3.4140906455E-01
   10      0.0000000000E+00   1.8092800905E-01  -1.1651279942E-01   2.0369733712E-01   5.0597099314E-02
   11      0.0000000000E+00   5.0553038033E-02   3.3310859573E-01  -3.8021601111E-01  -3.5866690457E-01
   12      0.0000000000E+00  -6.9485416646E-02   4.9187664417E-02  -1.0196122232E-01   6.8451668007E-02
   13      0.0000000000E+00   2.7845918818E-02  -5.3793769124E-01  -1.3513581683E-01  -4.1749103616E-01
   14      0.0000000000E+00   1.0377415593E-01   1.3113679074E-01  -5.2126241847E-01   2.6351471613E-01
                   10                 11                 12                 13                 14        
    0      3.7795280652E-01  -2.4248448841E-01  -1.6867214304E-01  -6.2269305386E-02  -3.5689880352E-01
    1      2.0785773538E-01  -7.3927375964E-02  -5.2065539245E-02  -1.1268016945E-03  -1.1118990305E-01
    2     -2.4922984068E-01  -4.2927895114E-01  -3.2900979846E-01  -1.0043649678E-01  -6.1739000212E-01
    3     -1.5650296900E-05   1.5154809453E-04   8.4992450428E-02  -2.1385166252E-02   8.1555127125E-03
    4     -1.1052469115E-05   4.2963176181E-05   2.2263744626E-02   8.4512904634E-02  -1.0393050370E-02
    5      3.9807332375E-05  -2.1159763988E-05  -5.3024745924E-03   1.2096216309E-02   8.7013581199E-02
    6      1.1609824994E-02  -9.4215849464E-02  -4.8319337426E-02  -9.8560835765E-02   1.1062949006E-01
    7      3.1471482557E-01  -3.7797779506E-01  -2.5661430822E-01  -3.6237039694E-01   4.3594530850E-01
    8      3.8563635602E-01   3.1129625086E-01   2.1387190512E-01   3.1447590130E-01  -3.4358194866E-01
    9     -3.2853010350E-01  -1.5332337984E-01  -1.0266258737E-02   2.4206490961E-01   7.3615553795E-02
   10     -2.5161366717E-01   4.2683103758E-01   7.9329797453E-02  -6.6907707050E-01  -2.0257563189E-01
   11      2.7676960257E-01   2.0613276141E-01   3.5141848600E-02  -3.2856625863E-01  -7.9685354910E-02
   12     -6.0846044176E-02   4.8821791993E-01  -7.8548464382E-01   1.7358391394E-01   7.5475323958E-02
   13     -2.7082719615E-01   2.4562198223E-02  -3.5937486395E-02   2.5545997751E-02   1.6604327862E-03
   14     -4.1365044913E-01  -8.7897928272E-02   1.4317860657E-01  -2.9607723352E-02   3.8317860652E-03

#
# The atoms: label  mass x y z (in bohrs)
#
$atoms
5
 H      1.00800      1.002236366616     0.305180983923     1.773773993628
 C     12.01100     -0.000023746575    -0.000024830554    -0.000052458767
 H      1.00800      0.388770969834     1.561734932397    -1.286096010522
 H      1.00800      0.633991524732    -1.765294114124    -0.852123077774
 H      1.00800     -2.025164087221    -0.101785944256     0.364119608209

$actual_temperature
  0.000000

$frequency_scale_factor
  1.000000

$dipole_derivatives
15
    2.1660239612E-02   -1.4688019569E-02   -8.5349822285E-02
   -1.4656046027E-02    6.5720195961E-02   -2.5935799314E-02
   -8.5359247238E-02   -2.5995638452E-02   -8.1172243316E-02
   -7.1294623069E-03    9.0625729562E-07    2.7756402734E-06
    1.5986190199E-06   -7.1296226891E-03   -1.5571083575E-08
    1.0179058023E-06    7.2975009526E-08   -7.1246766780E-03
    6.2932881096E-02   -2.9104418173E-02    2.3959690569E-02
   -2.9159657331E-02   -4.7215575309E-02    9.6430910859E-02
    2.4005794315E-02    9.6432110893E-02   -9.5124648268E-03
    5.0875798661E-02    5.3703841720E-02    2.5918087116E-02
    5.3743721621E-02   -7.9733662041E-02   -7.2222194918E-02
    2.5945819551E-02   -7.2244954756E-02    3.5280206893E-02
   -1.2833945706E-01   -9.9123102341E-03    3.5469268960E-02
   -9.9296168827E-03    6.8358664078E-02    1.7270989435E-03
    3.5406615467E-02    1.8084093406E-03    6.2529177928E-02

#
# The IR spectrum
#  wavenumber T**2 TX TY TZ
#
$ir_spectrum
15
      0.00   0.00000000     0.000000     0.000000     0.000000
      0.00   0.00000000     0.000000     0.000000     0.000000
      0.00   0.00000000     0.000000     0.000000     0.000000
      0.00   0.00000000     0.000000     0.000000     0.000000
      0.00   0.00000000     0.000000     0.000000     0.000000
      0.00   0.00000000     0.000000     0.000000     0.000000
   1363.01   0.00063959     0.025145     0.002673    -0.000401
   1363.26   0.00063098     0.002681    -0.024279     0.005858
   1363.36   0.00063043     0.000281    -0.005850    -0.024416
   1579.53   0.00000001    -0.000000     0.000109    -0.000051
   1579.61   0.00000001     0.000004     0.000067     0.000092
   3076.21   0.00000000    -0.000068    -0.000001     0.000018
   3213.00   0.00042251     0.019855     0.005170    -0.001255
   3213.03   0.00041699    -0.004988     0.019603     0.002802
   3213.11   0.00041669     0.001884    -0.002415     0.020182


$end

